dimension,birth,death
1,29.219566424632397,89.83653873008927
1,30.7226510303155,77.32249355738657
1,26.947956983683945,70.77958718066327
1,32.25102557108254,71.83856314512764
1,26.599213684231184,63.6106777452775
1,29.255761355719123,64.81649567562371
1,30.814290341767418,65.8673210378407
1,27.74127974571368,62.25814931734778
1,34.746834813211976,67.76433084255201
1,27.81487309175683,59.54169837342864
1,28.06941641110293,59.067133693505376
1,32.99356424831399,63.71613594724032
1,30.764143204322476,60.48094278474846
1,29.68600983803999,58.69390526716942
1,34.785120831965564,63.55668131616769
1,31.144040287354443,59.64131549266675
1,27.80045366131156,56.2711957794881
1,31.23711801481482,59.52038484574423
1,31.05159451843478,59.28866550475514
1,31.342134268345845,59.37031962552441
1,33.9819681324188,61.78517480937204
1,29.921217634266426,57.6685125869897
1,27.327460620033232,55.033565377758684
1,30.448839556063287,58.08627620620648
1,30.1317369071588,57.7618564724941
1,25.73412672316408,52.46465313694839
1,27.43806402345896,53.62093212582852
1,26.628794073034072,52.43945118430337
1,25.605718706858244,50.98733803129664
1,32.04719489434495,56.76030150861904
1,28.089744368419407,52.76262808520747
1,25.963693174256456,50.349900090877
1,28.931784853213387,53.057343421516435
1,37.93892757620571,61.719270680957464
1,34.98099722406075,58.584894775157416
1,32.14848123092917,55.630471491587684
1,32.46046957681445,55.81747344464108
1,29.12624397621192,52.46721722802086
1,33.48436874866013,56.74103911264314
1,29.487977351737126,52.23058574239372
1,41.489776954696495,64.22400265536857
1,29.527889607942953,52.00639319339057
1,28.734344428413824,51.05915910467911
1,33.087098548306166,55.385437654431946
1,23.39571553067627,45.68682695690366
1,26.73649887374901,48.7126979950255
1,33.414355098950686,55.31419689023333
1,29.604439877084587,51.34827991969739
1,31.578728142289457,53.28859985707483
1,33.474504017547694,55.153717077214516
1,27.301452498263362,48.79670710567086
1,29.539047904671833,50.578725588886684
1,28.27734871154387,48.878968947836924
1,27.31612587505051,47.88638833898035
1,28.49845515060884,49.01039492124298
1,47.50600249049469,67.9559268474739
1,29.865222891484915,50.175489068808446
1,31.119955856302912,51.31665053395857
1,25.907687802946235,46.06752924097833
1,34.94381308527674,54.87808921879741
1,34.11100084524071,54.0342103700009
1,29.17246845947628,49.07022323821656
1,24.739189768878873,44.0043527629829
1,26.51629918174042,45.759156577256775
1,33.367965478981404,52.46690546958525
1,34.313972825431456,53.15712054223952
1,30.524030305862325,49.31337022220276
1,32.686275758905886,51.428382854773616
1,24.332559480600246,42.75854258729836
1,34.970814298477286,52.81033727435565
1,22.39040766557765,40.216514784800694
1,22.70737295666785,40.50448141236777
1,29.951828235669794,47.13894692679187
1,25.29189647088941,42.41210260623571
1,36.674088295008424,53.674456895407495
1,32.11647491498578,49.045357984431455
1,24.836702519299443,41.65279951217548
1,27.30296370555362,44.08964411167349
1,36.03330738556691,52.799160654338586
1,27.941046217860116,44.32760753301457
1,24.66010546979717,40.81151133493541
1,23.25495083521153,39.25828853214885
1,22.75455173883663,38.66151839599949
1,34.97883570461387,50.86779303468284
1,30.150894902778095,45.89042884945454
1,48.67640083992541,64.33744471862335
1,28.559377553294027,44.19221695845408
1,30.8563113229484,46.449828639130494
1,30.411469475557134,45.995458636782004
1,34.70903744052667,50.29200560909478
1,35.18612995383883,50.57801358876216
1,31.172859672958115,46.5151626708157
1,26.965461044473702,42.231133744502394
1,32.293904373005795,47.55944408448616
1,30.13672370331288,45.346087141546576
1,34.113314460199916,49.207053160408265
1,36.11338231697063,51.183318750805945
1,27.611724526646494,42.63570895935023
1,24.95826350584181,39.96128245304333
1,24.804405792588714,39.71720973266457
1,31.58003423710631,46.40041390486821
1,27.34637282878961,42.14219847241487
1,26.51093438350497,41.07394215460341
1,29.272301007228993,43.773791509319715
1,26.99585596094502,41.41921556879563
1,35.665577201560644,50.084314862443186
1,35.54894531579282,49.89653706842609
1,29.836518122118157,44.123664336600726
1,27.767865009979136,41.96860206597325
1,32.526651527591575,46.69726179174824
1,34.98499012992107,49.10868901088979
1,22.238590788115015,36.302621930671904
1,32.51293176776136,46.488455642362
1,40.59385659341497,54.511364175039695
1,31.369443717034716,45.26980540561975
1,30.136275435267994,44.03165323085062
1,30.087558355451712,43.9762846178137
1,24.924766163524016,38.79119081521546
1,25.985445889753574,39.80376537190624
1,30.455947601897417,44.235539306902844
1,33.19134391112657,46.95459021189003
1,28.427523792671632,42.1885414364935
1,37.42622493459085,51.16000371590879
1,39.40339647695448,53.120248300420684
1,29.455002266526822,43.09219610575612
1,27.28678915615555,40.804813284245135
1,29.357022710488582,42.64150311907904
1,29.640871446012472,42.88265715563132
1,36.471535235620884,49.68446116074832
1,32.71532820122161,45.905381001009836
1,35.710922153630676,48.87811137647844
1,37.60960044032765,50.68359490538348
1,39.68003476803603,52.71168017533011
1,25.58310496814032,38.5812046412696
1,27.90574175077201,40.86525782534466
1,38.95441809309579,51.90447398854944
1,36.502709796135065,49.31889862724931
1,30.658966156805914,43.409783305764904
1,24.564970186876707,37.20576675722876
1,34.511184133480846,47.04593284437414
1,28.41433406395887,40.936031512331276
1,35.96313809883635,48.47361094814546
1,33.8415153919099,46.2819045166682
1,28.617530766474523,41.012941848293984
1,30.939614849760794,43.313383057030926
1,26.112371692017838,38.44864986893831
1,31.02379713475146,43.335256326273154
1,34.97591456387837,47.23996127950641
1,31.165382481483096,43.35514583248561
1,39.561644277184854,51.70069706420352
1,39.325096393543575,51.39279849174125
1,30.25373141307139,42.26367119279382
1,40.64520273808579,52.65394246232016
1,24.496496354354207,36.40400974421389
1,31.60917777104603,43.371075122231616
1,36.745612509957986,48.47382134611354
1,36.539143431617504,48.17175111907761
1,24.562729242777273,36.17871459620686
1,28.49880281582712,40.10196475895687
1,27.952761940912136,39.18023627258263
1,33.178464443447396,44.40075732341675
1,34.806436315569265,46.016580071492065
1,28.45865931318644,39.65906845077638
1,31.371040152240248,42.56689237897061
1,31.24232370928692,42.41515848717557
1,30.373458584160176,41.54211402478557
1,30.37810441858114,41.51260724534317
1,28.25890258304499,39.377643462144555
1,26.75904702888659,37.86390523082207
1,32.428392320029936,43.47103551142935
1,26.57396358440347,37.56099663123237
1,24.691295135343953,35.666185463474335
1,22.301970464600643,33.271314956897726
1,26.74691468746725,37.6575305768923
1,41.94412030865991,52.83401004004801
1,37.90716211045724,48.751451641607645
1,29.724898651105594,40.55629109631248
1,22.086130301586774,32.862795482147995
1,34.36357155328836,45.13910478603442
1,30.140143085940586,40.85214404146611
1,31.89903694527674,42.600367371545815
1,24.136314857211293,34.79603270722387
1,31.59874039627194,42.227317972513404
1,41.17997269808341,51.774937721616496
1,31.22728423575429,41.80755612218455
1,28.606594736334536,39.098731913144235
1,22.247334968390923,32.73096302735036
1,28.49203373520711,38.91450932846246
1,26.088439570703994,36.485970108073595
1,30.02786544313644,40.3292157130562
1,31.675125637756864,41.84274009629291
1,27.360989589507618,37.47414148470983
1,20.647697920306868,30.757803234139757
1,34.20428337656995,44.26794121105416
1,18.80452415955209,28.836142358664592
1,26.904250639452655,36.929315053599574
1,26.34215807731361,36.27372385612085
1,30.903747397495746,40.79598328536694
1,28.860020271076717,38.712016540194654
1,29.860812767262775,39.697024471095
1,28.506019694916397,38.321665383142154
1,28.363334340427933,38.07884153377509
1,31.77430593004631,41.47400965265232
1,34.766843267696906,44.406381693791076
1,35.751189368387195,45.37159221563887
1,24.922886915191018,34.48718155419728
1,28.928002416335463,38.44980162110661
1,28.417238399253836,37.93746417450005
1,32.187983244409466,41.65864106479394
1,33.6169633750245,43.07390484498446
1,33.6986846302423,43.14533911283218
1,30.43499408642296,39.868815795048135
1,32.04953005700714,41.473628745723445
1,22.055102444300072,31.426356586170016
1,26.473120106381128,35.79099596882846
1,36.5920419232446,45.90051406907713
1,27.777273325088643,37.08478168135409
1,34.54787892728931,43.82621483303404
1,32.92385067127138,42.19298000106564
1,32.99106263432997,42.22191931960544
1,38.6887228408372,47.91702000113039
1,30.522340152490738,39.71958029155117
1,28.114208420872792,37.29380944204372
1,39.71110491253189,48.88943311877023
1,31.914647095920724,41.09173808283313
1,34.38188154549336,43.554276710022926
1,34.3058109428027,43.46587991751253
1,30.5100978515815,39.611488773809846
1,28.97902095655873,38.04262433013699
1,31.302018939918373,40.35160614979944
1,20.707051451001057,29.68024353449624
1,25.155437327422494,33.99048798976975
1,21.79316132490811,30.608886242766033
1,30.642962942137203,39.384138425986876
1,36.383755079973206,45.093950103752036
1,35.26897115764279,43.97847878410944
1,26.404315900024553,35.094207283832446
1,38.020407528857596,46.6940722990806
1,53.80556327622673,62.42931150727766
1,20.57904289103627,29.126437432614914
1,32.91147231899754,41.43454396655067
1,36.41232071632006,44.915629550718805
1,24.334005458684807,32.835409511546466
1,33.81238565349422,42.28817446997345
1,28.43462303853409,36.85750724832418
1,25.04337591666302,33.43507616420623
1,37.336023761223984,45.69548797881679
1,34.080255867733605,42.43533945403338
1,27.526890668501895,35.864173719747896
1,32.36762643474378,40.64419576596153
1,34.94765963955095,43.22015516902786
1,34.65921716531878,42.91811790825356
1,33.568779584603384,41.795528981173916
1,22.771971850375657,30.994525447692784
1,26.188127223327857,34.398769413453486
1,40.35270442690726,48.53997185607974
1,42.07903863833488,50.25933392409572
1,32.131431450789506,40.28301367464749
1,29.77314298448685,37.891184813374956
1,23.898470134083187,32.014471797809534
1,25.821502112481504,33.86378799506974
1,31.93684130934971,39.91790990049901
1,34.32251684008092,42.161667693368784
1,37.140763391237954,44.93612144167177
1,27.577253630233404,35.349497414870875
1,30.705758905254378,38.450033917685545
1,35.728981719913634,43.46721399217759
1,31.89454692451625,39.630105414269146
1,42.193997100926595,49.900908282113555
1,27.283688590455597,34.93135716596497
1,30.056358599702577,37.59791560956617
1,49.84341545738632,57.37563615994891
1,31.91501849970954,39.43272921380257
1,24.969661843779242,32.46552743594356
1,39.77477530682903,47.26909745310441
1,39.675644378535935,47.16004695470655
1,36.02476038848546,43.46538848003237
1,42.54217994543431,49.97965077525162
1,22.964170666727487,30.389965048303008
1,45.58036171320288,53.00479814191844
1,38.325744817179974,45.739542520600935
1,30.15996399304103,37.57324909809804
1,28.82365891101371,36.18369059090564
1,28.98365930687644,36.305908722843725
1,37.360121240818714,44.646067971785605
1,33.57081291125876,40.847995704036016
1,35.133010538545804,42.40616099368432
1,29.283950514865953,36.54870046362936
1,30.37003125187483,37.624163242529704
1,23.24953488169454,30.478386976767055
1,17.25229547437404,24.423049272299103
1,25.69442124349771,32.85369713395415
1,38.23561839951338,45.39437785383377
1,40.506061319044036,47.661505956817464
1,28.379482893508786,35.534030314574906
1,23.67915276706983,30.826837645731956
1,18.689089248608788,25.816088866975672
1,30.394139584100053,37.50956890387476
1,33.668845470048005,40.756945438214494
1,21.05433883970917,28.122593217005015
1,31.834753556897923,38.87215433892451
1,29.83666879579656,36.870211343941044
1,36.46714271084523,43.49114606003477
1,29.421350130197865,36.38976846555712
1,24.56352376380638,31.51280641368496
1,25.17718656702121,32.102853507819084
1,29.52425449287118,36.44538537977026
1,34.727958803903434,41.62566484583867
1,35.630023741610486,42.51260043902822
1,39.9006823887666,46.7597856039773
1,28.75497389360122,35.61132539207012
1,33.32561280488249,40.17301166878127
1,34.82876110981817,41.670904100433575
1,25.183213008575336,32.022998391056426
1,34.80860163232644,41.63234742281243
1,29.63322761594359,36.453289240615085
1,20.604543138692474,27.348638870136718
1,15.88792197515549,22.59313668361843
1,44.48440693604458,51.177509898517336
1,23.262787248776736,29.88579999930465
1,32.57987825621198,39.20167454264952
1,27.207508186901872,33.80868661524274
1,23.101565176068366,29.694003572594095
1,23.77229277474809,30.35518223340196
1,37.63947151408345,44.215272258040315
1,27.677443546699934,34.249380310414026
1,35.04704449451834,41.586182519406314
1,24.88218598262143,31.407323432165853
1,26.368912699290977,32.88417922839867
1,25.89460324840922,32.39799522803796
1,51.64315045827605,58.11522821912074
1,38.02415442545257,44.37962158804252
1,27.360932553043792,33.7062959858923
1,25.32061303683536,31.643457240549093
1,33.559323666100894,39.86691503057626
1,28.81695083801708,35.07837915189273
1,32.01694250267041,38.271452889045065
1,39.23576430014705,45.473246916271044
1,32.31594621553758,38.489197029663465
1,32.48171031508929,38.65322988688918
1,36.197287438918,42.334157174973114
1,25.772936005818803,31.880219021264804
1,31.27428200720955,37.32559378084345
1,33.53119168166318,39.5785039198034
1,21.64428735654574,27.69126245487959
1,21.69551395875475,27.723877852354057
1,23.807858996395602,29.81793061760449
1,23.917109017434196,29.919253567108598
1,27.280821053428014,33.279740973407336
1,25.944731857323177,31.91040592215838
1,30.842021306210853,36.780507874084314
1,30.108985610176834,36.01138220679343
1,32.66907287873232,38.56375009856632
1,20.159916096856023,26.00186185437962
1,31.120424121437978,36.954439616531594
1,26.260464505877028,32.089761374783464
1,27.123147524366356,32.93457703457442
1,34.02522888977141,39.832056754358035
1,23.779798737089706,29.58264301345339
1,27.816448893491163,33.60936648923306
1,24.25741421176364,30.02159844367801
1,18.586029231775036,24.343925289247707
1,33.92644909553109,39.67100700185639
1,30.751294912219134,36.448758792066734
1,43.30449000980814,48.99320688986463
1,31.156327662542687,36.83627517609409
1,38.09113975399963,43.74050174122956
1,26.208765645255465,31.850374471638418
1,32.96213118896636,38.6010428809337
1,37.84570904408066,43.48212508267441
1,35.170622593990174,40.7070477347767
1,38.67488998564338,44.208396361032605
1,33.54334546394539,39.07459947945083
1,28.155274614345803,33.66518916411646
1,29.142525654774705,34.652041390175604
1,34.156257271656614,39.65988230928994
1,30.297620741611773,35.78588289742384
1,59.90044918787606,65.38109592839601
1,30.66110069629844,36.12162662691684
1,33.63253514711488,39.071274803002964
1,36.98039204406792,42.38839152329827
1,28.88936442519316,34.27079991391195
1,21.489428132900994,26.85825198799001
1,35.71477346122286,41.037451768808964
1,32.08479794659244,37.399206107358935
1,23.279311247121424,28.566489369203627
1,27.535542516608484,32.81292430792912
1,32.28998006501527,37.56111326756199
1,40.50950478727394,45.7645833199196
1,39.71461024445288,44.96260883832651
1,35.086744597972135,40.264343535387226
1,41.52373845279443,46.67238310838378
1,36.37880548966533,41.52524526535817
1,29.41818482613044,34.55309064721051
1,30.935279462928797,36.014331982069145
1,29.410265938563835,34.46980398445048
1,19.55374973906889,24.571904388454733
1,21.51471488170107,26.53073480587128
1,31.888620349101174,36.738814109482384
1,28.83813504101777,33.68478867509206
1,29.656824784234697,34.45460183970069
1,33.00673169669575,37.78921469324665
1,32.48492867417732,37.2549223030356
1,21.963436178041476,26.729667499605217
1,45.560905819569456,50.31194252939805
1,33.76180880644669,38.506427933707116
1,32.20521824796988,36.89634423272962
1,29.864704467734125,34.53466898502769
1,37.944212294733056,42.60846107679554
1,26.89128698120419,31.524663478884733
1,29.198008799093692,33.82618893497358
1,22.414390080792714,27.038712262916007
1,26.66153636340117,31.281953059705693
1,27.596843799047722,32.2074334750357
1,18.289462925036442,22.899205633990544
1,19.772146383261042,24.37476983894073
1,22.07434989445489,26.668356697806956
1,33.69938603036799,38.27852155901911
1,29.580643757277965,34.15388509200888
1,35.65910140053439,40.17232734240176
1,35.89788954156124,40.385424076657394
1,28.60411026224855,33.09082076605083
1,25.28231120548982,29.74936418103
1,21.544153506326452,25.9957411166096
1,23.694763883152177,28.135490958869067
1,23.955055848796896,28.384952782351842
1,30.006237695203506,34.41917860924616
1,34.02281197371037,38.43268303397222
1,32.167729141065934,36.54960600929027
1,33.848606196190886,38.2164487998677
1,23.69570007297028,28.058208361770532
1,23.89692421379391,28.258538851514512
1,33.379356922803574,37.73790497376845
1,31.86125928201894,36.16251719508232
1,32.037419592739774,36.337500239801976
1,24.26589469330619,28.555668290608274
1,39.13790869039334,43.42287981775154
1,35.80750325050039,40.0923425268129
1,25.929321323016733,30.21137663315228
1,26.72521596052349,31.0072021957739
1,21.276158976972358,25.549138572324907
1,33.36684631216279,37.63949590241793
1,27.20572166969376,31.476086359003975
1,37.68245359105789,41.948889648631585
1,17.042020950562776,21.291187267588867
1,23.130012814285763,27.371195599107793
1,32.15312009771613,36.38346733219362
1,34.225898438005096,38.41374617920301
1,37.47855027328872,41.58275266848029
1,26.940751061639954,31.036507328041573
1,22.54364772627349,26.617822353616052
1,23.725950825062174,27.7914473161129
1,17.226001794663823,21.276593193165393
1,40.0807315218012,44.09249937065038
1,27.707724521788524,31.71291916507127
1,31.884149479207608,35.88153362881227
1,26.729505723993395,30.71557313378096
1,26.535229190248174,30.483212128422547
1,30.11106916933222,34.043506156072596
1,36.863646088914905,40.77147352659816
1,30.224690268087198,34.106002191575705
1,26.226494141182254,30.065501826859084
1,32.104510434300344,35.920093479033106
1,38.758641926504346,42.50534455982727
1,30.033271389028283,33.74946813835344
1,19.850706617658552,23.529604960561482
1,27.25814200400455,30.912248801720988
1,19.162207286016436,22.77945313053359
1,41.325012264832,44.9377255752829
1,21.616396099369453,25.218099511608767
1,30.266080122870555,33.86162564759376
1,27.34982030736491,30.94464175124344
1,33.29484037882646,36.85487125345144
1,33.42769877656108,36.97578865100876
1,30.214876011496596,33.76100529543882
1,30.895936878588465,34.42816569654366
1,28.260154745685146,31.792027498474184
1,39.16499268659939,42.67173602213671
1,36.48037095348624,39.9331399347445
1,27.914079007422842,31.31745093244689
1,28.72143164129742,32.12277051675753
1,41.41636531463144,44.805919715263364
1,33.050120935379326,36.40626918662437
1,29.813566230694743,33.16190689055281
1,41.24584237922145,44.59252329116182
1,29.224392953795277,32.52507309474794
1,33.525606947225135,36.79666474105497
1,37.9840569096274,41.24989398440834
1,23.669572058618122,26.928294210584205
1,33.11999807424097,36.36359707049843
1,44.56582560690325,47.77725075489946
1,28.93074901384932,32.1282626004086
1,35.47428741921654,38.66926619666335
1,26.55104842091263,29.7371544919658
1,29.95942588390452,33.089543165308854
1,25.407583735917765,28.53608214147161
1,40.7647984895774,43.88769568974957
1,34.82486754280076,37.93682559187964
1,32.773609396306405,35.844588933962044
1,33.881373141270636,36.94185859075564
1,20.085075804194542,23.10881611606317
1,39.2539310542608,42.26934669879995
1,29.237267713238275,32.248828543709585
1,31.175087610851378,34.15778823964728
1,24.507894883174053,27.45388111760057
1,19.396752758108114,22.342606421853805
1,27.001720961677023,29.93210259289941
1,25.94623548490745,28.86367817883598
1,29.987038986890934,32.89949811058599
1,29.434967713216047,32.34062544294111
1,36.72962150117964,39.63496063122008
1,36.22358579878248,39.12719343957204
1,27.33492542427948,30.225305157047956
1,42.16228777465077,45.03262922858633
1,31.725478053352326,34.595111194310626
1,24.126325924561144,26.99180087083027
1,23.60874135644833,26.471912879261403
1,35.05419834301495,37.91301474961055
1,37.47486529336397,40.31718824268507
1,22.87152931896374,25.696917576495114
1,21.4575465150105,24.279660858578023
1,31.533201335859527,34.348570619112174
1,21.523658472658237,24.315218754565123
1,27.457861272163083,30.246337435101974
1,25.123599221826563,27.91190057152733
1,33.85322061060014,36.59107886637197
1,25.671839642923455,28.403508283840672
1,38.33414842832391,41.057418251002225
1,21.634339504850235,24.357050511520182
1,28.525571140952895,31.207587982853394
1,25.288121952572357,27.96887195892086
1,37.70970767671201,40.37134299187222
1,48.963760984032746,51.62054046969697
1,31.718161499633226,34.34629863202854
1,44.806437938039664,47.407637499127496
1,30.65023342926922,33.23509615864683
1,27.25722046585214,29.825599777157382
1,31.421106309671746,33.96750716572931
1,35.525534789184874,38.06502217644577
1,33.30987673444303,35.84561210830445
1,37.99622570400667,40.51088780339206
1,36.388410328534825,38.90107111280088
1,24.66893673497701,27.171566159851864
1,25.04950336932406,27.53609388017509
1,33.27153734333282,35.75111190332242
1,24.034002308480858,26.510752739374194
1,20.134656100027254,22.604949379138453
1,17.10185520323951,19.564964927128177
1,49.286248757632244,51.74917399248406
1,25.065686083704044,27.51971076585975
1,25.8904443899078,28.324814220782805
1,25.985509681361002,28.3978590117479
1,22.20336108796801,24.543888429114002
1,29.26788125103483,31.601285199349174
1,24.80228814560879,27.130941827391627
1,44.6273148965536,46.94241770002804
1,46.46168462565692,48.771077278267974
1,35.06600004545361,37.35325880385617
1,33.468683234186315,35.75496477732259
1,34.161868214270015,36.433958210198135
1,40.32127960994703,42.59288266263492
1,38.01936022263325,40.25437499828361
1,26.685956612300068,28.90715744593782
1,27.17809985380659,29.346023862221482
1,37.43991735562815,39.59469250771206
1,36.16988822401256,38.314774739615714
1,43.51447569319038,45.65609521811227
1,25.218937823731466,27.353795159755755
1,24.28674373674146,26.38025133417719
1,37.28694951684892,39.37599337019047
1,22.480171698984503,24.519452408315658
1,32.008925031061246,34.035226199161464
1,34.51120339014961,36.48303865348528
1,33.16205950187098,35.12468913988427
1,36.88983295385424,38.82372614170567
1,33.75277443559035,35.680089985080215
1,30.685027267530334,32.60124754209752
1,27.45555022417866,29.36152931559086
1,30.40913638932898,32.30769044455413
1,19.185526484120963,21.079681293793065
1,30.33784112082726,32.22680294180138
1,27.16994095635164,29.057079540000647
1,25.292472433583427,27.16964835781531
1,37.78391176211844,39.65961340200855
1,26.780124284758855,28.655223971988885
1,33.994164122359486,35.86790723683181
1,25.954216508939098,27.825242000087112
1,20.59866038686143,22.464457180525233
1,30.945355147779676,32.807962617929455
1,31.94025471591067,33.79227440905921
1,21.74842193132005,23.58499833647386
1,27.246014535017274,29.03358670104003
1,26.138753328774044,27.92052904220981
1,49.41683279017425,51.177529910138624
1,21.376097791346098,23.12584925888956
1,28.345838900052115,30.092225576987417
1,28.250069326098952,29.994471548323688
1,25.885084451019175,27.613206590912302
1,30.74038055508113,32.46574458599745
1,40.65370751837494,42.355857021956986
1,43.63129328863955,45.32184466217394
1,31.34253573752361,33.02461878840593
1,41.59789398591668,43.26857450647871
1,20.7099275232177,22.380116074652847
1,47.624247024802166,49.28649183855686
1,44.09106410163317,45.75115096060498
1,34.53761400805489,36.1925451921583
1,36.810198683692676,38.433931529594425
1,33.09718783483773,34.71360401478297
1,20.631273050134883,22.244288263641113
1,26.63984326815293,28.24503400888745
1,44.42807991916326,46.02996043609151
1,30.826005657454505,32.42161051096956
1,33.87343928186269,35.46310306324236
1,29.206874088174413,30.776843669365256
1,31.5921935395571,33.139086888380724
1,28.513270735938473,30.05144649073101
1,26.360666378882087,27.88851699309545
1,26.137500977905436,27.657556327217964
1,33.11156445328806,34.6300402210872
1,33.654813933592756,35.17090515647951
1,36.696669339196845,38.21273007510304
1,51.80493787689913,53.30079729211715
1,39.02489979447342,40.502919004222065
1,51.82178338245665,53.28889032090224
1,33.22334458713766,34.687811847707906
1,39.28475056635508,40.74371974329164
1,30.389279093890956,31.8007943035249
1,21.841861196954834,23.250301275622387
1,46.32735301750205,47.710150522944865
1,39.87454965390619,41.25648059374062
1,24.85719082614368,26.210201166634132
1,29.3721167994767,30.72133223336031
1,32.496500859797905,33.83394630813985
1,33.30002380673159,34.62552830219734
1,27.650019406426715,28.9693987201751
1,24.06103995266076,25.37840171021648
1,23.5493282118188,24.82817662736788
1,27.06194412293248,28.339316606794824
1,22.198344998887148,23.456514913713068
1,47.867685370423544,49.12202113720249
1,28.59741855724431,29.84407346496862
1,29.91267689969932,31.15824841313468
1,33.00468009915003,34.24392838232078
1,38.63043951583833,39.85486136291933
1,23.349664351010965,24.558214102482083
1,27.409573818702466,28.60022490357605
1,30.176957541511204,31.35214218993964
1,25.518113174763187,26.68469285272779
1,47.551250204868424,48.70382770932916
1,27.940338673581046,29.088563367903376
1,27.20245445436309,28.344242038040246
1,28.558156598396373,29.6748439501829
1,22.13300215462378,23.233635095498304
1,34.43555380273974,35.53469748343139
1,41.212760029379574,42.292476143306224
1,21.718151189782564,22.7586283466469
1,24.155092442783864,25.089363665978784
1,20.554993989947913,21.478833516474673
1,28.68134312316798,29.59900943637555
1,29.65155678672907,30.564316903322883
1,43.78664083811125,44.68571195101333
1,38.29757561551253,39.19517635398248
1,30.326346527059304,31.213795102092547
1,38.77084744346459,39.64289973739678
1,41.046783421990575,41.901415416280805
1,68.54665562649652,69.38824001142788
1,39.09930128448612,39.93527955295827
1,33.38328204381337,34.21746652715138
1,22.355999504070148,23.179885743977092
1,33.53538060258188,34.33851666043214
1,45.934805530755995,46.703140975450076
1,28.548611312659585,29.254465919717504
1,28.21137030777462,28.888799769680332
1,32.927814467060614,33.60282367863858
1,29.9121167812638,30.585676657393467
1,31.685784491421774,32.355377673646515
1,21.487715173575822,22.155840819731186
1,43.555810438076236,44.17435396205187
1,38.02797327060064,38.62898895642587
1,22.192491736106902,22.78498461520039
1,23.2954607391076,23.87005295696593
1,37.37623401498356,37.94616338768062
1,41.30316182224404,41.864365845648244
1,34.47065764002903,35.02587186396397
1,38.45145732754128,39.002756094053865
1,24.77618971195917,25.301885067790224
1,17.16145043903318,17.642739105473964
1,24.172788397473497,24.648504444792227
1,33.968661142080954,34.43061948304409
1,26.589909054317477,27.042674684116776
1,29.38321858505226,29.818808292648683
1,21.669410793378923,22.096400413174482
1,24.11195151588622,24.527299718254223
1,15.232500614976159,15.639066599341591
1,37.02713900099549,37.424677320783495
1,31.091210924261368,31.48067503275584
1,19.250396885877162,19.603112326419325
1,34.10089704394226,34.4444355222069
1,32.634671269414994,32.93863098073371
1,26.674564527609025,26.97818112652005
1,25.401869940055914,25.649340726569836
1,25.516752978635477,25.7326345305827
1,37.97269191743805,38.18770480026754
1,39.48867250087137,39.68045786663365
1,33.6771866920967,33.86093581994074
1,30.50396905034569,30.682250030678993
1,26.661895873241875,26.83553994467146
1,26.389847019969903,26.5289252732618
1,19.8937567348825,20.025129148001355
1,32.92108387069026,33.03393993406993
1,23.163762611280468,23.267328445748756
1,33.372949661106006,33.444965472275626
1,30.098567417359636,30.14128839638313
1,35.30071278514443,35.334464328041236
1,33.3161204499156,33.33472468999715
1,34.432208129045506,34.44588249324945
1,28.71568771755979,28.725572652642917
0,0.0,inf
0,0.0,43.8844155154691
0,0.0,43.63761286738068
0,0.0,38.1614020525695
0,0.0,37.98216771197069
0,0.0,37.05924688689146
0,0.0,36.599612286516574
0,0.0,36.33497893340282
0,0.0,35.20190482713978
0,0.0,34.94333915413535
0,0.0,34.87347546965072
0,0.0,34.29368869338675
0,0.0,34.02878425355911
0,0.0,33.497623233830986
0,0.0,33.17215349044177
0,0.0,33.00823649484185
0,0.0,32.814590108765955
0,0.0,32.69462922215112
0,0.0,32.251264764107724
0,0.0,32.07352502800355
0,0.0,31.748202054489994
0,0.0,31.640518299905615
0,0.0,31.49169048721499
0,0.0,31.385186154442682
0,0.0,31.28753454491528
0,0.0,31.046180877580348
0,0.0,30.902406793534375
0,0.0,30.874355744568355
0,0.0,30.84901901075139
0,0.0,30.847345771636814
0,0.0,30.827310941413778
0,0.0,30.756887802130105
0,0.0,30.626965913199925
0,0.0,30.614211125792753
0,0.0,30.458140359078364
0,0.0,30.374033942431435
0,0.0,30.355617363337224
0,0.0,30.32677098409438
0,0.0,30.28802714692591
0,0.0,30.242615193359
0,0.0,30.19310339534383
0,0.0,30.179484259386985
0,0.0,30.16716714367631
0,0.0,30.012719763451067
0,0.0,30.00627112456652
0,0.0,29.989281419270622
0,0.0,29.957385494691124
0,0.0,29.901905171990315
0,0.0,29.8970065543207
0,0.0,29.84350408658896
0,0.0,29.83992780773889
0,0.0,29.808708254847218
0,0.0,29.714982807131992
0,0.0,29.694627189152538
0,0.0,29.6467522123083
0,0.0,29.593642388906733
0,0.0,29.527118073516966
0,0.0,29.49491120321098
0,0.0,29.484372319401093
0,0.0,29.441407893181967
0,0.0,29.437432879835136
0,0.0,29.421378660769392
0,0.0,29.3922787670374
0,0.0,29.32834827776002
0,0.0,29.121478448804393
0,0.0,29.077290813219054
0,0.0,29.06604018513426
0,0.0,28.98941306813388
0,0.0,28.983539505820847
0,0.0,28.972050085715402
0,0.0,28.93430656755018
0,0.0,28.919517740038412
0,0.0,28.88700700239483
0,0.0,28.885917356817593
0,0.0,28.87996902892332
0,0.0,28.874658881622064
0,0.0,28.86138304332926
0,0.0,28.76801305607121
0,0.0,28.69295390883619
0,0.0,28.635508772778028
0,0.0,28.572110508759902
0,0.0,28.546467691540133
0,0.0,28.512045179301325
0,0.0,28.50484281526033
0,0.0,28.49587758855802
0,0.0,28.490235065166498
0,0.0,28.480508313222558
0,0.0,28.48038422998938
0,0.0,28.379076067340055
0,0.0,28.3516399252512
0,0.0,28.350114888881595
0,0.0,28.298661595975535
0,0.0,28.27445109624456
0,0.0,28.260901507456012
0,0.0,28.252353784186166
0,0.0,28.249015696170886
0,0.0,28.231833273807098
0,0.0,28.229027159095843
0,0.0,28.214015815119833
0,0.0,28.20633529657105
0,0.0,28.190833490751885
0,0.0,28.175005244426316
0,0.0,28.159550664317052
0,0.0,28.136630018364574
0,0.0,28.107824163808523
0,0.0,27.996094959166328
0,0.0,27.98580953524288
0,0.0,27.807352996054195
0,0.0,27.805217626578745
0,0.0,27.792379791044837
0,0.0,27.785082927595735
0,0.0,27.744924266203075
0,0.0,27.71945317889969
0,0.0,27.69615098207205
0,0.0,27.639576845319187
0,0.0,27.574863829915593
0,0.0,27.57467782061654
0,0.0,27.569321486015763
0,0.0,27.562018974623193
0,0.0,27.546139720809588
0,0.0,27.53964183359531
0,0.0,27.52554778936005
0,0.0,27.466229294174152
0,0.0,27.421954087499266
0,0.0,27.41032241627795
0,0.0,27.387959098876717
0,0.0,27.365984755266826
0,0.0,27.34731139341159
0,0.0,27.328888531911936
0,0.0,27.318923299792985
0,0.0,27.318900326086958
0,0.0,27.30329877435337
0,0.0,27.277387445071728
0,0.0,27.270866117566474
0,0.0,27.263487735297986
0,0.0,27.25406797339524
0,0.0,27.231054761339543
0,0.0,27.19832854050762
0,0.0,27.183961779341015
0,0.0,27.182591905561875
0,0.0,27.177376685346008
0,0.0,27.169354853672157
0,0.0,27.15273646798597
0,0.0,27.1311451375326
0,0.0,27.123543412077314
0,0.0,27.122871156643196
0,0.0,27.1171761727046
0,0.0,27.109718029075715
0,0.0,27.077848382405833
0,0.0,27.0667488389141
0,0.0,27.065430095282583
0,0.0,27.052213833150482
0,0.0,27.00949188877091
0,0.0,26.999404865112513
0,0.0,26.99536627307558
0,0.0,26.978919522060515
0,0.0,26.936646349061636
0,0.0,26.928320469488206
0,0.0,26.91714403205271
0,0.0,26.915360994191445
0,0.0,26.88133778941868
0,0.0,26.85705656024493
0,0.0,26.847033683151807
0,0.0,26.812697754415694
0,0.0,26.796344973678856
0,0.0,26.771744915389892
0,0.0,26.727959019515914
0,0.0,26.70327044303718
0,0.0,26.699082039231968
0,0.0,26.687513220261298
0,0.0,26.681459437054926
0,0.0,26.674871678492345
0,0.0,26.67229846549487
0,0.0,26.647109068389774
0,0.0,26.639175560261325
0,0.0,26.589720760783333
0,0.0,26.564826660924616
0,0.0,26.559699797482352
0,0.0,26.550113366292816
0,0.0,26.54896578968676
0,0.0,26.539099752309394
0,0.0,26.53278108600468
0,0.0,26.528264093302344
0,0.0,26.512169698422937
0,0.0,26.507789426533584
0,0.0,26.488224472419002
0,0.0,26.46084447771111
0,0.0,26.449058780187453
0,0.0,26.439324700996508
0,0.0,26.433488587517605
0,0.0,26.41807605699171
0,0.0,26.3977346382137
0,0.0,26.397301842095242
0,0.0,26.388399720700203
0,0.0,26.38676710792015
0,0.0,26.3646917594452
0,0.0,26.346082855187642
0,0.0,26.345584491711904
0,0.0,26.34227455725702
0,0.0,26.30494634739543
0,0.0,26.300416293895765
0,0.0,26.246817409820512
0,0.0,26.23813367338236
0,0.0,26.235854838134923
0,0.0,26.228184251148807
0,0.0,26.20158015622488
0,0.0,26.19719606343454
0,0.0,26.183153942260613
0,0.0,26.08332595107712
0,0.0,26.07494841575978
0,0.0,26.070079570817214
0,0.0,26.06289304946939
0,0.0,26.062244278846585
0,0.0,26.00794284790133
0,0.0,26.00376188204835
0,0.0,26.00028016130322
0,0.0,25.98279231112454
0,0.0,25.974854860648385
0,0.0,25.946876231133643
0,0.0,25.94392324634427
0,0.0,25.937442308301673
0,0.0,25.927683996358468
0,0.0,25.88306603398425
0,0.0,25.870178569636995
0,0.0,25.843950463552755
0,0.0,25.834754099306462
0,0.0,25.812099983301685
0,0.0,25.772011430266904
0,0.0,25.7627921815002
0,0.0,25.75143590026168
0,0.0,25.736260087821726
0,0.0,25.725809397890888
0,0.0,25.690881794733606
0,0.0,25.685995858533758
0,0.0,25.672369134162366
0,0.0,25.639483948734632
0,0.0,25.63319506817376
0,0.0,25.61455902903918
0,0.0,25.61224840850764
0,0.0,25.601924535351387
0,0.0,25.59519009812268
0,0.0,25.569898699415013
0,0.0,25.56324886631384
0,0.0,25.56114352082839
0,0.0,25.54326548383873
0,0.0,25.53287867599954
0,0.0,25.526885028660143
0,0.0,25.507453490913267
0,0.0,25.499711075913204
0,0.0,25.488070404623233
0,0.0,25.444356064543197
0,0.0,25.443704957241124
0,0.0,25.42071073089556
0,0.0,25.41899532293114
0,0.0,25.40938811903549
0,0.0,25.403289242083893
0,0.0,25.399447237968996
0,0.0,25.38697542235041
0,0.0,25.384373412465578
0,0.0,25.37539627947624
0,0.0,25.363906157279573
0,0.0,25.352605604907435
0,0.0,25.31770284898147
0,0.0,25.307098639220975
0,0.0,25.306726113774015
0,0.0,25.282981134108315
0,0.0,25.243221145613315
0,0.0,25.222241923900324
0,0.0,25.21580201146864
0,0.0,25.207710253980807
0,0.0,25.202185027524934
0,0.0,25.181984223528165
0,0.0,25.180143085921532
0,0.0,25.155687454240123
0,0.0,25.155678354049797
0,0.0,25.13575317217351
0,0.0,25.127892331296668
0,0.0,25.12633192297163
0,0.0,25.12025778936807
0,0.0,25.112181806515274
0,0.0,25.11094970733469
0,0.0,25.09924063129464
0,0.0,25.069847234543964
0,0.0,25.061773379540508
0,0.0,25.051045900869802
0,0.0,25.03385675186043
0,0.0,25.019072708914276
0,0.0,24.961663609728276
0,0.0,24.917571107304354
0,0.0,24.896807899093407
0,0.0,24.874752042028458
0,0.0,24.859740257320677
0,0.0,24.847784827680126
0,0.0,24.84214083097559
0,0.0,24.839679683972882
0,0.0,24.83891386973058
0,0.0,24.82741969745693
0,0.0,24.821880699421087
0,0.0,24.807088974422875
0,0.0,24.79974620287278
0,0.0,24.79549465004899
0,0.0,24.789203937536055
0,0.0,24.776192888790785
0,0.0,24.767481339225093
0,0.0,24.733316427113266
0,0.0,24.722659655010435
0,0.0,24.72258132728668
0,0.0,24.719754125128624
0,0.0,24.717730821827143
0,0.0,24.714424511611615
0,0.0,24.70841151951244
0,0.0,24.702876059125582
0,0.0,24.70202267540102
0,0.0,24.695584005562534
0,0.0,24.689539571186415
0,0.0,24.684852675706153
0,0.0,24.66505282977454
0,0.0,24.66221744408069
0,0.0,24.653181149341567
0,0.0,24.652837095002084
0,0.0,24.64969630748865
0,0.0,24.648640404841263
0,0.0,24.64628341682171
0,0.0,24.637211110685822
0,0.0,24.62528937304422
0,0.0,24.616548935323205
0,0.0,24.56867556595221
0,0.0,24.557450844939275
0,0.0,24.555147672661974
0,0.0,24.54210506811201
0,0.0,24.493598141118298
0,0.0,24.48222377080398
0,0.0,24.48160433653695
0,0.0,24.474053977060525
0,0.0,24.44034861387791
0,0.0,24.440254834839823
0,0.0,24.43180908505159
0,0.0,24.41978653276375
0,0.0,24.399536017268353
0,0.0,24.389973188295798
0,0.0,24.38874843997434
0,0.0,24.37562409110016
0,0.0,24.358092758233756
0,0.0,24.350618401524677
0,0.0,24.321080323197872
0,0.0,24.319887929199012
0,0.0,24.317497175382364
0,0.0,24.312548163127335
0,0.0,24.303984688242053
0,0.0,24.290636889784878
0,0.0,24.276032362486095
0,0.0,24.274829408676954
0,0.0,24.241988293963008
0,0.0,24.214703286082482
0,0.0,24.20463401020353
0,0.0,24.20456480396838
0,0.0,24.19700134735754
0,0.0,24.190315550372453
0,0.0,24.189280254973028
0,0.0,24.160337189428695
0,0.0,24.156053896562213
0,0.0,24.135430499189773
0,0.0,24.120804538950207
0,0.0,24.098729836704095
0,0.0,24.094554894858124
0,0.0,24.073686471466665
0,0.0,24.04107005837355
0,0.0,24.041049186616696
0,0.0,24.037292847163506
0,0.0,24.035593724972614
0,0.0,24.03145877979713
0,0.0,24.030914010708873
0,0.0,24.029936070802968
0,0.0,24.020099848109613
0,0.0,24.001334998087007
0,0.0,23.979084211844153
0,0.0,23.965583680469724
0,0.0,23.944040838028485
0,0.0,23.935856097138927
0,0.0,23.93305331241567
0,0.0,23.92959666907299
0,0.0,23.91492590383788
0,0.0,23.9051881597844
0,0.0,23.90352467978638
0,0.0,23.90001730194477
0,0.0,23.890152983159386
0,0.0,23.889289550788707
0,0.0,23.888984942829058
0,0.0,23.886778187571515
0,0.0,23.875634489922376
0,0.0,23.84842216741894
0,0.0,23.84258580686794
0,0.0,23.829686698681794
0,0.0,23.820314131104762
0,0.0,23.81180475434535
0,0.0,23.80966690305397
0,0.0,23.797859579306603
0,0.0,23.796709846150794
0,0.0,23.78683419127972
0,0.0,23.779200542443423
0,0.0,23.777570581670282
0,0.0,23.774597891214345
0,0.0,23.77357176945496
0,0.0,23.773165005236827
0,0.0,23.743402906056225
0,0.0,23.733326623264478
0,0.0,23.703581250200862
0,0.0,23.692315140347713
0,0.0,23.690867648592562
0,0.0,23.684594288399673
0,0.0,23.63623100006542
0,0.0,23.61384613729606
0,0.0,23.61033473624552
0,0.0,23.606462107194943
0,0.0,23.59987086471478
0,0.0,23.58807382050218
0,0.0,23.584041406067445
0,0.0,23.571008945225245
0,0.0,23.55722331974874
0,0.0,23.55360799892691
0,0.0,23.539635832687413
0,0.0,23.529827884082856
0,0.0,23.52688606008895
0,0.0,23.526249210455344
0,0.0,23.524097004719298
0,0.0,23.503370276690216
0,0.0,23.47858320301656
0,0.0,23.466947449534647
0,0.0,23.466037494354392
0,0.0,23.453976862743396
0,0.0,23.452425384577765
0,0.0,23.447959324480184
0,0.0,23.44511984264403
0,0.0,23.43627430039527
0,0.0,23.433360077500193
0,0.0,23.428834742251542
0,0.0,23.41464812635472
0,0.0,23.412176151221054
0,0.0,23.409676726074984
0,0.0,23.384349258456638
0,0.0,23.380016953051687
0,0.0,23.370826931522963
0,0.0,23.37045805541175
0,0.0,23.335580846114496
0,0.0,23.335542993911968
0,0.0,23.331885746554825
0,0.0,23.326076334937873
0,0.0,23.30720896868249
0,0.0,23.296758706367505
0,0.0,23.29387564394443
0,0.0,23.25363115852868
0,0.0,23.246044336905594
0,0.0,23.238943167474062
0,0.0,23.23764350428876
0,0.0,23.234868144692193
0,0.0,23.227184508966477
0,0.0,23.223285579282695
0,0.0,23.214754900488764
0,0.0,23.19530184817753
0,0.0,23.187663438925355
0,0.0,23.187144022171125
0,0.0,23.18161643955854
0,0.0,23.179808969406675
0,0.0,23.171252347244177
0,0.0,23.169366306798324
0,0.0,23.15923831388157
0,0.0,23.158175582464814
0,0.0,23.129256359460623
0,0.0,23.108384638975693
0,0.0,23.103711780937083
0,0.0,23.10311718300787
0,0.0,23.097042791403492
0,0.0,23.07151223462188
0,0.0,23.057209557200416
0,0.0,23.049953841458752
0,0.0,23.03549147891301
0,0.0,23.03504980028128
0,0.0,23.011088166192643
0,0.0,23.002496381641297
0,0.0,22.99891692051401
0,0.0,22.990087168363853
0,0.0,22.986541898791174
0,0.0,22.98062255977092
0,0.0,22.971417563493286
0,0.0,22.965715122454032
0,0.0,22.963658071314896
0,0.0,22.963652658398484
0,0.0,22.95402923578152
0,0.0,22.952377299029727
0,0.0,22.951353400556535
0,0.0,22.93430403806141
0,0.0,22.92335642541983
0,0.0,22.922040947643776
0,0.0,22.90812199446424
0,0.0,22.903469218732198
0,0.0,22.881248447364236
0,0.0,22.87308912274534
0,0.0,22.86999050330634
0,0.0,22.867698006434786
0,0.0,22.863396264201025
0,0.0,22.858832163125957
0,0.0,22.85063184205034
0,0.0,22.846361391480745
0,0.0,22.826386422660626
0,0.0,22.824962311758746
0,0.0,22.824842968384804
0,0.0,22.820154787024087
0,0.0,22.811288262417822
0,0.0,22.80862532651675
0,0.0,22.802468272904658
0,0.0,22.800427512414664
0,0.0,22.798304723283714
0,0.0,22.77237811044866
0,0.0,22.757981151994382
0,0.0,22.75720179429962
0,0.0,22.7547502212727
0,0.0,22.75214026509983
0,0.0,22.74548683046519
0,0.0,22.74072165680757
0,0.0,22.715913074448128
0,0.0,22.71449386529407
0,0.0,22.708047763350162
0,0.0,22.701609447272435
0,0.0,22.674207826191672
0,0.0,22.671160305448822
0,0.0,22.663597664096535
0,0.0,22.6631509609082
0,0.0,22.655246820090102
0,0.0,22.654709054350146
0,0.0,22.644989251693143
0,0.0,22.640981453924912
0,0.0,22.63291839475191
0,0.0,22.632398821633547
0,0.0,22.631554547146003
0,0.0,22.629267141592628
0,0.0,22.61884448545586
0,0.0,22.615124866222967
0,0.0,22.608791878342544
0,0.0,22.59843625836932
0,0.0,22.58922294512409
0,0.0,22.5670192218529
0,0.0,22.565385872167496
0,0.0,22.564361987915625
0,0.0,22.554008966257303
0,0.0,22.545797375930423
0,0.0,22.534749783785884
0,0.0,22.531507559240044
0,0.0,22.530914343117693
0,0.0,22.53020491043234
0,0.0,22.52376583186278
0,0.0,22.515081775825138
0,0.0,22.51482793584097
0,0.0,22.505429674452664
0,0.0,22.49609561082998
0,0.0,22.489006846879157
0,0.0,22.46946588525278
0,0.0,22.46767118274645
0,0.0,22.46152065263977
0,0.0,22.460609044680417
0,0.0,22.447195534672947
0,0.0,22.442589928436437
0,0.0,22.439155304734815
0,0.0,22.434902758719407
0,0.0,22.417096420599243
0,0.0,22.406454502039317
0,0.0,22.402051024756123
0,0.0,22.386646272938904
0,0.0,22.382097865975304
0,0.0,22.369769471248944
0,0.0,22.368382497258626
0,0.0,22.354230515847863
0,0.0,22.340009162230118
0,0.0,22.339449886715325
0,0.0,22.338193275536764
0,0.0,22.336647690394233
0,0.0,22.321243842766524
0,0.0,22.320682668017486
0,0.0,22.310035355438625
0,0.0,22.309903916636436
0,0.0,22.30641091929068
0,0.0,22.304765164309636
0,0.0,22.28209776666265
0,0.0,22.265174502095164
0,0.0,22.2648537448559
0,0.0,22.262056936093817
0,0.0,22.258628374958846
0,0.0,22.255957543831702
0,0.0,22.24372449580533
0,0.0,22.23493357971884
0,0.0,22.227627563220885
0,0.0,22.227427988096586
0,0.0,22.207978963529033
0,0.0,22.199232325320967
0,0.0,22.193560048903684
0,0.0,22.177578091849877
0,0.0,22.16876310635608
0,0.0,22.153473036716708
0,0.0,22.142694805314854
0,0.0,22.132593601340506
0,0.0,22.114291026659558
0,0.0,22.109217689909297
0,0.0,22.103744714570652
0,0.0,22.09986537650045
0,0.0,22.090649428309952
0,0.0,22.07516345299899
0,0.0,22.072824112180186
0,0.0,22.07267449451306
0,0.0,22.072280686995857
0,0.0,22.068209126116805
0,0.0,22.048905926172893
0,0.0,22.039763863721856
0,0.0,22.033266459613102
0,0.0,22.016600849116227
0,0.0,22.01013395363749
0,0.0,22.007184283910377
0,0.0,21.99756805068174
0,0.0,21.992666863381835
0,0.0,21.99003597084187
0,0.0,21.98538924184796
0,0.0,21.9802592063831
0,0.0,21.97987176336271
0,0.0,21.978119739277084
0,0.0,21.977006905542407
0,0.0,21.921911511005977
0,0.0,21.91211158788476
0,0.0,21.90203802582554
0,0.0,21.89589692134287
0,0.0,21.87311282851525
0,0.0,21.86221325964935
0,0.0,21.85956518593144
0,0.0,21.856210353401362
0,0.0,21.85352278399625
0,0.0,21.851051224613766
0,0.0,21.849702387892727
0,0.0,21.844896258570504
0,0.0,21.84089271773858
0,0.0,21.838261902580943
0,0.0,21.834587741004245
0,0.0,21.83396599158926
0,0.0,21.828299950852195
0,0.0,21.806847732455285
0,0.0,21.805784891849193
0,0.0,21.803697909264415
0,0.0,21.798017650482404
0,0.0,21.78523521933976
0,0.0,21.78331720645356
0,0.0,21.773688366916865
0,0.0,21.76158826565813
0,0.0,21.761582392177207
0,0.0,21.760001984717857
0,0.0,21.75127122814514
0,0.0,21.739821870527585
0,0.0,21.73236789317463
0,0.0,21.72257160013068
0,0.0,21.721390213285503
0,0.0,21.721226464633904
0,0.0,21.70620977881556
0,0.0,21.705481804048198
0,0.0,21.703517100945916
0,0.0,21.694440570442023
0,0.0,21.6913468215491
0,0.0,21.683338142394774
0,0.0,21.68218276560391
0,0.0,21.681290420234163
0,0.0,21.672133418937115
0,0.0,21.660437914943344
0,0.0,21.656196446756116
0,0.0,21.644114162874903
0,0.0,21.632196729674455
0,0.0,21.62929127958688
0,0.0,21.620945471828826
0,0.0,21.61475390998503
0,0.0,21.60936115359174
0,0.0,21.604808189430315
0,0.0,21.5987429961556
0,0.0,21.596458316869082
0,0.0,21.594672740111623
0,0.0,21.587999789507425
0,0.0,21.58716641692506
0,0.0,21.586467338825717
0,0.0,21.585133337477437
0,0.0,21.57146568933547
0,0.0,21.54901343082644
0,0.0,21.537246386411706
0,0.0,21.523517742172242
0,0.0,21.521838509273095
0,0.0,21.501664554921913
0,0.0,21.49022638433926
0,0.0,21.488172411133363
0,0.0,21.48664239693345
0,0.0,21.48390432092195
0,0.0,21.482536893224232
0,0.0,21.482420111172516
0,0.0,21.48166099575466
0,0.0,21.475822502432262
0,0.0,21.473798020477158
0,0.0,21.469075644767262
0,0.0,21.467079940009526
0,0.0,21.459968784359063
0,0.0,21.455764673013718
0,0.0,21.45570500907526
0,0.0,21.436283569642704
0,0.0,21.42983368377827
0,0.0,21.42586679754318
0,0.0,21.418446491541832
0,0.0,21.41691231924931
0,0.0,21.415350428819607
0,0.0,21.40459855246768
0,0.0,21.399637769713397
0,0.0,21.39632481118977
0,0.0,21.391553298201625
0,0.0,21.388380123510306
0,0.0,21.38445683370848
0,0.0,21.37907719831369
0,0.0,21.373877572900643
0,0.0,21.366739181544155
0,0.0,21.36135206407009
0,0.0,21.359283799063
0,0.0,21.35583573389305
0,0.0,21.340628390258516
0,0.0,21.33164997853682
0,0.0,21.32619344933569
0,0.0,21.319062883140425
0,0.0,21.299181212848932
0,0.0,21.298041385527444
0,0.0,21.27778010429286
0,0.0,21.270553578433564
0,0.0,21.27023754808666
0,0.0,21.267882499774295
0,0.0,21.264898593271447
0,0.0,21.253260497150066
0,0.0,21.24829917530028
0,0.0,21.232383986093485
0,0.0,21.219760203897234
0,0.0,21.21313711887023
0,0.0,21.2056443030556
0,0.0,21.199303945288058
0,0.0,21.19820188413934
0,0.0,21.185617231611023
0,0.0,21.185141685292898
0,0.0,21.183644767471474
0,0.0,21.18209896602402
0,0.0,21.180363803819606
0,0.0,21.17614258053402
0,0.0,21.156915837655774
0,0.0,21.15341145535839
0,0.0,21.14586416833697
0,0.0,21.141519066822088
0,0.0,21.102018760614722
0,0.0,21.100929672592123
0,0.0,21.10080865876355
0,0.0,21.093988247209474
0,0.0,21.089081952442193
0,0.0,21.084762430353074
0,0.0,21.058386361973614
0,0.0,21.05809155066883
0,0.0,21.055750552137876
0,0.0,21.0529857137988
0,0.0,21.049088259799813
0,0.0,21.04609282392052
0,0.0,21.04323144965501
0,0.0,21.043151557082364
0,0.0,21.038934668846043
0,0.0,21.031552718852254
0,0.0,21.027232387987805
0,0.0,21.02395138384396
0,0.0,21.019789040975294
0,0.0,21.01777718441466
0,0.0,21.01409787071626
0,0.0,21.012790589616376
0,0.0,21.010964571898313
0,0.0,20.997573275985438
0,0.0,20.970226753913533
0,0.0,20.9507935248119
0,0.0,20.944577996543337
0,0.0,20.942670704547123
0,0.0,20.941720351432757
0,0.0,20.9322527758275
0,0.0,20.92971820832577
0,0.0,20.913169545189085
0,0.0,20.901077246038444
0,0.0,20.895876668260914
0,0.0,20.892033274401356
0,0.0,20.888707814636007
0,0.0,20.880234619304996
0,0.0,20.877369968444196
0,0.0,20.87345687572211
0,0.0,20.869115725919713
0,0.0,20.858565369148295
0,0.0,20.85362514192899
0,0.0,20.849657968392176
0,0.0,20.849330870814512
0,0.0,20.848484982904868
0,0.0,20.815188081255513
0,0.0,20.796408124187543
0,0.0,20.783044762092224
0,0.0,20.779697764638353
0,0.0,20.778687734663855
0,0.0,20.768813342837568
0,0.0,20.7654073920088
0,0.0,20.759558766027215
0,0.0,20.752844221119084
0,0.0,20.748617937781447
0,0.0,20.746221549749784
0,0.0,20.73230252339788
0,0.0,20.729363395003283
0,0.0,20.723525668420184
0,0.0,20.71705865547201
0,0.0,20.70356476459306
0,0.0,20.683340784981063
0,0.0,20.675271637206226
0,0.0,20.666528395961222
0,0.0,20.65356113364257
0,0.0,20.65225832979567
0,0.0,20.64528768824447
0,0.0,20.624435085660874
0,0.0,20.610847028241082
0,0.0,20.61021137375699
0,0.0,20.59784983837698
0,0.0,20.593589377549954
0,0.0,20.576045245028727
0,0.0,20.549808975709674
0,0.0,20.549480572225253
0,0.0,20.537267859574545
0,0.0,20.537153905409944
0,0.0,20.533600491248126
0,0.0,20.533502797564417
0,0.0,20.51894242308093
0,0.0,20.514639752269396
0,0.0,20.50653635940942
0,0.0,20.496694836761062
0,0.0,20.485232308119993
0,0.0,20.485193914198142
0,0.0,20.482186663453707
0,0.0,20.48066256944336
0,0.0,20.467486116309004
0,0.0,20.46595498547801
0,0.0,20.463955944109838
0,0.0,20.452854966160547
0,0.0,20.45234564402022
0,0.0,20.45107842434018
0,0.0,20.446934196536045
0,0.0,20.443098893873366
0,0.0,20.442767656062056
0,0.0,20.434056954252796
0,0.0,20.433607328524115
0,0.0,20.422072304907353
0,0.0,20.41912459160646
0,0.0,20.40884497523398
0,0.0,20.398904534685368
0,0.0,20.39517952160776
0,0.0,20.388236118876023
0,0.0,20.37256493749252
0,0.0,20.3697810134171
0,0.0,20.364634930483312
0,0.0,20.36143208643596
0,0.0,20.361025137121207
0,0.0,20.356199671541543
0,0.0,20.34583350381362
0,0.0,20.327037944209504
0,0.0,20.319407146960447
0,0.0,20.317166691351122
0,0.0,20.316569760714888
0,0.0,20.315587758764917
0,0.0,20.310840703154483
0,0.0,20.26757044531773
0,0.0,20.261353527815565
0,0.0,20.253952028186156
0,0.0,20.252155452307345
0,0.0,20.24159720859281
0,0.0,20.23193511882591
0,0.0,20.22726644165559
0,0.0,20.225024296052318
0,0.0,20.21513708918508
0,0.0,20.19255864236021
0,0.0,20.170436024219423
0,0.0,20.169526574714983
0,0.0,20.162150318376398
0,0.0,20.15986382561458
0,0.0,20.158219947000003
0,0.0,20.157489256258067
0,0.0,20.15566430018969
0,0.0,20.151729753290436
0,0.0,20.14692315619474
0,0.0,20.135920216992748
0,0.0,20.127790215954295
0,0.0,20.111255773059465
0,0.0,20.098554618832534
0,0.0,20.097997879224703
0,0.0,20.093280982183067
0,0.0,20.090200334957586
0,0.0,20.08671543930055
0,0.0,20.07784283131254
0,0.0,20.06513390110482
0,0.0,20.062903258966863
0,0.0,20.06280668320119
0,0.0,20.05764901467368
0,0.0,20.05362021983375
0,0.0,20.041692531443562
0,0.0,20.022593785308867
0,0.0,20.00866995844737
0,0.0,20.004374862132096
0,0.0,19.997401602714053
0,0.0,19.985127080792058
0,0.0,19.97710457494352
0,0.0,19.966678888120338
0,0.0,19.964670703345888
0,0.0,19.959210615441837
0,0.0,19.957661338148505
0,0.0,19.949027278397722
0,0.0,19.945808390741878
0,0.0,19.9433267392237
0,0.0,19.93117518512735
0,0.0,19.929614125678142
0,0.0,19.909325569891042
0,0.0,19.902514773364157
0,0.0,19.89327971737921
0,0.0,19.885107498728473
0,0.0,19.884079196847182
0,0.0,19.86994293563209
0,0.0,19.8687102834669
0,0.0,19.86656406542252
0,0.0,19.847807517046157
0,0.0,19.845350141411597
0,0.0,19.8384367817527
0,0.0,19.836816646782754
0,0.0,19.835985314383002
0,0.0,19.828137052631586
0,0.0,19.821420933180715
0,0.0,19.805336575847978
0,0.0,19.801752004965127
0,0.0,19.79460874209998
0,0.0,19.793048488919062
0,0.0,19.789885994330124
0,0.0,19.785760616552118
0,0.0,19.783980794964574
0,0.0,19.775072261921274
0,0.0,19.764476829401456
0,0.0,19.76381916605485
0,0.0,19.747171586832295
0,0.0,19.73681533978998
0,0.0,19.727131365342736
0,0.0,19.713517156913436
0,0.0,19.711569802140904
0,0.0,19.70156379885304
0,0.0,19.699941960232366
0,0.0,19.69523602600957
0,0.0,19.685393646980682
0,0.0,19.679376669352635
0,0.0,19.665203286549037
0,0.0,19.664230815486597
0,0.0,19.659167015222607
0,0.0,19.658397999414444
0,0.0,19.657023335047295
0,0.0,19.64908422538991
0,0.0,19.644871502747417
0,0.0,19.64208992029226
0,0.0,19.641605875564327
0,0.0,19.632821727948794
0,0.0,19.624251808387452
0,0.0,19.614908811399367
0,0.0,19.61457937492061
0,0.0,19.608960695887234
0,0.0,19.607874945158787
0,0.0,19.60770940678015
0,0.0,19.604757627185467
0,0.0,19.594396033808682
0,0.0,19.588651803935775
0,0.0,19.576406715410343
0,0.0,19.57188471526987
0,0.0,19.57155633448972
0,0.0,19.568204998490373
0,0.0,19.563775092192834
0,0.0,19.540387220368803
0,0.0,19.51793458991891
0,0.0,19.516813316134655
0,0.0,19.514345503587965
0,0.0,19.5004650678453
0,0.0,19.49128035350833
0,0.0,19.48501220025241
0,0.0,19.480529665766586
0,0.0,19.469435437614038
0,0.0,19.456097601325155
0,0.0,19.45154548813145
0,0.0,19.447351944076534
0,0.0,19.446897146720335
0,0.0,19.436193786386532
0,0.0,19.434135853658606
0,0.0,19.419469188173167
0,0.0,19.41460385510547
0,0.0,19.412023604261595
0,0.0,19.40205342836109
0,0.0,19.37572153458646
0,0.0,19.368696296353797
0,0.0,19.366404541916395
0,0.0,19.36169796878667
0,0.0,19.361476117330476
0,0.0,19.359097857037884
0,0.0,19.346053668325574
0,0.0,19.346013374302984
0,0.0,19.32304345914526
0,0.0,19.315307255417338
0,0.0,19.309594380319258
0,0.0,19.297236884797986
0,0.0,19.29663579990792
0,0.0,19.277705559541282
0,0.0,19.27562021683471
0,0.0,19.274393963672516
0,0.0,19.258950169313945
0,0.0,19.257235060484074
0,0.0,19.24727295690192
0,0.0,19.242995892881652
0,0.0,19.241680960739163
0,0.0,19.241016216082965
0,0.0,19.2406689124367
0,0.0,19.239401510145047
0,0.0,19.239291073589182
0,0.0,19.20235248240062
0,0.0,19.19276684193713
0,0.0,19.19063199327496
0,0.0,19.186308813676913
0,0.0,19.185853276797133
0,0.0,19.182172128792725
0,0.0,19.164862416785965
0,0.0,19.158012062461648
0,0.0,19.154797547791592
0,0.0,19.15157361346403
0,0.0,19.148155373047828
0,0.0,19.137347166422195
0,0.0,19.128548439306098
0,0.0,19.11827939811097
0,0.0,19.109262691475447
0,0.0,19.109085223555056
0,0.0,19.104534196015816
0,0.0,19.091165638704176
0,0.0,19.082635402633233
0,0.0,19.07529742152276
0,0.0,19.070623424656155
0,0.0,19.065863329827998
0,0.0,19.050507717416085
0,0.0,19.043157048423648
0,0.0,19.039460753627342
0,0.0,19.038891798724535
0,0.0,19.029010940426954
0,0.0,19.02511581363113
0,0.0,19.018135021707614
0,0.0,19.008129894849297
0,0.0,19.00364993635231
0,0.0,18.999694065716973
0,0.0,18.99783676974963
0,0.0,18.996238807874306
0,0.0,18.99289608064348
0,0.0,18.991225830478644
0,0.0,18.969818847264794
0,0.0,18.9677565528267
0,0.0,18.94701667067943
0,0.0,18.94292713524197
0,0.0,18.938514936535096
0,0.0,18.938187784577494
0,0.0,18.937906161104586
0,0.0,18.92242485165277
0,0.0,18.91706969278828
0,0.0,18.910930359856287
0,0.0,18.909254683711044
0,0.0,18.90725469663832
0,0.0,18.905806544327298
0,0.0,18.897230192807026
0,0.0,18.887673160471348
0,0.0,18.886398799455506
0,0.0,18.88406093994386
0,0.0,18.873584995606336
0,0.0,18.84830912960904
0,0.0,18.834060027504787
0,0.0,18.831509190690706
0,0.0,18.83131886114506
0,0.0,18.826650018289047
0,0.0,18.814046640696755
0,0.0,18.813581441361016
0,0.0,18.813564773492548
0,0.0,18.80900708397309
0,0.0,18.80423649033872
0,0.0,18.801629114789637
0,0.0,18.798513849911156
0,0.0,18.79352115888003
0,0.0,18.79007353654655
0,0.0,18.789857022070912
0,0.0,18.78785313713255
0,0.0,18.78746822252299
0,0.0,18.786121290733053
0,0.0,18.76362006513249
0,0.0,18.7504874683562
0,0.0,18.74887768076237
0,0.0,18.732834364720507
0,0.0,18.72700080257742
0,0.0,18.72373326423277
0,0.0,18.72177375932089
0,0.0,18.721405281363058
0,0.0,18.719728379920024
0,0.0,18.716658578693153
0,0.0,18.709328337418345
0,0.0,18.70879727901756
0,0.0,18.70815620914429
0,0.0,18.703656866862964
0,0.0,18.696251631667398
0,0.0,18.695808179468372
0,0.0,18.67481547037904
0,0.0,18.670587362566977
0,0.0,18.66890727776389
0,0.0,18.660367806207045
0,0.0,18.66025822611387
0,0.0,18.65899076483738
0,0.0,18.650701407046952
0,0.0,18.64628340806709
0,0.0,18.632954897956036
0,0.0,18.59838212535682
0,0.0,18.575186108488392
0,0.0,18.57481906214098
0,0.0,18.563463430777208
0,0.0,18.5618039275877
0,0.0,18.55805032367196
0,0.0,18.553102496671684
0,0.0,18.53620211166673
0,0.0,18.52647814855461
0,0.0,18.524027595643496
0,0.0,18.521365652538673
0,0.0,18.515063226702324
0,0.0,18.513642270682674
0,0.0,18.507108243538198
0,0.0,18.505025828242335
0,0.0,18.501537180201744
0,0.0,18.49899709220629
0,0.0,18.495698817458717
0,0.0,18.494913326109888
0,0.0,18.494305924481857
0,0.0,18.478531468513644
0,0.0,18.4779312534651
0,0.0,18.473702900581607
0,0.0,18.46153649911721
0,0.0,18.444736495884886
0,0.0,18.443299191496987
0,0.0,18.437798799586698
0,0.0,18.42375032838301
0,0.0,18.42014556677832
0,0.0,18.415823585739602
0,0.0,18.413336247328903
0,0.0,18.40677864001567
0,0.0,18.402709474041227
0,0.0,18.39636617698628
0,0.0,18.387048040601556
0,0.0,18.38559421650549
0,0.0,18.38557912928935
0,0.0,18.38441961581166
0,0.0,18.37994593151294
0,0.0,18.37977848787351
0,0.0,18.37868385954064
0,0.0,18.377781177276855
0,0.0,18.37304297634816
0,0.0,18.36636338906572
0,0.0,18.358164771219887
0,0.0,18.344573065000873
0,0.0,18.343718958242235
0,0.0,18.339110043791187
0,0.0,18.33835290467793
0,0.0,18.32925926438268
0,0.0,18.328748965696462
0,0.0,18.311442066761177
0,0.0,18.307616841044506
0,0.0,18.30703876438663
0,0.0,18.305827115584556
0,0.0,18.301791942766126
0,0.0,18.28926231523367
0,0.0,18.286884596532623
0,0.0,18.28232533048565
0,0.0,18.277921667469588
0,0.0,18.25529652575374
0,0.0,18.254353070531614
0,0.0,18.244440876544207
0,0.0,18.239283369738086
0,0.0,18.23317027357817
0,0.0,18.22962461107102
0,0.0,18.219250458321643
0,0.0,18.202468984680642
0,0.0,18.2001801501958
0,0.0,18.199583561047064
0,0.0,18.197750359342006
0,0.0,18.195141836361113
0,0.0,18.19149341975242
0,0.0,18.1903259434657
0,0.0,18.18184388936531
0,0.0,18.154506439243903
0,0.0,18.147003048899066
0,0.0,18.140738411043348
0,0.0,18.131350069558405
0,0.0,18.120832628475846
0,0.0,18.11308485139569
0,0.0,18.09712315438372
0,0.0,18.081737586558923
0,0.0,18.072719834564086
0,0.0,18.070015795043982
0,0.0,18.064232947725912
0,0.0,18.02641385825319
0,0.0,18.02566951315779
0,0.0,18.020794315035033
0,0.0,18.018514894562863
0,0.0,18.01565613753523
0,0.0,18.009412299359678
0,0.0,18.00125983882781
0,0.0,17.99460230210662
0,0.0,17.99075537286024
0,0.0,17.968970193895185
0,0.0,17.95634133132674
0,0.0,17.951713104599033
0,0.0,17.95131559159668
0,0.0,17.950953244130933
0,0.0,17.94954737658303
0,0.0,17.941895484266723
0,0.0,17.939125393727775
0,0.0,17.931002224630912
0,0.0,17.920002391971128
0,0.0,17.918152558664122
0,0.0,17.908281531731845
0,0.0,17.90816781106715
0,0.0,17.888975463914576
0,0.0,17.88798510864049
0,0.0,17.885774604131132
0,0.0,17.879876536474097
0,0.0,17.878738168264448
0,0.0,17.876421441018024
0,0.0,17.873269103163313
0,0.0,17.872610767495008
0,0.0,17.865423004602835
0,0.0,17.856238059066847
0,0.0,17.85543885012535
0,0.0,17.847014715689944
0,0.0,17.84199685472657
0,0.0,17.837419818798963
0,0.0,17.823541634858124
0,0.0,17.822514520094746
0,0.0,17.820657406965577
0,0.0,17.816286300376174
0,0.0,17.80467499607002
0,0.0,17.804270095788898
0,0.0,17.803763818489678
0,0.0,17.80368935113276
0,0.0,17.79698314152168
0,0.0,17.79677813232972
0,0.0,17.79606052573042
0,0.0,17.790034859331495
0,0.0,17.786886206002123
0,0.0,17.786739347338077
0,0.0,17.777520256621205
0,0.0,17.772685240050652
0,0.0,17.772480250412656
0,0.0,17.772460768021467
0,0.0,17.760363186796948
0,0.0,17.75506513307075
0,0.0,17.739182436394742
0,0.0,17.729452187562003
0,0.0,17.719136516019194
0,0.0,17.715284500746495
0,0.0,17.71273353788863
0,0.0,17.702388367940078
0,0.0,17.69443589050601
0,0.0,17.693247374334817
0,0.0,17.69131927024273
0,0.0,17.691153629049452
0,0.0,17.688613877385663
0,0.0,17.688324436681715
0,0.0,17.661902490369744
0,0.0,17.63946326669965
0,0.0,17.618213110645094
0,0.0,17.613134781921044
0,0.0,17.610542339506996
0,0.0,17.605657871968074
0,0.0,17.604645551852645
0,0.0,17.600340107493174
0,0.0,17.593153027838014
0,0.0,17.584282004884205
0,0.0,17.584130292858514
0,0.0,17.583478309712664
0,0.0,17.582512156403013
0,0.0,17.577371720144694
0,0.0,17.575851540108932
0,0.0,17.566255285181942
0,0.0,17.55631184640246
0,0.0,17.541252675612256
0,0.0,17.540661134565852
0,0.0,17.540629828310443
0,0.0,17.53946980978089
0,0.0,17.536111686338845
0,0.0,17.53270935572976
0,0.0,17.504039709963862
0,0.0,17.49471286810471
0,0.0,17.48703780481112
0,0.0,17.475450791080142
0,0.0,17.475318362340435
0,0.0,17.4751605695758
0,0.0,17.474655695581554
0,0.0,17.464727016833137
0,0.0,17.454838194447714
0,0.0,17.445131599610615
0,0.0,17.422064737706677
0,0.0,17.42175914613169
0,0.0,17.41700373210722
0,0.0,17.40610752178489
0,0.0,17.403456848754672
0,0.0,17.39701191557698
0,0.0,17.388861649713732
0,0.0,17.38768209338502
0,0.0,17.37666768604763
0,0.0,17.348110267597395
0,0.0,17.34808602067475
0,0.0,17.34165328487697
0,0.0,17.33858173630421
0,0.0,17.32925806122197
0,0.0,17.32016941388545
0,0.0,17.311318596358866
0,0.0,17.30913217971285
0,0.0,17.297977764223262
0,0.0,17.287462911485783
0,0.0,17.269013429475223
0,0.0,17.25173043506011
0,0.0,17.247216141519452
0,0.0,17.226803205654004
0,0.0,17.21386935892522
0,0.0,17.209526264233023
0,0.0,17.198819604208463
0,0.0,17.196620502596936
0,0.0,17.19011262189145
0,0.0,17.174740667305176
0,0.0,17.170683693540735
0,0.0,17.167461687875257
0,0.0,17.158646890197215
0,0.0,17.147925531743823
0,0.0,17.143719070627046
0,0.0,17.137172707359856
0,0.0,17.131830096689683
0,0.0,17.121575963218532
0,0.0,17.111497033655006
0,0.0,17.106395158313983
0,0.0,17.103647112334016
0,0.0,17.103572946899654
0,0.0,17.103458675667483
0,0.0,17.092450601484295
0,0.0,17.09046484985844
0,0.0,17.090399663192496
0,0.0,17.089100527476933
0,0.0,17.08575409501463
0,0.0,17.076780380753164
0,0.0,17.07602591924434
0,0.0,17.07269814176444
0,0.0,17.070255239155273
0,0.0,17.069618936051597
0,0.0,17.066941888337197
0,0.0,17.065646824273525
0,0.0,17.0603660747223
0,0.0,17.059294321696058
0,0.0,17.05632262447404
0,0.0,17.045888681141246
0,0.0,17.03181650933882
0,0.0,17.023385939230682
0,0.0,17.018668011320372
0,0.0,17.014725547712633
0,0.0,17.006451650527836
0,0.0,16.986963785933586
0,0.0,16.984864295177655
0,0.0,16.982397228986194
0,0.0,16.966860508908887
0,0.0,16.9635336397732
0,0.0,16.962979426933547
0,0.0,16.93078553773511
0,0.0,16.928564226221482
0,0.0,16.927497450796995
0,0.0,16.92457693684872
0,0.0,16.923952099720257
0,0.0,16.922700711178432
0,0.0,16.921859399648365
0,0.0,16.908838071121195
0,0.0,16.899857939321862
0,0.0,16.870449117323183
0,0.0,16.84457023861716
0,0.0,16.841001867557043
0,0.0,16.830402157225684
0,0.0,16.82645866575176
0,0.0,16.826368460538284
0,0.0,16.812644976416873
0,0.0,16.80338506937479
0,0.0,16.800374805257547
0,0.0,16.774997524698286
0,0.0,16.76863469507787
0,0.0,16.751071351151513
0,0.0,16.744901925757222
0,0.0,16.726475714636557
0,0.0,16.711357188898607
0,0.0,16.71114280172635
0,0.0,16.706550618168826
0,0.0,16.706082648159786
0,0.0,16.687911694954018
0,0.0,16.680506665504566
0,0.0,16.66856453040672
0,0.0,16.66531191597805
0,0.0,16.664429972187385
0,0.0,16.657061018393886
0,0.0,16.64952533808304
0,0.0,16.64163754863689
0,0.0,16.630549681563174
0,0.0,16.615852919097616
0,0.0,16.61366511787575
0,0.0,16.607670338265113
0,0.0,16.597870682408246
0,0.0,16.59264858977095
0,0.0,16.591765130819912
0,0.0,16.58041125820891
0,0.0,16.57768899130649
0,0.0,16.571631506675097
0,0.0,16.56557494104874
0,0.0,16.56003703511748
0,0.0,16.55528062973364
0,0.0,16.54796800410698
0,0.0,16.546231627242417
0,0.0,16.53717666431688
0,0.0,16.51395470684195
0,0.0,16.513481177451443
0,0.0,16.511706489220103
0,0.0,16.50687407242502
0,0.0,16.505229770912955
0,0.0,16.5045912157597
0,0.0,16.49993133849896
0,0.0,16.49935744982672
0,0.0,16.498324517140205
0,0.0,16.47698295440904
0,0.0,16.476262923573813
0,0.0,16.476080627212713
0,0.0,16.47020734511834
0,0.0,16.452521874587717
0,0.0,16.448945598106338
0,0.0,16.446222380385468
0,0.0,16.443307800764526
0,0.0,16.440847519521213
0,0.0,16.44017496266841
0,0.0,16.43372904903669
0,0.0,16.423533705785463
0,0.0,16.415873640033105
0,0.0,16.404493209111724
0,0.0,16.403789111859727
0,0.0,16.402201074587104
0,0.0,16.401724605165796
0,0.0,16.400922634579707
0,0.0,16.39422243662765
0,0.0,16.39372399900924
0,0.0,16.391626147274188
0,0.0,16.390424436322768
0,0.0,16.37739692376596
0,0.0,16.374668811472926
0,0.0,16.374489789907496
0,0.0,16.371923298712606
0,0.0,16.369342941417973
0,0.0,16.367446850358444
0,0.0,16.359508320822446
0,0.0,16.357366253727267
0,0.0,16.356033486699545
0,0.0,16.33072582828395
0,0.0,16.32919448891833
0,0.0,16.326480912133746
0,0.0,16.324201406246544
0,0.0,16.308784597645428
0,0.0,16.30769617126141
0,0.0,16.30624101197501
0,0.0,16.303607540563238
0,0.0,16.300499339246706
0,0.0,16.285125105701027
0,0.0,16.277230977794606
0,0.0,16.26075404163833
0,0.0,16.257018153521987
0,0.0,16.25413870489388
0,0.0,16.24761847768693
0,0.0,16.241204012641568
0,0.0,16.23761184623894
0,0.0,16.223288146303133
0,0.0,16.22240478613527
0,0.0,16.218413661176562
0,0.0,16.19384439886474
0,0.0,16.184824686810117
0,0.0,16.18191357148229
0,0.0,16.181904144340372
0,0.0,16.168471778114636
0,0.0,16.166630352765484
0,0.0,16.15834817820252
0,0.0,16.147430551749714
0,0.0,16.129742956563238
0,0.0,16.124405705326605
0,0.0,16.114892696405672
0,0.0,16.11307044499946
0,0.0,16.111278514782292
0,0.0,16.10169209129202
0,0.0,16.087907136928422
0,0.0,16.074897426061376
0,0.0,16.07373191936491
0,0.0,16.06402172607387
0,0.0,16.06166512774157
0,0.0,16.060761353871964
0,0.0,16.054702854100668
0,0.0,16.05405790916338
0,0.0,16.0506001600601
0,0.0,16.050447507560857
0,0.0,16.047469571143765
0,0.0,16.04246120288636
0,0.0,16.040506642277023
0,0.0,16.032696500679325
0,0.0,16.01942287447027
0,0.0,16.016220218125117
0,0.0,16.005707187079672
0,0.0,15.998951689192602
0,0.0,15.989318500294912
0,0.0,15.982733741689648
0,0.0,15.971756506974145
0,0.0,15.968546365304471
0,0.0,15.968095607348507
0,0.0,15.967270798352711
0,0.0,15.966027531626194
0,0.0,15.96075609203781
0,0.0,15.9550429412726
0,0.0,15.948012075197065
0,0.0,15.94534102990943
0,0.0,15.944999827962839
0,0.0,15.944416023558801
0,0.0,15.93502260865525
0,0.0,15.92182077992024
0,0.0,15.921155440435589
0,0.0,15.920090810739449
0,0.0,15.906625255151157
0,0.0,15.904400869195566
0,0.0,15.904391261834164
0,0.0,15.900569899405607
0,0.0,15.890374256425106
0,0.0,15.868788828260461
0,0.0,15.858614657608705
0,0.0,15.846017227567854
0,0.0,15.84585874639444
0,0.0,15.844136408900914
0,0.0,15.83279578246268
0,0.0,15.808588315675298
0,0.0,15.805011703577282
0,0.0,15.804241889463906
0,0.0,15.777634250398862
0,0.0,15.77477076616132
0,0.0,15.761507425599595
0,0.0,15.760636993518174
0,0.0,15.754675111535084
0,0.0,15.753034473406283
0,0.0,15.748228707739232
0,0.0,15.748205448595234
0,0.0,15.74664373993745
0,0.0,15.742370953618101
0,0.0,15.72284318394134
0,0.0,15.720700331690896
0,0.0,15.710794867596167
0,0.0,15.70400506527612
0,0.0,15.701649227655844
0,0.0,15.700034251812006
0,0.0,15.669863434683824
0,0.0,15.65292260075867
0,0.0,15.645141208524137
0,0.0,15.64253485228513
0,0.0,15.642389752688816
0,0.0,15.641951570425455
0,0.0,15.633756451113845
0,0.0,15.629014916711968
0,0.0,15.62420886977921
0,0.0,15.621699407636973
0,0.0,15.616396581704157
0,0.0,15.615460950969767
0,0.0,15.6126052768095
0,0.0,15.61233486702077
0,0.0,15.607118760295132
0,0.0,15.59905369175645
0,0.0,15.577310479597111
0,0.0,15.54915675051335
0,0.0,15.546074415806162
0,0.0,15.541307772894454
0,0.0,15.53498971396274
0,0.0,15.530232544958631
0,0.0,15.516126595249053
0,0.0,15.512515875156797
0,0.0,15.508854757960274
0,0.0,15.491977636726274
0,0.0,15.491826981269245
0,0.0,15.490609780429894
0,0.0,15.489511336550695
0,0.0,15.4778333818035
0,0.0,15.47675420170544
0,0.0,15.473637511551996
0,0.0,15.46722100748954
0,0.0,15.465870433211874
0,0.0,15.462792132686676
0,0.0,15.46014686422839
0,0.0,15.45972225323617
0,0.0,15.455658657658121
0,0.0,15.448348479393573
0,0.0,15.439816400714399
0,0.0,15.439094080397851
0,0.0,15.432639117931842
0,0.0,15.422280519986016
0,0.0,15.410454272653473
0,0.0,15.401676205793773
0,0.0,15.38349890558484
0,0.0,15.372022213639323
0,0.0,15.366552237037396
0,0.0,15.361636718419206
0,0.0,15.361305675185454
0,0.0,15.355359229228197
0,0.0,15.330723720319385
0,0.0,15.315338537815444
0,0.0,15.312625456320415
0,0.0,15.30491962631709
0,0.0,15.303022643593254
0,0.0,15.302413106782787
0,0.0,15.282534166497824
0,0.0,15.280803378203936
0,0.0,15.263582620872064
0,0.0,15.242648377044583
0,0.0,15.222752439655215
0,0.0,15.21027775799233
0,0.0,15.209603990384107
0,0.0,15.206863651968506
0,0.0,15.205376903366574
0,0.0,15.198605561579804
0,0.0,15.198283408771792
0,0.0,15.194845671500623
0,0.0,15.190863138840747
0,0.0,15.177501464586863
0,0.0,15.169400904953251
0,0.0,15.166352208354347
0,0.0,15.151942451235797
0,0.0,15.142925955889362
0,0.0,15.12952968607443
0,0.0,15.124444762446274
0,0.0,15.120504268797333
0,0.0,15.119805347694514
0,0.0,15.11548249124323
0,0.0,15.111467304308785
0,0.0,15.110889812256232
0,0.0,15.098948942514536
0,0.0,15.07878674368162
0,0.0,15.0679596629998
0,0.0,15.064608207933892
0,0.0,15.0604390902756
0,0.0,15.04857397675713
0,0.0,15.041452417390714
0,0.0,15.0358190990475
0,0.0,15.029038437750804
0,0.0,15.012793528417502
0,0.0,15.006677221550783
0,0.0,14.993070800566123
0,0.0,14.990687801087148
0,0.0,14.984504284916813
0,0.0,14.966238329707057
0,0.0,14.963132207205982
0,0.0,14.960318192415428
0,0.0,14.958961379971356
0,0.0,14.958347169108196
0,0.0,14.953938060540663
0,0.0,14.944616170557598
0,0.0,14.943774678742
0,0.0,14.941112246574884
0,0.0,14.910986851321827
0,0.0,14.909601856466265
0,0.0,14.907704956296964
0,0.0,14.906831323597078
0,0.0,14.897317545205
0,0.0,14.853308464569691
0,0.0,14.852509413639735
0,0.0,14.850248411305023
0,0.0,14.847991957904146
0,0.0,14.838985364138882
0,0.0,14.822509259131282
0,0.0,14.818042750383713
0,0.0,14.815744000667651
0,0.0,14.810032423066625
0,0.0,14.799324296391598
0,0.0,14.796049957061197
0,0.0,14.794366150257833
0,0.0,14.758456688058072
0,0.0,14.75624793695153
0,0.0,14.754080009357647
0,0.0,14.751860101312223
0,0.0,14.738205111547868
0,0.0,14.724596021017827
0,0.0,14.718855092974902
0,0.0,14.718487454470086
0,0.0,14.706817585182646
0,0.0,14.694115076864012
0,0.0,14.691153116300333
0,0.0,14.688172917695177
0,0.0,14.67748874694779
0,0.0,14.655518905953603
0,0.0,14.65016870529715
0,0.0,14.645106265886197
0,0.0,14.645071423724826
0,0.0,14.62685747640155
0,0.0,14.625188795826242
0,0.0,14.620590174600002
0,0.0,14.616949833635411
0,0.0,14.614821676017211
0,0.0,14.603372851038309
0,0.0,14.602612071644867
0,0.0,14.586311960224196
0,0.0,14.584716931068495
0,0.0,14.57516729135292
0,0.0,14.549711334421279
0,0.0,14.5447052009072
0,0.0,14.532080862738422
0,0.0,14.529001035407294
0,0.0,14.519591023314673
0,0.0,14.51770144020793
0,0.0,14.515532993683841
0,0.0,14.50827134308836
0,0.0,14.50439749351559
0,0.0,14.495092380698946
0,0.0,14.489845073655736
0,0.0,14.487293027580696
0,0.0,14.485791478961822
0,0.0,14.485472517450647
0,0.0,14.462724681353064
0,0.0,14.458541430961708
0,0.0,14.444856558006034
0,0.0,14.4195265213617
0,0.0,14.407255157653598
0,0.0,14.39886012958593
0,0.0,14.395160202364018
0,0.0,14.392503494684277
0,0.0,14.386077745190647
0,0.0,14.383942957783823
0,0.0,14.370919820209894
0,0.0,14.3607800375683
0,0.0,14.333086324138993
0,0.0,14.282814008179045
0,0.0,14.271868865936769
0,0.0,14.26641660107915
0,0.0,14.263199847479058
0,0.0,14.261890863698387
0,0.0,14.2614979697463
0,0.0,14.258881142442172
0,0.0,14.232396046365832
0,0.0,14.220842577953423
0,0.0,14.17211912431161
0,0.0,14.16816402752678
0,0.0,14.166243208445163
0,0.0,14.164213772630148
0,0.0,14.13762804315247
0,0.0,14.136686969233832
0,0.0,14.11733940973896
0,0.0,14.116602073006252
0,0.0,14.0949422441482
0,0.0,14.09439233658762
0,0.0,14.076376240728512
0,0.0,14.068463466697033
0,0.0,14.066293646083999
0,0.0,14.037791770376185
0,0.0,14.028007260767177
0,0.0,14.010593348217016
0,0.0,14.00753305035657
0,0.0,14.004119269518686
0,0.0,13.99188484416732
0,0.0,13.981208855496225
0,0.0,13.980729715703687
0,0.0,13.9779725669049
0,0.0,13.972362878363082
0,0.0,13.962454081679123
0,0.0,13.96229127121781
0,0.0,13.949221675252149
0,0.0,13.937179206791644
0,0.0,13.929087719959691
0,0.0,13.893680785423872
0,0.0,13.87432777050884
0,0.0,13.861055661337994
0,0.0,13.861037817127293
0,0.0,13.840845445813374
0,0.0,13.840063795609211
0,0.0,13.83049555160202
0,0.0,13.817983105522487
0,0.0,13.812258305151454
0,0.0,13.79265246760327
0,0.0,13.785766648291752
0,0.0,13.777523823247485
0,0.0,13.773318347825974
0,0.0,13.760753998104965
0,0.0,13.719019950185114
0,0.0,13.683084298994727
0,0.0,13.655954562345277
0,0.0,13.650462696006791
0,0.0,13.639033926366187
0,0.0,13.638847161019923
0,0.0,13.6313040097045
0,0.0,13.629461335031847
0,0.0,13.628457741375007
0,0.0,13.609561136784142
0,0.0,13.598337335588502
0,0.0,13.59705850187587
0,0.0,13.593397497707286
0,0.0,13.553946088456753
0,0.0,13.551647522162302
0,0.0,13.531426858073432
0,0.0,13.504418319173626
0,0.0,13.479038306278586
0,0.0,13.460020687564871
0,0.0,13.455429970896168
0,0.0,13.453088188418144
0,0.0,13.444756174586608
0,0.0,13.440295305842914
0,0.0,13.437904862159304
0,0.0,13.435786913630926
0,0.0,13.429018961033206
0,0.0,13.424070211418302
0,0.0,13.410325930430949
0,0.0,13.401855784265013
0,0.0,13.39987270204101
0,0.0,13.395964170124152
0,0.0,13.392335692367672
0,0.0,13.380199538555967
0,0.0,13.366798218480396
0,0.0,13.350775384841544
0,0.0,13.340025950320108
0,0.0,13.33215238622763
0,0.0,13.311098131786608
0,0.0,13.301794765111953
0,0.0,13.289919746564385
0,0.0,13.272484715297372
0,0.0,13.270891370703165
0,0.0,13.2651755261503
0,0.0,13.249441846378971
0,0.0,13.24277772831435
0,0.0,13.230795411819683
0,0.0,13.221200244954163
0,0.0,13.217455454806752
0,0.0,13.215729232166467
0,0.0,13.193853275207793
0,0.0,13.19146110268889
0,0.0,13.188653944465699
0,0.0,13.187566191021824
0,0.0,13.18535274834839
0,0.0,13.183152696145784
0,0.0,13.171204613106394
0,0.0,13.15533537257935
0,0.0,13.11730279472528
0,0.0,13.110787412302056
0,0.0,13.0944033388973
0,0.0,13.092133524582493
0,0.0,13.067870881704511
0,0.0,13.060840159766398
0,0.0,13.06035907989444
0,0.0,13.054867393698014
0,0.0,13.046215642322517
0,0.0,13.044314438104351
0,0.0,13.03474630574281
0,0.0,13.015113920155313
0,0.0,13.010529091916455
0,0.0,13.003138345361405
0,0.0,12.983863570550424
0,0.0,12.9668555436925
0,0.0,12.96312409068258
0,0.0,12.955395809395062
0,0.0,12.954547459099542
0,0.0,12.945713102565568
0,0.0,12.931275947218921
0,0.0,12.899258531265085
0,0.0,12.896892675406118
0,0.0,12.889160711620738
0,0.0,12.86692918499725
0,0.0,12.865130214497189
0,0.0,12.859943780460169
0,0.0,12.794587395408435
0,0.0,12.789518840315075
0,0.0,12.782217764524379
0,0.0,12.74059361713483
0,0.0,12.734710945839215
0,0.0,12.72973501230798
0,0.0,12.710787257955129
0,0.0,12.706765808565109
0,0.0,12.704634329285268
0,0.0,12.680778387783636
0,0.0,12.680034609700916
0,0.0,12.677432359016477
0,0.0,12.676255479265448
0,0.0,12.671564117626541
0,0.0,12.655468910508459
0,0.0,12.654062248834126
0,0.0,12.629492372862419
0,0.0,12.62375461911684
0,0.0,12.613177142449507
0,0.0,12.607364827532352
0,0.0,12.598411448189394
0,0.0,12.518400738966797
0,0.0,12.512392504343207
0,0.0,12.49312522626456
0,0.0,12.465683667600429
0,0.0,12.425076991198523
0,0.0,12.410534253432006
0,0.0,12.364433887829543
0,0.0,12.36382947101801
0,0.0,12.285829713514095
0,0.0,12.268365621033833
0,0.0,12.247300303409293
0,0.0,12.227844740062716
0,0.0,12.213303248246135
0,0.0,12.20998440358778
0,0.0,12.20068892725963
0,0.0,12.198193892894093
0,0.0,12.18904393788532
0,0.0,12.172870156753385
0,0.0,12.148649402043286
0,0.0,12.126721398499757
0,0.0,12.11409166280752
0,0.0,12.111062609129387
0,0.0,12.105198022988665
0,0.0,12.092547721541052
0,0.0,12.078138977253278
0,0.0,12.064122832657546
0,0.0,12.042314535622182
0,0.0,12.003581641616885
0,0.0,12.000688113551835
0,0.0,11.973605322200278
0,0.0,11.952395972905444
0,0.0,11.945092229268926
0,0.0,11.927366204903594
0,0.0,11.924044322603638
0,0.0,11.922913847658176
0,0.0,11.921983133940978
0,0.0,11.908242429402017
0,0.0,11.89810145590868
0,0.0,11.887789553824096
0,0.0,11.850455081976047
0,0.0,11.84764533377809
0,0.0,11.827878098686144
0,0.0,11.826475605140432
0,0.0,11.823236431599035
0,0.0,11.808964274796585
0,0.0,11.79170694902812
0,0.0,11.763856180129359
0,0.0,11.759939094096334
0,0.0,11.630528288021909
0,0.0,11.628127160812847
0,0.0,11.618257183631554
0,0.0,11.592263078422047
0,0.0,11.588800120086002
0,0.0,11.568497962046106
0,0.0,11.525739280358648
0,0.0,11.466875097729284
0,0.0,11.456907349414298
0,0.0,11.437151323300585
0,0.0,11.358188489554731
0,0.0,11.357084388110778
0,0.0,11.342318231699764
0,0.0,11.315908132310566
0,0.0,11.263156755168161
0,0.0,11.249199740472566
0,0.0,11.232373814549677
0,0.0,11.187295710981827
0,0.0,11.176377711839912
0,0.0,11.167405565349796
0,0.0,11.136102156589164
0,0.0,10.995642995547952
0,0.0,10.934077265564996
0,0.0,10.692257221582032
0,0.0,10.642673853970923
0,0.0,10.615632405222225
0,0.0,10.554975774196869
0,0.0,10.529747357683156
0,0.0,10.436784206471378
0,0.0,10.420979833169516
0,0.0,10.412210383950823
0,0.0,10.36715920041295
0,0.0,10.309860730113101
0,0.0,10.306162721994903
0,0.0,10.280461093722472
0,0.0,10.274285605474802
0,0.0,10.260129522698286
0,0.0,10.228825908053317
0,0.0,10.159633519302233
0,0.0,10.05731068610095
0,0.0,9.941709756785771
0,0.0,9.889911713969669
0,0.0,9.87225107398398
0,0.0,9.829261688639296
0,0.0,9.734477891367513
0,0.0,9.718012777379961
0,0.0,9.694641734757692
0,0.0,9.497160734266402
0,0.0,9.450959671572004
0,0.0,9.299172231306569
0,0.0,9.257356888799364
0,0.0,9.047713617551741
0,0.0,8.960624215166542
0,0.0,8.930642879657427
0,0.0,8.372203730560432
0,0.0,7.851813016011326
