dimension,birth,death
1,27.54033236993025,80.2958649458876
1,28.90676501695864,74.15784397276883
1,25.36480092948353,70.38848339063951
1,29.403495800371193,66.45090686096586
1,26.532869206706536,60.932263240005724
1,25.126230437284566,58.857885047918224
1,25.884883211206496,58.65104330059697
1,24.95074822458768,57.642316214955486
1,28.238923420591572,60.126503172968555
1,26.60019525954306,58.42922959017884
1,33.272291826583135,64.28750018869016
1,28.984889745277773,59.272780973908084
1,24.789183799296627,52.699836368717605
1,33.10408296619819,59.966258953258716
1,26.923340072404926,52.33580186898075
1,21.620172852808043,46.85721844852642
1,26.21251065350704,51.38147643480195
1,30.061289214877576,55.18438055471103
1,34.71171680523738,59.83316455791879
1,32.89857616056155,57.96807160522665
1,30.612781672122612,55.45301736741705
1,35.05451269975607,59.67433176845117
1,33.51153184603943,57.311149113433885
1,24.764912906535518,48.3768843794879
1,24.348573216028143,47.834389405408075
1,31.785363960678527,54.776202439011286
1,32.96836580737308,55.81951171943091
1,25.096848154131614,47.40920569125835
1,35.046979225408016,57.28731533536035
1,23.50698560214012,45.59313072541201
1,25.483354705421476,47.45451005733906
1,29.36850111336301,51.26553296011451
1,28.57139810375067,50.44254635566792
1,24.121732522331328,45.66364004065331
1,22.692136976399187,43.969056852439685
1,35.78139006467019,57.02020148288887
1,22.805034912246935,43.94879297844368
1,21.87118360427167,42.810394697931066
1,25.628516954170234,46.497506742243885
1,25.24197442213598,46.05934859579436
1,27.66322068829024,48.346618180283485
1,23.788118500521914,44.45799724513298
1,24.09639802864533,44.70481396082043
1,36.19805859145371,56.79053457188148
1,35.16401472738526,55.627364731790344
1,24.653077387924064,45.055066828742255
1,40.17751783648211,60.57827513686863
1,21.18310067372618,41.57316383045552
1,21.80591542806358,42.08400507562389
1,26.797745460503968,47.04065872205931
1,29.52687729577735,49.57633932133237
1,21.590164457431715,41.576333070404154
1,27.426656533121925,47.389180642053574
1,35.70974498600794,55.23676402523
1,28.2088355495698,47.49700329431883
1,21.595287618291263,40.82540089248225
1,24.607965843288362,43.79387709322084
1,21.27982988992369,40.357521651960525
1,26.77133365838415,45.749005709995146
1,25.625662810252997,44.01351976461748
1,24.01247433634477,42.11583800521361
1,39.402257539694766,57.31670046924874
1,35.26850618718675,53.00675763174545
1,30.109881924115644,47.60569199176929
1,23.86985540220084,41.13920247593238
1,20.966663101508793,38.0051367851834
1,26.29135514476436,42.53004223865484
1,25.769530276085547,41.9595222731235
1,20.009866057954774,35.966125871706794
1,24.17129618620157,39.94958472294564
1,26.001876606826443,41.708019523995766
1,24.8167498816278,40.519338924308926
1,37.611372613747854,52.986319521933034
1,32.02407269517459,47.365230158321395
1,28.366602631092974,43.63418088638308
1,19.188845453547778,34.42013518710854
1,22.817545052307807,38.04152611939368
1,21.094083833208018,36.29819294751458
1,28.529990232217763,43.72277560786697
1,23.40546739958779,38.505093370696756
1,23.521315639888204,38.03053250123039
1,23.6787234144719,38.15775838805109
1,22.057123171434966,36.4786699706255
1,27.99501332846642,42.24615989859526
1,21.224310488769714,35.439970584581395
1,20.262923097572664,34.37734891825893
1,25.958849239663913,40.04824824307346
1,30.831394782376517,44.85943205511918
1,23.620916479097232,37.55026169522973
1,22.78050035376925,36.70659433884173
1,28.5149524908315,42.32363261333087
1,29.342791496409095,43.06325961195772
1,25.277232658337592,38.938681818733876
1,20.076384707507692,33.703110029942565
1,34.206641129692784,47.823548752487504
1,33.79620330794956,47.411663043611114
1,20.286067706162054,33.82142002863637
1,22.674609267452162,36.174156014257996
1,35.05843533618887,48.507837851398996
1,20.275443795855523,33.72348074395004
1,23.002107457585844,36.42994187431478
1,24.512103197577535,37.87435934030073
1,22.452055846935163,35.69844473131086
1,44.097092495967246,57.11561322079787
1,25.618522227972303,38.52573267619603
1,26.044087530078,38.82336256257756
1,21.377314062315985,34.09272349961074
1,22.04988765413577,34.75439208992683
1,24.811791057017878,37.44627390153859
1,32.1420727388592,44.6948117781473
1,34.13383832249416,46.66738377511549
1,34.68177398851084,47.18184003816751
1,29.106374428625067,41.513435746570245
1,27.487428273033412,39.88404458134775
1,24.720009504407987,37.09105902474716
1,26.335125301500693,38.650362975400725
1,23.191218866034067,35.435061431148505
1,45.32322780911309,57.54271921911331
1,21.07106599828693,33.13677026175889
1,20.531889305364015,32.58909757946507
1,34.140718576543236,46.18261529262282
1,27.87950652841354,39.86284772935143
1,27.33345889846591,39.22800651446678
1,26.716926356762517,38.59522632862204
1,26.99056066237257,38.81748873165408
1,36.19503493487559,47.92804539221961
1,23.20106742084464,34.7607863835597
1,33.16933284236455,44.49715996588088
1,29.025383482284862,40.33714140048229
1,17.825764851460654,29.042947126613836
1,21.593162111382032,32.76167317335491
1,32.84645792530657,43.97029220822659
1,24.1288907354073,35.20431877330453
1,27.16458464250016,38.236455101622546
1,21.312290248126896,32.266714946917276
1,38.25666126885493,49.193877201582396
1,29.41599705651344,40.333538068826655
1,23.5997538932919,34.44224538096465
1,37.67812307059555,48.47567691227858
1,21.07440433838995,31.86044647929521
1,23.71489153000174,34.40485345527269
1,20.426162782363388,31.090000313784426
1,27.81875404552073,38.46491264424806
1,47.87431193793561,58.45144165411739
1,25.049352985257325,35.588045676292985
1,20.239443392094728,30.567589927056254
1,28.078465099355515,38.37164533870637
1,33.819872068017055,44.04379068728368
1,34.19102877641065,44.39516493758838
1,31.251359287210985,41.4217772866997
1,21.44113586050625,31.608256057233806
1,25.747782464251852,35.90553553848867
1,24.545213009927892,34.59482847239009
1,34.03986917301536,44.05249600630836
1,27.917205039927488,37.85860111144833
1,24.425776271700197,34.35482835981361
1,24.29782203323979,34.16263893983096
1,24.437449427798878,34.2854723218417
1,26.13125002731899,35.96166915729724
1,26.9003154301105,36.71803747264576
1,27.39718520736045,37.17339610220546
1,24.170579529815463,33.90847732016023
1,22.012630020716333,31.729688419942242
1,30.4373463473268,40.141261276622416
1,24.857590417197652,34.52733319680012
1,20.254317946351318,29.891527295111175
1,22.60716942114848,32.20223362819921
1,23.049260649376645,32.630483107601314
1,40.80321154536423,50.38326625390934
1,25.006953775135344,34.58553950822616
1,20.065217503853734,29.571326521677346
1,37.27908912369428,46.77298684502061
1,28.02916716655625,37.511784310586805
1,19.157051969755905,28.63232312723029
1,23.995611917257314,33.40078860978222
1,38.534618571116596,47.92832866565442
1,27.46372999562013,36.844623358494985
1,24.38586900539952,33.60911218114239
1,20.142321210485573,29.32059756630536
1,28.739852628746238,37.893332403479064
1,30.27670645956755,39.37653090856822
1,52.197270765141084,61.26404933351585
1,23.746502702917788,32.73953672024536
1,31.12714092520727,40.08377232265442
1,33.468652154776414,42.37119210231822
1,20.23563949363958,29.11291799786266
1,32.384428672481874,41.2528486816137
1,21.604779902422816,30.41865872051657
1,25.19171966364728,33.998788434758744
1,24.04052897644654,32.83311348855472
1,19.4850953234087,28.25659370601559
1,25.176951911822027,33.93236055805509
1,18.427941169252396,27.096883352664626
1,35.328987202085976,43.97709741323553
1,25.248843241819223,33.75829942149652
1,20.97066362621893,29.464404009583955
1,19.93681019717573,28.418385686292066
1,40.23700890150313,48.6974262238343
1,26.62516961785943,35.07644344806469
1,32.265116194489515,40.65550063705364
1,24.31086950958746,32.65812975606684
1,21.838033362127874,30.16536496481471
1,35.33851515084758,43.6401817308002
1,23.11524694315977,31.366976035350778
1,25.028157739770315,33.23240590731744
1,23.78660045287774,31.98241975324376
1,27.10176847126423,35.28710356461128
1,19.75467843727942,27.930425187514277
1,26.48787749689982,34.63584490039844
1,22.620149185719043,30.732504411373252
1,23.170653492874298,31.213555777032063
1,23.416088441365424,31.24762236370066
1,21.676448495502665,29.450087530335903
1,21.59122626691748,29.33121004128323
1,28.065190672346276,35.791267747091965
1,21.611526028471346,29.274816802703274
1,22.577134813374258,30.20582419223519
1,30.381768100719622,37.975036344355054
1,20.60602542575384,28.121079395668087
1,37.572233960676456,45.08460371302487
1,22.524346891394696,30.022231626859927
1,42.18066788365545,49.572536253580616
1,22.796406294299043,30.167817847338835
1,25.964429911108596,33.32749061703063
1,24.649604222444864,32.0078605715425
1,19.750444037450862,27.09409615640184
1,21.611257698058772,28.943186767244537
1,24.402142218591347,31.72613800205568
1,26.008705837766392,33.312725309102376
1,40.00171145052128,47.23799565425823
1,20.730352038093212,27.942739072239945
1,21.78283319437575,28.99082561569538
1,24.409415141747132,31.573030897982463
1,50.84576642234566,57.98402054171214
1,17.666170153966867,24.800277052809463
1,32.18986268450908,39.317979721906305
1,30.78869612479037,37.88471460174916
1,27.956140270364248,35.02070723349965
1,22.450708623288946,29.507649377945764
1,23.19941636100692,30.190437655405788
1,21.202905921725073,28.12854089550483
1,38.5455414193258,45.42727800045127
1,34.06755419882535,40.942116492347594
1,25.19552630148307,32.0696746620929
1,41.12345437504584,47.95806968012045
1,28.90378131286204,35.729374048680384
1,45.86574949151592,52.67793807085342
1,20.330420643264922,27.135080386091726
1,23.02128342933758,29.787915687220167
1,22.147203928790567,28.898944362805825
1,23.60522160466777,30.34308321265449
1,29.393113513753775,36.11658054218424
1,24.634377895695785,31.338685322301266
1,21.43107601757591,28.111379400577807
1,31.077134622121083,37.74747265094958
1,26.201770506444102,32.86040927489506
1,17.87869629901295,24.506825403184045
1,25.552308595607727,32.16631148498403
1,21.567696846188436,28.13998590559529
1,25.310516186710508,31.76588333120065
1,21.510858243201614,27.94039456204069
1,28.755111972738806,35.15143765995442
1,17.565493291440365,23.95483164791077
1,29.453090458987557,35.84017870573996
1,21.00956813618796,27.377442455676373
1,22.429849421445915,28.797326874395644
1,25.183443474660816,31.53691694591047
1,25.675189551835153,31.908870413423703
1,22.15585609089044,28.38220571397644
1,25.369018425493415,31.586853178505603
1,40.44553079188559,46.632687571987375
1,19.64963396873597,25.797059088925266
1,46.097131455212605,52.23188022227326
1,22.52773238453648,28.651737137884773
1,29.97254956583429,36.087188297360534
1,24.883694636962755,30.994937007819825
1,23.562313372696284,29.634743688767916
1,32.86542277818612,38.93196173380059
1,29.672618552769606,35.70788204011092
1,24.602116541819832,30.629819424350938
1,36.92382137802137,42.93947498984221
1,22.94170350032538,28.955101214562998
1,27.156544313015118,33.14453612361915
1,33.40621129124683,39.32878235888198
1,18.404266049700727,24.32492446700933
1,20.53802188982811,26.457966376025308
1,33.50480190072621,39.417250394780886
1,18.18251759481971,24.088188935135964
1,21.028821210666848,26.91435214009685
1,21.693040919902707,27.563247786467326
1,20.432470804758687,26.285746469422673
1,21.70721435234027,27.55751105928837
1,29.700952685532627,35.507108739481545
1,24.86747872970014,30.670502618227932
1,25.10549852772453,30.834604608564067
1,27.56596827325773,33.28748142370052
1,25.12248653664119,30.83748629219931
1,51.11854294052185,56.813178120528924
1,56.629153572213646,62.31587930838509
1,23.19617251197512,28.87847539159287
1,28.061897833570892,33.718864979790766
1,17.342575142271432,22.962936154298212
1,27.328772905508217,32.880387154571316
1,26.198753835313077,31.730823814481557
1,37.71777822322293,43.21261460571062
1,23.247387477473204,28.735620956447647
1,47.98506182348938,53.47300981308388
1,28.85560621275776,34.323912005567124
1,24.76833341192847,30.220806045763698
1,36.73769623718462,42.17392265648422
1,34.48160833914742,39.895259239339744
1,24.44510109371398,29.84324075613457
1,50.89691089372957,56.28955202980215
1,22.279703961566682,27.66708118587031
1,23.648450990409653,29.02686776996786
1,18.938035814043246,24.29312929592297
1,24.784299391899523,30.136461303211256
1,26.156077587613435,31.507274437872496
1,23.049119778236673,28.39126569752027
1,20.663544233369258,25.929067839482986
1,19.51023966958389,24.764871804914694
1,25.064752364118007,30.317229535869625
1,29.43494333327451,34.6504416467119
1,42.641118876574154,47.85114977805657
1,22.952131306460668,28.148045781776695
1,21.112283231856175,26.29376537466131
1,37.20527004386858,42.31884833306051
1,20.64067472870614,25.753460243048103
1,22.82993875469667,27.938444067882845
1,22.557672169607567,27.656848861766374
1,24.811679065910027,29.907584857650132
1,38.692887174588606,43.75699881167027
1,19.059405821310495,24.120410222100293
1,22.39951797297582,27.44048136231163
1,30.106412925381093,35.10600614530584
1,24.053425570805846,29.04850041642657
1,22.737145429687335,27.72943616404774
1,26.90317174110419,31.893185123066555
1,26.336708413706113,31.300590124305245
1,17.79357085234863,22.707046656724856
1,29.92256731237026,34.80492162117354
1,25.18509814879677,30.025309253493457
1,28.442301907689135,33.28058161709613
1,23.283913549470668,28.116495494801523
1,24.36224338417651,29.188374784960992
1,24.598571377842447,29.415057264464185
1,22.352621642422324,27.16857010731371
1,25.85134056159037,30.652228029999932
1,25.69320965880536,30.4930022545115
1,21.69342789690799,26.450899940494708
1,33.79026090464319,38.54282211581694
1,20.09558391854968,24.840865510206697
1,21.774667735542998,26.509691803933926
1,19.917795495930584,24.639152877370833
1,44.862824056627794,49.576822857249226
1,24.855292551638236,29.560978720671866
1,22.594799929221697,27.2688705060911
1,22.109797656577264,26.76036221798412
1,23.348356091203957,27.990205557044284
1,27.534350377648348,32.1550506303681
1,25.70840657903167,30.32676408274721
1,18.065998630995125,22.661082883387525
1,38.4392101470824,43.03265755651976
1,31.36011506233777,35.951105749804185
1,30.853740302369445,35.42967835302612
1,28.975071325039593,33.539136063011824
1,19.30250653701277,23.861196904562487
1,24.732002247616823,29.281484733425724
1,22.653477977295058,27.186032887784943
1,29.043219975258243,33.56645095733668
1,32.83983053117162,37.34145866820451
1,21.309845197822348,25.796114470164003
1,41.21513638684402,45.68583404075193
1,27.911989893515038,32.38017312336032
1,37.76065554634389,42.20813397074892
1,33.94579987757433,38.39042131111041
1,18.22841136565056,22.67190561164048
1,26.471782791646213,30.88999067032264
1,25.281957237960903,29.698731133003445
1,26.146733991773008,30.53024223292044
1,18.25512297321363,22.63566818081144
1,26.6857727659985,31.066160918727984
1,27.3133286936972,31.658911204657255
1,32.09118718732913,36.36125379564705
1,16.000071151435172,20.26218859518643
1,19.59698808606464,23.85540642640112
1,35.14796458856216,39.343892011927885
1,21.522889152345456,25.71077833941425
1,18.808998295336952,22.978172889817966
1,23.742913850650737,27.89130301327694
1,18.773620710062115,22.91406377208322
1,14.835504953900022,18.968226773239188
1,23.73419002701382,27.855591020254618
1,19.653627302902187,23.756954665563843
1,29.822002590571888,33.912218844394694
1,21.74454051852274,25.833066321275652
1,28.77634820549651,32.81161316149154
1,24.170499571083596,28.204419100113792
1,25.32494796416187,29.353076661027963
1,13.405612471694122,17.433135890089993
1,31.74117568375937,35.75314260198815
1,29.26827680617318,33.27652497145272
1,28.28545211919443,32.26654644574322
1,27.73920981700927,31.71159090867088
1,17.09619364094327,21.065928683846714
1,26.069383480426183,30.016030133916292
1,25.546139194369754,29.478109763379933
1,24.841174129613716,28.765297970003008
1,18.7064833250832,22.620451296220175
1,19.739922722836557,23.652389064984703
1,20.830860467570478,24.737650887629044
1,26.083505511497293,29.969147302479783
1,22.231270982754573,26.1109167729459
1,20.256403558738747,24.11413053055438
1,47.78506429131188,51.636723926053776
1,31.518498637547385,35.36821828889712
1,29.486188754377306,33.32987457385503
1,29.567915676461478,33.40280169196481
1,22.799364762448196,26.619918457391133
1,26.020497835140933,29.818332112090808
1,31.23583718384793,35.02027747910452
1,25.86825475295928,29.623425299839482
1,24.26487506965424,28.00192864366689
1,37.34796032055636,41.0657260922764
1,31.412188509687685,35.11734819918229
1,30.512880727174807,34.20075306037479
1,38.17970441705889,41.861264576595865
1,28.211215517024268,31.865011269902684
1,32.51174073477489,36.13331455120068
1,17.320513421960875,20.930741996785518
1,20.121006017973496,23.717986530657647
1,32.3552543620542,35.95029631528997
1,25.592814954185368,29.183860237440626
1,25.822808975852976,29.413021216435943
1,23.303204445465415,26.884211329121204
1,21.306918411160925,24.885514418020495
1,23.263125887522484,26.835442856989268
1,19.767374260261438,23.310684524594812
1,41.340801617617856,44.88035313094815
1,25.843974754630334,29.37836340679532
1,19.29311605927515,22.825979132209934
1,18.104499745488322,21.63641653211281
1,25.064520382222845,28.5673591290598
1,31.91874006093285,35.420934558786115
1,17.821250781067622,21.316522286401973
1,29.207101867029976,32.680733862903374
1,27.955374733097763,31.382160222849333
1,35.767297042336544,39.19042219875165
1,19.831234412366083,23.253465953115075
1,34.11065443371388,37.52252028135626
1,23.75514907567158,27.160751744325385
1,18.232193924790423,21.632947900159955
1,26.292552384698446,29.67792848851522
1,20.628091954972152,23.999347941911225
1,42.51135388879636,45.853918342362675
1,21.973812572404462,25.303175622358864
1,24.57309734944633,27.882328307728173
1,21.752666935108564,25.061276287726454
1,15.956628405114529,19.263853399413488
1,23.416491953680595,26.70937655865274
1,36.70524443406361,39.99002773732786
1,35.39790038113298,38.67693598961859
1,22.53070607105677,25.79182543610072
1,21.102426872118684,24.348770944399043
1,29.33233958900357,32.57781140827235
1,18.325582176117955,21.548087389741237
1,31.970524631118856,35.192336862959884
1,16.314173766256292,19.52567522479997
1,24.22914900298145,27.41737282560944
1,17.953562230065415,21.139948310045266
1,20.04475711919035,23.220153573831595
1,28.434094608353114,31.605956096176918
1,34.15075873283631,37.320383847018256
1,27.643892849676085,30.802590411332684
1,25.67828022970597,28.833598820770554
1,30.754317528938383,33.90473067504468
1,22.06804694289961,25.211289568898014
1,17.67039968878083,20.813456501486005
1,30.50639311127033,33.63043044093634
1,19.92073245224389,23.042974779098685
1,18.168987959651858,21.287666906134998
1,22.230596471959746,25.342427504625913
1,17.945455700166086,21.054588907346997
1,32.904328548261326,35.99418485317735
1,24.544658028169,27.632089682002597
1,23.110700013038656,26.191194918335466
1,23.886180663479,26.93984720299672
1,31.66812023982856,34.68053950092098
1,26.08518881647342,29.089721387237002
1,22.678354966336247,25.657846262709242
1,23.66939946588231,26.645089609500193
1,23.365655481458766,26.31114175832978
1,24.12649764491415,27.067468605046887
1,28.492489453397276,31.425424756308708
1,36.753501283819055,39.647489411962766
1,31.143486003367006,34.01898934278231
1,19.669126762202655,22.54355119725041
1,20.025654854930895,22.877212353984145
1,30.65413345599117,33.47493699279954
1,28.059147744540713,30.871090238375213
1,37.206177061624985,40.00793695040247
1,26.930560962472704,29.729513013935104
1,23.929716243537527,26.723023885033072
1,16.6065434070855,19.391762483348536
1,25.098969988096556,27.851292438024135
1,46.82741153156757,49.56836826518508
1,19.746245780229767,22.47998757911693
1,25.37310626988415,28.10509084085764
1,16.779951872574006,19.5073095578439
1,27.3388276899488,30.06220615720856
1,36.09366241784865,38.80629786235074
1,17.543941294379763,20.21063650572663
1,19.772266386834183,22.438921591322217
1,26.250113731038706,28.910286912317787
1,29.485644472740038,32.139178046897776
1,22.952316261558675,25.596094105965275
1,22.75030469341362,25.355149843978822
1,22.455420240830115,25.051996914815568
1,23.454977186120278,26.048658761534753
1,22.694630179354142,25.283443732791135
1,43.30677358037264,45.86789943309435
1,26.623023898564377,29.181723790449716
1,22.905075433144685,25.4590555682254
1,25.08267677949687,27.6348408631144
1,28.300629025842174,30.84374588988049
1,22.93641553469792,25.4622114249851
1,31.042532937151513,33.56262246589933
1,18.647489700346373,21.14737013860957
1,20.60241494630219,23.08263312310256
1,18.283642711170046,20.72613934985887
1,52.2719259605682,54.70627447288683
1,27.061561710651862,29.484850802683454
1,25.656798143557246,28.061771816286964
1,30.408832341254573,32.795742228645146
1,21.13728685571273,23.5033618173047
1,24.227509845813774,26.585829194009353
1,27.492945794101022,29.843234365522974
1,19.717079461771913,22.0612626665776
1,22.29524494656011,24.605262895173063
1,30.484758114067912,32.792447037108786
1,25.601667754194718,27.902764675898993
1,24.33083682304532,26.607692462969684
1,18.383855465226297,20.647459292724808
1,23.16765145104401,25.41617820926359
1,26.579438730966853,28.81556469289884
1,20.808726646521702,23.04206641272758
1,34.817014963293836,37.03830895316836
1,21.095219953468746,23.315743222553525
1,38.52175609136846,40.72801094387785
1,20.057353545167626,22.252262373470295
1,18.168256954350333,20.348053890482404
1,25.826626085895068,27.99590451553244
1,32.92013802879114,35.08647194271185
1,41.003756048663675,43.16903620381036
1,19.761662396946427,21.908650247248747
1,19.858145442680804,21.990923121441963
1,19.80005119381398,21.91794213480656
1,24.53938907648206,26.657000071275206
1,29.23448893189123,31.331447909505385
1,31.732719409184988,33.82142697773809
1,41.374753453002874,43.46343779385423
1,34.0819342561582,36.17012017775023
1,26.834404323290393,28.917720407775906
1,28.135972601661187,30.209080482673773
1,27.78532293474414,29.852851927404814
1,21.600513315242925,23.633483046415858
1,42.75723381611037,44.789426838544344
1,24.57797570917671,26.57622562769376
1,43.37445793369214,45.367638879271844
1,22.12106495599361,24.110097799508328
1,24.69658265361036,26.667221657838624
1,21.05063563380786,23.01726350445149
1,33.32211143928559,35.25360186173547
1,25.280728989659305,27.211813416755856
1,26.97878853384459,28.90218866511038
1,20.363882398560513,22.286083938770446
1,43.176090921275346,45.09822651689071
1,21.951482707875105,23.844505864377574
1,41.587135956020056,43.47473499395022
1,51.11227447474516,52.97744297082808
1,21.602923315967413,23.45287484622332
1,21.141491154770534,22.990219858680042
1,22.284602378528064,24.12894024180342
1,25.50690534628918,27.320241367831226
1,25.36639627832152,27.179365047157976
1,33.590081635647635,35.38443832410317
1,25.72790686273312,27.514535909278028
1,22.997463104223144,24.782217290372547
1,21.22556290087842,23.008458857153887
1,29.865294543699346,31.64406540478512
1,40.76008017861304,42.51191927895512
1,43.20421596785066,44.943847920662066
1,23.18282148333903,24.912919533057153
1,44.97187345534795,46.7008214962125
1,22.134063448988176,23.85393518452217
1,23.730647956623617,25.448094491907696
1,22.139935225554723,23.837220898342
1,16.4503427145397,18.127270177856932
1,19.768927386467222,21.41571487776218
1,41.63198722550675,43.26097278529939
1,29.69036201608487,31.316102304082232
1,25.61598085340709,27.237630611086594
1,25.167419253207346,26.77749608406288
1,32.96020195439469,34.556896325400224
1,17.582530098006103,19.175461755353407
1,26.27116734437996,27.850083013005843
1,31.77041785018382,33.34330596117816
1,25.975422290984636,27.54802921322172
1,21.64927845075454,23.221443560463932
1,23.13461168718689,24.693726337366176
1,26.486468404706063,28.010053850545585
1,26.14871676722126,27.669071616682274
1,25.90498831142923,27.35395081311621
1,44.30840017581054,45.75539036225796
1,32.23132171880488,33.675808084940044
1,27.017171562681973,28.45520073433829
1,27.461603032945696,28.869012817539055
1,24.660531437183085,26.058669772789653
1,32.38792143890841,33.78509274869184
1,28.480996682852478,29.876522863679824
1,31.500824626352255,32.89571592654912
1,23.219002358202662,24.597349219330805
1,25.753722032182615,27.12607817732966
1,23.587434173577844,24.949649204034852
1,30.806365029795295,32.15550733078749
1,23.902183479111283,25.24891758413648
1,25.818945510145916,27.163002694495976
1,25.60082314685541,26.935090731562997
1,28.89478540365028,30.212456856726355
1,25.32190712655233,26.631113367977967
1,22.057213482188562,23.350575094540126
1,28.866038102954885,30.15659436372736
1,30.065694630358127,31.341966185781466
1,23.948763142515,25.222013964337105
1,32.65462730446068,33.92363363012603
1,43.32322438581646,44.57565220022198
1,34.51165779069917,35.759960876457825
1,21.811915012047315,23.05844798622707
1,26.292889231666848,27.49800254770891
1,29.20270617361537,30.386330162644047
1,20.709320883648655,21.88818990209689
1,36.685409088878835,37.851143699025684
1,42.41600349698263,43.56518406706177
1,28.838622930542904,29.927289614024005
1,25.149074116111635,26.227874954822976
1,29.493477766179314,30.57080087013847
1,23.743573087495136,24.79781405488916
1,31.220135214279708,32.26661939111527
1,23.65037760920288,24.694297191698123
1,19.16127714870701,20.193233980022026
1,23.53594374434008,24.56571061854994
1,29.33525961438915,30.3631412259525
1,29.161264347581238,30.18883681046712
1,30.028057269423552,31.039269378165784
1,19.69496795318819,20.701494537282425
1,28.357009406306222,29.351716737597997
1,22.780483889115242,23.76839640227038
1,40.14635624216547,41.123942719471465
1,33.16872958387928,34.13540794367923
1,20.68087087038519,21.62949150265747
1,27.906656038471375,28.850188393335394
1,25.368237065686287,26.306664128971022
1,22.785451911953448,23.717603376899753
1,26.435663520230964,27.321501133501396
1,12.60996049200507,13.494373573489531
1,26.633319628411474,27.50195421738533
1,21.80510350634097,22.670397438522723
1,25.61514048419529,26.476123756994593
1,24.54128511529201,25.35327730859013
1,39.89832796814669,40.708524851147374
1,31.938019938077417,32.747976423278125
1,35.25151420342191,36.05875212289317
1,21.15569247701317,21.921600341961735
1,25.714724520325817,26.468538565023668
1,19.024502690496604,19.777902686986412
1,16.718442220446175,17.46106756768457
1,27.178549062564766,27.87366346389718
1,30.865732671619014,31.524897571251696
1,27.991299309004514,28.64829770146159
1,33.40111631845161,34.05309424420622
1,25.677789019134796,26.329540992246763
1,24.888739063851748,25.540071086268775
1,25.714766499164636,26.343753460985518
1,25.52169767699773,26.14304525032399
1,26.997262006771532,27.615238744163847
1,26.27320696377972,26.881517023097878
1,25.5390176518584,26.130762170433176
1,30.80532111814159,31.38645636790598
1,24.736793769296977,25.312389241938284
1,22.255024199684655,22.83028109366112
1,25.546874331836587,26.101337207255877
1,26.03575813009981,26.583768708633905
1,27.235126233533762,27.77969811580202
1,38.419164899732024,38.9543274086316
1,18.761839887591098,19.29612066273491
1,18.470616580205174,18.994850009053696
1,55.95197049871068,56.47140193982163
1,24.52424736678701,25.03861818007038
1,29.833414615577087,30.343286723448596
1,21.700095993714005,22.209422844627117
1,37.430653754814095,37.937072180118484
1,26.06085945186403,26.552759203816958
1,27.697508176219504,28.18461296843347
1,22.229262233755264,22.707827911271277
1,27.52958222950265,27.9935218589461
1,25.266175386370243,25.728310636067995
1,19.90050823727303,20.358589275574644
1,21.57269870497926,22.029774052994114
1,37.947317891871116,38.40012976370546
1,34.78955110896002,35.2186374184371
1,26.879251862520597,27.307348088640914
1,37.071008939480166,37.49892041878849
1,27.379354767818107,27.80185069629323
1,22.14264320635131,22.555869901968542
1,22.861803759594753,23.263631041103928
1,21.76375252313952,22.1586383862776
1,27.773024960110604,28.15225059134542
1,28.97818147269695,29.34744533046129
1,35.57005908424276,35.92453443758144
1,25.866210221393136,26.203588894097084
1,28.102300653738133,28.430535278263786
1,20.006563091560768,20.331459022582067
1,42.05271176086105,42.37418311200373
1,16.618716602071228,16.932170742119766
1,31.04596256084848,31.342529429154386
1,28.643955109422325,28.93849728233879
1,27.365759237977638,27.65117650671936
1,27.00676982338901,27.28951101192497
1,20.67128384635737,20.949517378794436
1,34.15976936267656,34.434115829360465
1,41.99212775075681,42.24792691478693
1,29.412931997059427,29.652713852872843
1,19.864741342884706,20.090041672651044
1,34.774081167065454,34.986906660941656
1,18.487742072268897,18.695243800330903
1,40.55994718438325,40.752587467610965
1,22.44072875367075,22.629883569662027
1,23.9581202861746,24.1104600338752
1,26.728374394701927,26.872836157100654
1,29.933784256251684,30.05332469169378
1,28.05684985436885,28.16617895454831
1,34.27605004171252,34.365347427906734
1,29.420152431557476,29.493918894528957
1,27.257086940419534,27.328835691766102
1,29.522527385191733,29.57643086798752
1,25.13764733045484,25.191300462707904
1,17.502493813745403,17.54343501541182
1,27.013090691222317,27.051990556455337
1,25.43531998632629,25.442776498599844
0,0.0,inf
0,0.0,38.858429118616826
0,0.0,36.87957570814067
0,0.0,36.084148197990004
0,0.0,36.06787959061349
0,0.0,35.46629358668439
0,0.0,34.86266313885831
0,0.0,34.73761414678195
0,0.0,33.56092255380057
0,0.0,33.07814073762005
0,0.0,33.01492430114569
0,0.0,32.90780630727374
0,0.0,32.696075329783234
0,0.0,32.66454425524483
0,0.0,32.08914332211983
0,0.0,31.90312189536769
0,0.0,31.57452016687682
0,0.0,30.955206448190793
0,0.0,30.539777076779036
0,0.0,30.46615071910193
0,0.0,30.232279820295048
0,0.0,30.058358320664073
0,0.0,30.04242429513056
0,0.0,29.95358025875469
0,0.0,29.7981704342311
0,0.0,29.7942919167482
0,0.0,29.592770865705717
0,0.0,29.43076491931204
0,0.0,28.996774909367627
0,0.0,28.711093339382252
0,0.0,28.69696918155319
0,0.0,28.565093268438453
0,0.0,28.56502527505891
0,0.0,28.558960177074095
0,0.0,28.466453974756558
0,0.0,28.444931186926738
0,0.0,28.074608531097592
0,0.0,28.03838135504476
0,0.0,28.031078003871457
0,0.0,28.020133803448687
0,0.0,27.990577904560084
0,0.0,27.967929828898193
0,0.0,27.783373624110983
0,0.0,27.755348484769
0,0.0,27.686109272762337
0,0.0,27.664600600459913
0,0.0,27.63580594904177
0,0.0,27.559204408232645
0,0.0,27.5492117011039
0,0.0,27.49361762210146
0,0.0,27.390352463862303
0,0.0,27.257510504483275
0,0.0,27.22100853502871
0,0.0,26.902945895147507
0,0.0,26.88656928993062
0,0.0,26.868632472125874
0,0.0,26.785221577831017
0,0.0,26.73251550559195
0,0.0,26.70978418374047
0,0.0,26.570136216431916
0,0.0,26.45997805830936
0,0.0,26.211013943998626
0,0.0,26.175984636308584
0,0.0,26.14306620559753
0,0.0,26.114562316745836
0,0.0,26.09766701619884
0,0.0,26.09612931695162
0,0.0,26.091092242154726
0,0.0,26.05603145862125
0,0.0,26.052992029174973
0,0.0,26.01642732486484
0,0.0,25.95370844049877
0,0.0,25.940300565943993
0,0.0,25.920970567899033
0,0.0,25.780777562711407
0,0.0,25.742456632519414
0,0.0,25.664539843637744
0,0.0,25.64365145723749
0,0.0,25.394858124501496
0,0.0,25.376213932375915
0,0.0,25.363953118027084
0,0.0,25.3552785855189
0,0.0,25.297526177113454
0,0.0,25.28617960555543
0,0.0,25.230987195202598
0,0.0,25.138377588405064
0,0.0,25.123297433936226
0,0.0,25.101966040124044
0,0.0,25.021991889242102
0,0.0,24.95674340623775
0,0.0,24.94486600255073
0,0.0,24.944251145751817
0,0.0,24.89293366112145
0,0.0,24.819855944448
0,0.0,24.808173170009173
0,0.0,24.807666740393795
0,0.0,24.788114669006383
0,0.0,24.779811443798245
0,0.0,24.68401511214819
0,0.0,24.652100477160722
0,0.0,24.64010987773993
0,0.0,24.609290989224217
0,0.0,24.57942917341874
0,0.0,24.551012100220852
0,0.0,24.54991801452684
0,0.0,24.535594388185554
0,0.0,24.533543148208757
0,0.0,24.408566829317078
0,0.0,24.402173967463668
0,0.0,24.39539489461222
0,0.0,24.36043979939603
0,0.0,24.342685080963705
0,0.0,24.298649661785294
0,0.0,24.29453571538714
0,0.0,24.266925729391623
0,0.0,24.239936140311162
0,0.0,24.200293565668215
0,0.0,24.191299339363727
0,0.0,24.17302730748598
0,0.0,24.171967200795514
0,0.0,24.128590969745435
0,0.0,24.113105131519422
0,0.0,24.107389381324072
0,0.0,24.101426805073082
0,0.0,24.068713858572814
0,0.0,24.044954475958438
0,0.0,24.03619699578314
0,0.0,24.0339522462695
0,0.0,24.027137770913964
0,0.0,24.01043401090975
0,0.0,24.003818061556252
0,0.0,23.942938680105517
0,0.0,23.918806867319947
0,0.0,23.830834789526854
0,0.0,23.82496284057342
0,0.0,23.7771222124484
0,0.0,23.729004718699937
0,0.0,23.714486599979857
0,0.0,23.690548478606953
0,0.0,23.688672819612037
0,0.0,23.68661371324364
0,0.0,23.681052029356152
0,0.0,23.661810323510352
0,0.0,23.645860582509606
0,0.0,23.618089015554656
0,0.0,23.612043952289028
0,0.0,23.600429207326275
0,0.0,23.581594917974304
0,0.0,23.571661898213968
0,0.0,23.565661825006124
0,0.0,23.50459833433415
0,0.0,23.402677958320748
0,0.0,23.397660574848167
0,0.0,23.328743805614707
0,0.0,23.2700752675801
0,0.0,23.254634794122435
0,0.0,23.24577627552847
0,0.0,23.231978363724753
0,0.0,23.230568542524804
0,0.0,23.217788859319903
0,0.0,23.177276209086195
0,0.0,23.175916795679065
0,0.0,23.149643529627976
0,0.0,23.13086874637253
0,0.0,23.107009415616492
0,0.0,23.10404822743952
0,0.0,23.100595564185298
0,0.0,23.088532123063665
0,0.0,23.069357358424426
0,0.0,23.03169714228816
0,0.0,23.003985657378472
0,0.0,22.999925816691707
0,0.0,22.99543290332701
0,0.0,22.968692322717377
0,0.0,22.94159952277245
0,0.0,22.92462205631246
0,0.0,22.885645951989613
0,0.0,22.837973485555363
0,0.0,22.808225681737337
0,0.0,22.791591328757693
0,0.0,22.785629960356317
0,0.0,22.746763973319784
0,0.0,22.742272956462482
0,0.0,22.71901253423819
0,0.0,22.686549723550588
0,0.0,22.662534813659313
0,0.0,22.587597481836905
0,0.0,22.520414309094274
0,0.0,22.516883823821733
0,0.0,22.51600247309611
0,0.0,22.49552272650957
0,0.0,22.48458706380025
0,0.0,22.45255127256532
0,0.0,22.437399303744375
0,0.0,22.436590558911366
0,0.0,22.43440091117113
0,0.0,22.418213781695936
0,0.0,22.41721023396642
0,0.0,22.416098403636486
0,0.0,22.414779601341262
0,0.0,22.413441555332877
0,0.0,22.35063156586149
0,0.0,22.33230214376928
0,0.0,22.318143924380273
0,0.0,22.310183042634566
0,0.0,22.30221813098548
0,0.0,22.300424653007862
0,0.0,22.296990365050252
0,0.0,22.293247984248406
0,0.0,22.290791492515297
0,0.0,22.269463044480386
0,0.0,22.260391427755028
0,0.0,22.259659686589206
0,0.0,22.255062361379856
0,0.0,22.234934052699927
0,0.0,22.21396297595279
0,0.0,22.201354414014343
0,0.0,22.184655546517345
0,0.0,22.182955462188787
0,0.0,22.174785065110548
0,0.0,22.156527818121376
0,0.0,22.14584865597109
0,0.0,22.136572242512553
0,0.0,22.13105484595557
0,0.0,22.127924556903007
0,0.0,22.110666588746792
0,0.0,22.10999949963082
0,0.0,22.109830728260025
0,0.0,22.10617892584274
0,0.0,22.098450374488134
0,0.0,22.07320832578008
0,0.0,22.06702578467724
0,0.0,22.066520353254383
0,0.0,22.0605208787731
0,0.0,22.055417222882472
0,0.0,22.05422752617118
0,0.0,22.034367722966326
0,0.0,22.009080273806767
0,0.0,21.9867222265007
0,0.0,21.98623028801464
0,0.0,21.98587536928853
0,0.0,21.968456056084527
0,0.0,21.965243758037925
0,0.0,21.950186155774823
0,0.0,21.9498978504329
0,0.0,21.945715564188603
0,0.0,21.93720480175119
0,0.0,21.891660274295266
0,0.0,21.84773036305103
0,0.0,21.833252066892864
0,0.0,21.817476651545057
0,0.0,21.797195595550463
0,0.0,21.79127758396574
0,0.0,21.77085955045751
0,0.0,21.764234683482318
0,0.0,21.761614480331083
0,0.0,21.75450720105602
0,0.0,21.753952695291403
0,0.0,21.725124722446154
0,0.0,21.723600546419448
0,0.0,21.71304994543832
0,0.0,21.708917934915245
0,0.0,21.671354976464944
0,0.0,21.668450599421938
0,0.0,21.643956971733374
0,0.0,21.641654700883162
0,0.0,21.632293030438593
0,0.0,21.629095762485665
0,0.0,21.625519152092416
0,0.0,21.541429433535676
0,0.0,21.529301218584735
0,0.0,21.52386398672207
0,0.0,21.51836667217912
0,0.0,21.515911726791913
0,0.0,21.499170378235384
0,0.0,21.49883142341963
0,0.0,21.488330451603133
0,0.0,21.476330132581246
0,0.0,21.46857519306757
0,0.0,21.455606181673907
0,0.0,21.4542038304468
0,0.0,21.445514346605353
0,0.0,21.44248038385327
0,0.0,21.430799513664713
0,0.0,21.417691553786295
0,0.0,21.417129143528406
0,0.0,21.415509484122577
0,0.0,21.410235544745692
0,0.0,21.396187310851055
0,0.0,21.389634543095077
0,0.0,21.38911264990411
0,0.0,21.381264386947215
0,0.0,21.37824662090106
0,0.0,21.37177389031585
0,0.0,21.367046679053775
0,0.0,21.364273625474244
0,0.0,21.351464110409065
0,0.0,21.349265669162417
0,0.0,21.339624762657145
0,0.0,21.322287377524727
0,0.0,21.30715076399345
0,0.0,21.279221565453632
0,0.0,21.248796895837067
0,0.0,21.244893691152974
0,0.0,21.234313691503953
0,0.0,21.227268316259646
0,0.0,21.216492282164232
0,0.0,21.208857231893003
0,0.0,21.208019148776028
0,0.0,21.19857594474232
0,0.0,21.19641045960895
0,0.0,21.158629671356355
0,0.0,21.140127044828898
0,0.0,21.137252734943992
0,0.0,21.13282829061137
0,0.0,21.11866075864117
0,0.0,21.113616714368735
0,0.0,21.113108663250976
0,0.0,21.107666269520507
0,0.0,21.050146904793408
0,0.0,21.0320009383258
0,0.0,20.999686232477778
0,0.0,20.99747101853686
0,0.0,20.996510354053214
0,0.0,20.968894429292103
0,0.0,20.967631795907657
0,0.0,20.96315611859353
0,0.0,20.944807659155078
0,0.0,20.93904815474887
0,0.0,20.93853703453099
0,0.0,20.936799612874765
0,0.0,20.935845547841417
0,0.0,20.935395214193274
0,0.0,20.93056839559882
0,0.0,20.92523405874388
0,0.0,20.92179902855479
0,0.0,20.9026858803099
0,0.0,20.901079143188046
0,0.0,20.88203986078355
0,0.0,20.86661705822462
0,0.0,20.86422363866081
0,0.0,20.859618774257033
0,0.0,20.849073335339064
0,0.0,20.830598009874514
0,0.0,20.823123391440948
0,0.0,20.804714962611566
0,0.0,20.793190698655938
0,0.0,20.789358287748154
0,0.0,20.785634686467613
0,0.0,20.759545752546714
0,0.0,20.74895479657058
0,0.0,20.737267678210223
0,0.0,20.735983483701446
0,0.0,20.708526627966183
0,0.0,20.69463405399521
0,0.0,20.692904916212505
0,0.0,20.682751542019503
0,0.0,20.67517657555474
0,0.0,20.67012127406784
0,0.0,20.66852378336613
0,0.0,20.666502825702718
0,0.0,20.663196791369373
0,0.0,20.658356251490538
0,0.0,20.655687992559713
0,0.0,20.62325545186994
0,0.0,20.601646494202726
0,0.0,20.595813178961663
0,0.0,20.582828529356224
0,0.0,20.572180810389693
0,0.0,20.567279342156617
0,0.0,20.56450362445816
0,0.0,20.551476368074404
0,0.0,20.548381353016648
0,0.0,20.544057049821493
0,0.0,20.540979636118085
0,0.0,20.539056507669322
0,0.0,20.535337589333963
0,0.0,20.53361003700086
0,0.0,20.51323599935108
0,0.0,20.506503181851524
0,0.0,20.501269097818657
0,0.0,20.483093452043157
0,0.0,20.47783766051093
0,0.0,20.4708564609662
0,0.0,20.451290688803976
0,0.0,20.445417294554314
0,0.0,20.441540796394897
0,0.0,20.42720607574916
0,0.0,20.405613699726135
0,0.0,20.40476314293168
0,0.0,20.383537958413882
0,0.0,20.377577685347813
0,0.0,20.369105102980285
0,0.0,20.355159281017087
0,0.0,20.354577691158198
0,0.0,20.353451933584676
0,0.0,20.34912073346333
0,0.0,20.347867856391957
0,0.0,20.32431065827384
0,0.0,20.31860089772658
0,0.0,20.307667338761114
0,0.0,20.30590357338012
0,0.0,20.295616023425808
0,0.0,20.292632615858647
0,0.0,20.28264436808352
0,0.0,20.24803389159322
0,0.0,20.238464431081265
0,0.0,20.23467154126347
0,0.0,20.23258844408968
0,0.0,20.2317829308916
0,0.0,20.227058115545752
0,0.0,20.221955049338767
0,0.0,20.215052758023216
0,0.0,20.21482939287444
0,0.0,20.21311553388799
0,0.0,20.212164510027264
0,0.0,20.184064833213224
0,0.0,20.172628647985107
0,0.0,20.171617558145233
0,0.0,20.157279312879652
0,0.0,20.1430539432582
0,0.0,20.13853699974382
0,0.0,20.138325022087066
0,0.0,20.130596533425177
0,0.0,20.125630452515345
0,0.0,20.117588385173438
0,0.0,20.11644929433305
0,0.0,20.11022221484179
0,0.0,20.108823571081146
0,0.0,20.101801973176986
0,0.0,20.089151431385737
0,0.0,20.068602900237117
0,0.0,20.067004826759398
0,0.0,20.05494239603497
0,0.0,20.047162510422794
0,0.0,20.04420585988524
0,0.0,20.043112482254926
0,0.0,20.039536336512178
0,0.0,20.036374045675355
0,0.0,20.03340786425168
0,0.0,20.023133518517835
0,0.0,20.018454309026012
0,0.0,20.005447656773956
0,0.0,19.99977622413292
0,0.0,19.994588915221893
0,0.0,19.992709782431746
0,0.0,19.992136738043712
0,0.0,19.984268581293556
0,0.0,19.977876130175474
0,0.0,19.95867195136329
0,0.0,19.949165845778452
0,0.0,19.935247549839367
0,0.0,19.914238886257134
0,0.0,19.908981963155195
0,0.0,19.908920693291
0,0.0,19.905890143397485
0,0.0,19.889635830357467
0,0.0,19.884032712669594
0,0.0,19.876614263774293
0,0.0,19.874517534690412
0,0.0,19.84034401876929
0,0.0,19.834210346515174
0,0.0,19.823084352253904
0,0.0,19.821486892050125
0,0.0,19.791194667443413
0,0.0,19.775934067936944
0,0.0,19.765280244557918
0,0.0,19.75546225342566
0,0.0,19.754731447795784
0,0.0,19.7508710786044
0,0.0,19.74914512208266
0,0.0,19.745526985235642
0,0.0,19.741439066111734
0,0.0,19.73449967357209
0,0.0,19.728590303929323
0,0.0,19.721770282161728
0,0.0,19.71731185933475
0,0.0,19.706826927068654
0,0.0,19.70613703664789
0,0.0,19.698103406667755
0,0.0,19.6975967121457
0,0.0,19.69130056003841
0,0.0,19.677733019877884
0,0.0,19.676934471757477
0,0.0,19.673831534505652
0,0.0,19.672808007718942
0,0.0,19.661951488774147
0,0.0,19.65505723783176
0,0.0,19.63170485703044
0,0.0,19.62351699004612
0,0.0,19.617312645065983
0,0.0,19.60337395197296
0,0.0,19.574612222660598
0,0.0,19.57199296884138
0,0.0,19.54840421385646
0,0.0,19.53738859730034
0,0.0,19.533369675948816
0,0.0,19.532672628926807
0,0.0,19.52694987876537
0,0.0,19.517589126119777
0,0.0,19.514406446144797
0,0.0,19.51074376124826
0,0.0,19.509124559264333
0,0.0,19.507383452157686
0,0.0,19.506097563782202
0,0.0,19.50349380741771
0,0.0,19.500923870274285
0,0.0,19.496506069538253
0,0.0,19.49561157108675
0,0.0,19.482363194616067
0,0.0,19.478123102588935
0,0.0,19.465847369063233
0,0.0,19.462782261998818
0,0.0,19.44084689527198
0,0.0,19.42128468883002
0,0.0,19.4197110139194
0,0.0,19.40753359084058
0,0.0,19.40106956143344
0,0.0,19.393813257015225
0,0.0,19.388932993154498
0,0.0,19.37310837452352
0,0.0,19.368197462861414
0,0.0,19.36105877603071
0,0.0,19.356801286608523
0,0.0,19.345657194297143
0,0.0,19.33857477055984
0,0.0,19.33418076417211
0,0.0,19.328991908600802
0,0.0,19.31562471683899
0,0.0,19.308284519930496
0,0.0,19.297987451303555
0,0.0,19.296461736719586
0,0.0,19.294766079382196
0,0.0,19.294060844078697
0,0.0,19.29334192313988
0,0.0,19.293155434945007
0,0.0,19.285547213418035
0,0.0,19.282184560388945
0,0.0,19.2775393154507
0,0.0,19.26253494590291
0,0.0,19.241677967665378
0,0.0,19.240167015812478
0,0.0,19.2367717070186
0,0.0,19.232699971159978
0,0.0,19.225161573463904
0,0.0,19.211156390986183
0,0.0,19.199083225546946
0,0.0,19.19782023181078
0,0.0,19.19761572373576
0,0.0,19.18587255949
0,0.0,19.16329776525685
0,0.0,19.1567962652355
0,0.0,19.15225560558956
0,0.0,19.15145467390312
0,0.0,19.149187552562797
0,0.0,19.144599963848695
0,0.0,19.123931879380464
0,0.0,19.120330183180013
0,0.0,19.117856366677266
0,0.0,19.099689121460965
0,0.0,19.084975200193714
0,0.0,19.084821286388415
0,0.0,19.08314573940659
0,0.0,19.082929373545763
0,0.0,19.072185746892192
0,0.0,19.061029124043696
0,0.0,19.055223232936445
0,0.0,19.047401650232285
0,0.0,19.043104921284602
0,0.0,19.040974913293724
0,0.0,19.03777699678985
0,0.0,19.0355819255394
0,0.0,19.03537783700743
0,0.0,19.03362295006256
0,0.0,19.030520203985592
0,0.0,19.022840100156802
0,0.0,19.02152934058132
0,0.0,19.015374549863168
0,0.0,18.995292024255786
0,0.0,18.985827502739422
0,0.0,18.977565506026714
0,0.0,18.965097807072098
0,0.0,18.96243329248569
0,0.0,18.960340880685305
0,0.0,18.95999362669043
0,0.0,18.95838271907075
0,0.0,18.951832168410295
0,0.0,18.95002977238791
0,0.0,18.942592396759796
0,0.0,18.942227458543247
0,0.0,18.941808995649836
0,0.0,18.94169808313526
0,0.0,18.92477902861568
0,0.0,18.92104156115944
0,0.0,18.918431044714715
0,0.0,18.911434871014546
0,0.0,18.893648477413798
0,0.0,18.891157799794716
0,0.0,18.888236283782664
0,0.0,18.88615381470184
0,0.0,18.882188829388927
0,0.0,18.878422610034264
0,0.0,18.872222328560607
0,0.0,18.868878792404548
0,0.0,18.863511376907834
0,0.0,18.862855434602498
0,0.0,18.861424176898357
0,0.0,18.852558841216982
0,0.0,18.851646625741918
0,0.0,18.849358488413397
0,0.0,18.846597504577257
0,0.0,18.83487275748332
0,0.0,18.831272065707545
0,0.0,18.829326509997234
0,0.0,18.82060299034649
0,0.0,18.81889384829638
0,0.0,18.817785163071118
0,0.0,18.810370683561175
0,0.0,18.798524703403878
0,0.0,18.79266875475741
0,0.0,18.791916617918478
0,0.0,18.78531463930981
0,0.0,18.78161320528547
0,0.0,18.77428864365897
0,0.0,18.769782047383504
0,0.0,18.760361476609493
0,0.0,18.75965424728825
0,0.0,18.758911195405105
0,0.0,18.75843624803918
0,0.0,18.75725273373056
0,0.0,18.74406686718083
0,0.0,18.74255615714954
0,0.0,18.733475559674577
0,0.0,18.725866756776853
0,0.0,18.71614847919923
0,0.0,18.710669937191774
0,0.0,18.70617161643377
0,0.0,18.702031814137555
0,0.0,18.696584943702675
0,0.0,18.684596262577866
0,0.0,18.683005884359655
0,0.0,18.680515150252944
0,0.0,18.677682721566633
0,0.0,18.668144790007165
0,0.0,18.66328209885596
0,0.0,18.659828557567852
0,0.0,18.653919234910774
0,0.0,18.638325966415355
0,0.0,18.633789239682034
0,0.0,18.63059554913787
0,0.0,18.614474594939658
0,0.0,18.611523746638436
0,0.0,18.608510038898576
0,0.0,18.60614739201932
0,0.0,18.597948903739464
0,0.0,18.59483943166773
0,0.0,18.58264696611228
0,0.0,18.573786456924093
0,0.0,18.557445574884863
0,0.0,18.55418813516344
0,0.0,18.552258831908027
0,0.0,18.543408258552077
0,0.0,18.54266640688266
0,0.0,18.541365627057033
0,0.0,18.532600752913126
0,0.0,18.528784881774023
0,0.0,18.52655970237668
0,0.0,18.525543455630714
0,0.0,18.523537405919818
0,0.0,18.51746165384192
0,0.0,18.51473754119899
0,0.0,18.505065857399245
0,0.0,18.504215220105277
0,0.0,18.491523183186057
0,0.0,18.47444678755361
0,0.0,18.467801200921457
0,0.0,18.46503774631632
0,0.0,18.462300696925904
0,0.0,18.45999633018108
0,0.0,18.45343646571335
0,0.0,18.452525848809778
0,0.0,18.451812185504675
0,0.0,18.447827693056357
0,0.0,18.44377974816024
0,0.0,18.433269816690913
0,0.0,18.43087507342782
0,0.0,18.427307659498187
0,0.0,18.425736825825865
0,0.0,18.4164464604378
0,0.0,18.412023474214205
0,0.0,18.4094188016833
0,0.0,18.39832308546617
0,0.0,18.371447063178532
0,0.0,18.368288201244482
0,0.0,18.366113326975526
0,0.0,18.365588780953722
0,0.0,18.3644553431172
0,0.0,18.36325160237741
0,0.0,18.35619610736215
0,0.0,18.35296891592405
0,0.0,18.352170342413054
0,0.0,18.35215847100028
0,0.0,18.34719090618026
0,0.0,18.34692251969094
0,0.0,18.34089872010187
0,0.0,18.339405517438593
0,0.0,18.33290874086216
0,0.0,18.32801947827212
0,0.0,18.32406085677787
0,0.0,18.322923308476856
0,0.0,18.310612573549218
0,0.0,18.299980340002502
0,0.0,18.294900474839185
0,0.0,18.292641404716953
0,0.0,18.289266031971657
0,0.0,18.287565797209204
0,0.0,18.274544977569267
0,0.0,18.259861322419233
0,0.0,18.258740220804157
0,0.0,18.258379371976666
0,0.0,18.254287030260837
0,0.0,18.250048743359983
0,0.0,18.243642622944467
0,0.0,18.241882109002063
0,0.0,18.234871477476577
0,0.0,18.234438419839282
0,0.0,18.233655557743536
0,0.0,18.2273675329623
0,0.0,18.223266032771765
0,0.0,18.216210210914518
0,0.0,18.212546366400165
0,0.0,18.210559854735283
0,0.0,18.202465857340982
0,0.0,18.201573779973888
0,0.0,18.193828336549856
0,0.0,18.189709186702327
0,0.0,18.173612239139327
0,0.0,18.172675537007454
0,0.0,18.167209210431327
0,0.0,18.165334237118707
0,0.0,18.154316159653664
0,0.0,18.13082340962511
0,0.0,18.125008846023977
0,0.0,18.123981926713498
0,0.0,18.12049764127728
0,0.0,18.115109986031335
0,0.0,18.106346985336938
0,0.0,18.0877586809567
0,0.0,18.079638515866115
0,0.0,18.068901509542844
0,0.0,18.059560470266263
0,0.0,18.057954981373012
0,0.0,18.0523365858474
0,0.0,18.050285906028027
0,0.0,18.04125088770313
0,0.0,18.035795017403032
0,0.0,18.035297446559714
0,0.0,18.0253621850484
0,0.0,18.02488151309651
0,0.0,18.024820390492074
0,0.0,18.02281607890572
0,0.0,18.020709934418143
0,0.0,18.010190699965438
0,0.0,18.008819756730762
0,0.0,18.005338227329517
0,0.0,18.003941402572345
0,0.0,18.001798257550806
0,0.0,18.000958286416378
0,0.0,17.992944847336247
0,0.0,17.987229946390162
0,0.0,17.98476058816009
0,0.0,17.98457391592985
0,0.0,17.982544702797515
0,0.0,17.954911922458372
0,0.0,17.952576058673774
0,0.0,17.950561868846197
0,0.0,17.949384944660547
0,0.0,17.94287184975259
0,0.0,17.94202096521797
0,0.0,17.934717514899717
0,0.0,17.93415636907807
0,0.0,17.929683354775054
0,0.0,17.92966722833131
0,0.0,17.927432760196915
0,0.0,17.918320143437754
0,0.0,17.91348192630243
0,0.0,17.913418274304252
0,0.0,17.908258022039618
0,0.0,17.903133791225446
0,0.0,17.898960583292013
0,0.0,17.897219670609072
0,0.0,17.89104098768667
0,0.0,17.88058444299149
0,0.0,17.87444193072147
0,0.0,17.87177580297862
0,0.0,17.868279584914717
0,0.0,17.83657412759303
0,0.0,17.83509230678305
0,0.0,17.830415315499188
0,0.0,17.825285423069968
0,0.0,17.8248480638845
0,0.0,17.824339180472734
0,0.0,17.821773231685135
0,0.0,17.81784860274653
0,0.0,17.816032851745838
0,0.0,17.796662304405388
0,0.0,17.787503216418372
0,0.0,17.783434867159674
0,0.0,17.78140618588804
0,0.0,17.780760655931978
0,0.0,17.77795969846348
0,0.0,17.777546779255943
0,0.0,17.76698730283072
0,0.0,17.763401341959508
0,0.0,17.75830270702422
0,0.0,17.756575844128744
0,0.0,17.74895462666311
0,0.0,17.74386123081437
0,0.0,17.74171055297398
0,0.0,17.736630448693422
0,0.0,17.73160548123414
0,0.0,17.72642907957848
0,0.0,17.71217032007681
0,0.0,17.710053515590573
0,0.0,17.699692832664383
0,0.0,17.694304651836752
0,0.0,17.691946794722565
0,0.0,17.687605516532482
0,0.0,17.68598695388384
0,0.0,17.682804786270236
0,0.0,17.67849507303288
0,0.0,17.67756466547026
0,0.0,17.6751623113541
0,0.0,17.67301603722857
0,0.0,17.66867745822347
0,0.0,17.66589566905974
0,0.0,17.664269099620395
0,0.0,17.66368000862834
0,0.0,17.663632554623522
0,0.0,17.662084954119244
0,0.0,17.657346595024087
0,0.0,17.655994957155674
0,0.0,17.65572752349784
0,0.0,17.65521792774891
0,0.0,17.646170357560333
0,0.0,17.644972044444305
0,0.0,17.64030003157517
0,0.0,17.63891375109197
0,0.0,17.633168540515577
0,0.0,17.630131806178735
0,0.0,17.62519428514685
0,0.0,17.62506283512254
0,0.0,17.6247097060174
0,0.0,17.62237580991071
0,0.0,17.612830053401836
0,0.0,17.603712225175393
0,0.0,17.59489644401756
0,0.0,17.592235300094803
0,0.0,17.59037803988922
0,0.0,17.590145853726945
0,0.0,17.582620130982722
0,0.0,17.58183749453406
0,0.0,17.576695620808835
0,0.0,17.572701890769064
0,0.0,17.568471925648144
0,0.0,17.564240408642856
0,0.0,17.555923278596357
0,0.0,17.550948757797684
0,0.0,17.55022115692673
0,0.0,17.548592001626357
0,0.0,17.537568927387778
0,0.0,17.532985694920715
0,0.0,17.531789376438617
0,0.0,17.530364206050994
0,0.0,17.52566758690086
0,0.0,17.5157920603946
0,0.0,17.510005513436642
0,0.0,17.500291332913122
0,0.0,17.49957383492904
0,0.0,17.49708741468708
0,0.0,17.497043531876393
0,0.0,17.48510885454254
0,0.0,17.48388763534867
0,0.0,17.47980850381037
0,0.0,17.479036904517795
0,0.0,17.47686791019942
0,0.0,17.469996636451558
0,0.0,17.462453110712588
0,0.0,17.44692084438063
0,0.0,17.445918997918486
0,0.0,17.445736965302345
0,0.0,17.44446932905612
0,0.0,17.443341057154342
0,0.0,17.44226736461115
0,0.0,17.435656611446138
0,0.0,17.426157731919997
0,0.0,17.4208919747361
0,0.0,17.417467446487837
0,0.0,17.415737700099434
0,0.0,17.413582974449945
0,0.0,17.411319929496777
0,0.0,17.40569796745736
0,0.0,17.403757730738977
0,0.0,17.40339338087625
0,0.0,17.395253138932514
0,0.0,17.391292650832014
0,0.0,17.38983369211136
0,0.0,17.386425240127693
0,0.0,17.379211020399985
0,0.0,17.3789522797178
0,0.0,17.37049558550002
0,0.0,17.363790111206864
0,0.0,17.36377490726793
0,0.0,17.359680520678136
0,0.0,17.35381089630917
0,0.0,17.34069597843723
0,0.0,17.333701941039507
0,0.0,17.332974903984994
0,0.0,17.332031398746686
0,0.0,17.3200548278331
0,0.0,17.310157520576272
0,0.0,17.298647590217325
0,0.0,17.291936977318628
0,0.0,17.289962930336433
0,0.0,17.284924100002804
0,0.0,17.284770090268832
0,0.0,17.279699832298437
0,0.0,17.266966894062456
0,0.0,17.261822963914895
0,0.0,17.253169642417085
0,0.0,17.251241374850004
0,0.0,17.238865607881216
0,0.0,17.238820358920503
0,0.0,17.23863083266651
0,0.0,17.23647072322606
0,0.0,17.234475348120693
0,0.0,17.209191194094156
0,0.0,17.20690393536747
0,0.0,17.20371215704891
0,0.0,17.19327666549291
0,0.0,17.1900380353931
0,0.0,17.186263705593547
0,0.0,17.183126840954973
0,0.0,17.17612788123957
0,0.0,17.175813145865188
0,0.0,17.15649107502086
0,0.0,17.155019079862026
0,0.0,17.146351969960044
0,0.0,17.14012260905952
0,0.0,17.134295922695625
0,0.0,17.132705490625167
0,0.0,17.130639709452282
0,0.0,17.130536023040495
0,0.0,17.129794608469037
0,0.0,17.12921981718688
0,0.0,17.12831375683938
0,0.0,17.123009184915936
0,0.0,17.117507216731024
0,0.0,17.1156400897178
0,0.0,17.110401697471442
0,0.0,17.109373222732255
0,0.0,17.10796875739139
0,0.0,17.107003428005424
0,0.0,17.09795640184387
0,0.0,17.094252069643193
0,0.0,17.09280348354684
0,0.0,17.089089977800114
0,0.0,17.08426568302237
0,0.0,17.083668664892635
0,0.0,17.077549557281635
0,0.0,17.073357247229236
0,0.0,17.073294455349778
0,0.0,17.070423579260606
0,0.0,17.064690957121947
0,0.0,17.04986300888466
0,0.0,17.04889305716579
0,0.0,17.03215935254758
0,0.0,17.030925392446942
0,0.0,17.027014245563365
0,0.0,17.025900459845555
0,0.0,17.024115357865576
0,0.0,17.016014803434224
0,0.0,17.011717845192834
0,0.0,17.00799299724886
0,0.0,17.0046271590915
0,0.0,17.00193518242713
0,0.0,17.001080002385407
0,0.0,17.000801488909833
0,0.0,16.998221431649913
0,0.0,16.99594569649483
0,0.0,16.99220195775565
0,0.0,16.981320089883923
0,0.0,16.97890439281877
0,0.0,16.97635499841312
0,0.0,16.968249759865795
0,0.0,16.9621729205274
0,0.0,16.95684570278554
0,0.0,16.95306311089181
0,0.0,16.94834006185318
0,0.0,16.943732314401306
0,0.0,16.93916848533357
0,0.0,16.930664863941455
0,0.0,16.928321436523856
0,0.0,16.926309628921583
0,0.0,16.92019874232029
0,0.0,16.910483213705817
0,0.0,16.90149418765231
0,0.0,16.89828931560729
0,0.0,16.89721697572335
0,0.0,16.893327684023326
0,0.0,16.891248571369186
0,0.0,16.887215941659008
0,0.0,16.886641218340095
0,0.0,16.886276712522015
0,0.0,16.874257000869576
0,0.0,16.87125989366123
0,0.0,16.858254897462658
0,0.0,16.852032714854822
0,0.0,16.849903330298137
0,0.0,16.84193271468448
0,0.0,16.83802723338508
0,0.0,16.83428847886269
0,0.0,16.82925428222361
0,0.0,16.817085228038664
0,0.0,16.81413230453762
0,0.0,16.80879192077124
0,0.0,16.800216168615258
0,0.0,16.799465181508758
0,0.0,16.798937916650942
0,0.0,16.796926833158878
0,0.0,16.79095985895101
0,0.0,16.78203065601002
0,0.0,16.781431037356608
0,0.0,16.777568005195924
0,0.0,16.76922106710094
0,0.0,16.769047380006782
0,0.0,16.767151134847484
0,0.0,16.757888709583437
0,0.0,16.75732550129782
0,0.0,16.743252336380575
0,0.0,16.741155481959105
0,0.0,16.7408008340323
0,0.0,16.74076473882978
0,0.0,16.73835081668567
0,0.0,16.736109538998416
0,0.0,16.733390255998696
0,0.0,16.73031899348039
0,0.0,16.72084900777403
0,0.0,16.720607695524095
0,0.0,16.71997453180134
0,0.0,16.71954150824163
0,0.0,16.71927800745802
0,0.0,16.71742780373823
0,0.0,16.71708578589014
0,0.0,16.714279828754332
0,0.0,16.713981537747284
0,0.0,16.70883094584775
0,0.0,16.691806253983547
0,0.0,16.684180119144152
0,0.0,16.679814172627115
0,0.0,16.679766215858066
0,0.0,16.67805534729882
0,0.0,16.67180976070366
0,0.0,16.668373250073817
0,0.0,16.666106986484824
0,0.0,16.66480099092266
0,0.0,16.6646466424018
0,0.0,16.664621848429608
0,0.0,16.66180058651664
0,0.0,16.660989580057254
0,0.0,16.656254616770468
0,0.0,16.655550744833196
0,0.0,16.65125495738551
0,0.0,16.648492225231113
0,0.0,16.64613652718738
0,0.0,16.633213370453557
0,0.0,16.631849640688642
0,0.0,16.629613392912322
0,0.0,16.629183596538088
0,0.0,16.626117081935924
0,0.0,16.61619112251571
0,0.0,16.61388892111218
0,0.0,16.60501303639463
0,0.0,16.60400309085812
0,0.0,16.59904082332904
0,0.0,16.5950856942601
0,0.0,16.58747065689053
0,0.0,16.579559201255393
0,0.0,16.57469875644466
0,0.0,16.574461440418396
0,0.0,16.572882772758874
0,0.0,16.56909643528043
0,0.0,16.559371192715812
0,0.0,16.539601083458017
0,0.0,16.527852283032338
0,0.0,16.525318571611997
0,0.0,16.522086511563927
0,0.0,16.518298812585183
0,0.0,16.499945865919873
0,0.0,16.49315474317013
0,0.0,16.490496637751743
0,0.0,16.48410173731901
0,0.0,16.476671949730356
0,0.0,16.4732199268901
0,0.0,16.46322538981073
0,0.0,16.459954030855467
0,0.0,16.447566058844355
0,0.0,16.446353830274337
0,0.0,16.442240564508108
0,0.0,16.439184320577276
0,0.0,16.437779226345423
0,0.0,16.431553170422433
0,0.0,16.430151501450272
0,0.0,16.42979749076614
0,0.0,16.423316429603382
0,0.0,16.422557930780453
0,0.0,16.422485690298224
0,0.0,16.420894126694996
0,0.0,16.419710146768566
0,0.0,16.41846786945012
0,0.0,16.396441751309723
0,0.0,16.392421477904364
0,0.0,16.383033451188762
0,0.0,16.381034065728855
0,0.0,16.380632703963293
0,0.0,16.380500749191004
0,0.0,16.37111341150472
0,0.0,16.370802504023345
0,0.0,16.369248136327734
0,0.0,16.366068622216687
0,0.0,16.3637470199828
0,0.0,16.35782830544225
0,0.0,16.356707444156807
0,0.0,16.351762232767285
0,0.0,16.346281953877774
0,0.0,16.342989149343676
0,0.0,16.34040187087046
0,0.0,16.33065949716652
0,0.0,16.326077460979906
0,0.0,16.316945005076313
0,0.0,16.31452259637215
0,0.0,16.312735052535746
0,0.0,16.30931445143424
0,0.0,16.307201576996178
0,0.0,16.306396660653522
0,0.0,16.29804431150231
0,0.0,16.29659637085798
0,0.0,16.28851066323551
0,0.0,16.287999045225934
0,0.0,16.284648943815252
0,0.0,16.284081305593624
0,0.0,16.281419969171683
0,0.0,16.27968229543341
0,0.0,16.27955069000873
0,0.0,16.276450062801146
0,0.0,16.27155125648847
0,0.0,16.271102857112638
0,0.0,16.26948516203835
0,0.0,16.26381177772962
0,0.0,16.25667187790277
0,0.0,16.25606904036167
0,0.0,16.25594578457359
0,0.0,16.24988818453376
0,0.0,16.24661736458436
0,0.0,16.24198228691352
0,0.0,16.24097773770087
0,0.0,16.240433253497788
0,0.0,16.23659109362093
0,0.0,16.222027423304016
0,0.0,16.217937529727536
0,0.0,16.215392022321705
0,0.0,16.215383913917737
0,0.0,16.20163251326542
0,0.0,16.19253383473537
0,0.0,16.188245594491864
0,0.0,16.18429398079706
0,0.0,16.181159206273218
0,0.0,16.17138312082397
0,0.0,16.17091920481722
0,0.0,16.170455107378913
0,0.0,16.164964511408584
0,0.0,16.161993299179265
0,0.0,16.16114780710847
0,0.0,16.15620219475884
0,0.0,16.15202270162283
0,0.0,16.143767331446096
0,0.0,16.141713803033724
0,0.0,16.14102425611611
0,0.0,16.139739720874534
0,0.0,16.134281913670836
0,0.0,16.131645311899963
0,0.0,16.131224394183434
0,0.0,16.124657991281545
0,0.0,16.11960016378107
0,0.0,16.113542309337806
0,0.0,16.109412928688098
0,0.0,16.09701657481128
0,0.0,16.09494758729897
0,0.0,16.090680331170667
0,0.0,16.089938924542224
0,0.0,16.088595454546276
0,0.0,16.086437270191688
0,0.0,16.085866813309156
0,0.0,16.082071147613657
0,0.0,16.076348351495643
0,0.0,16.07069130395674
0,0.0,16.067124668150218
0,0.0,16.066221558904633
0,0.0,16.0523338011361
0,0.0,16.049594932306967
0,0.0,16.03932192114346
0,0.0,16.03546244659978
0,0.0,16.03209883506922
0,0.0,16.026743447354242
0,0.0,16.02415074837432
0,0.0,16.023614480343735
0,0.0,16.02162669239895
0,0.0,16.00784030163234
0,0.0,16.00743725974625
0,0.0,16.004459163076444
0,0.0,16.00273152774895
0,0.0,15.9874758322051
0,0.0,15.984886358956702
0,0.0,15.97356866734267
0,0.0,15.973149287279256
0,0.0,15.971336135300037
0,0.0,15.958501260462745
0,0.0,15.958149538549277
0,0.0,15.952997077741426
0,0.0,15.95291459119629
0,0.0,15.929374680092705
0,0.0,15.923727541123439
0,0.0,15.915310777085345
0,0.0,15.915068759643498
0,0.0,15.911851757553224
0,0.0,15.906730790497488
0,0.0,15.888305761820044
0,0.0,15.874938435925682
0,0.0,15.865258220322072
0,0.0,15.862421586265286
0,0.0,15.859711107078917
0,0.0,15.857402363349419
0,0.0,15.852962222214
0,0.0,15.851061743859976
0,0.0,15.842710893880145
0,0.0,15.842539791117675
0,0.0,15.841859562817245
0,0.0,15.84159941138099
0,0.0,15.840959830361781
0,0.0,15.838004255156926
0,0.0,15.825620203358215
0,0.0,15.81678075555148
0,0.0,15.814167228973476
0,0.0,15.795662726046274
0,0.0,15.795411619198829
0,0.0,15.793546464284164
0,0.0,15.790610177966748
0,0.0,15.790069979939846
0,0.0,15.788165327651356
0,0.0,15.783025649439473
0,0.0,15.777831678056746
0,0.0,15.776825573011857
0,0.0,15.773343543336097
0,0.0,15.761643550810737
0,0.0,15.756034147204325
0,0.0,15.74982252563459
0,0.0,15.73913547913058
0,0.0,15.728848828772842
0,0.0,15.724177436273775
0,0.0,15.719149639509594
0,0.0,15.718774315746007
0,0.0,15.717737899021495
0,0.0,15.713989053570238
0,0.0,15.707436390224805
0,0.0,15.706472638677457
0,0.0,15.700437172918322
0,0.0,15.699155678673453
0,0.0,15.691058831550446
0,0.0,15.683776905420014
0,0.0,15.680374164414435
0,0.0,15.679339457507654
0,0.0,15.678896101319873
0,0.0,15.66516796875817
0,0.0,15.66390959174867
0,0.0,15.656917976658255
0,0.0,15.653192482136483
0,0.0,15.651833071609445
0,0.0,15.643413025997678
0,0.0,15.641528432224796
0,0.0,15.63415038188235
0,0.0,15.633647494507828
0,0.0,15.632598807830185
0,0.0,15.631798093431355
0,0.0,15.624379697828806
0,0.0,15.616532045735644
0,0.0,15.61338257286967
0,0.0,15.609791721326092
0,0.0,15.608064901690234
0,0.0,15.596146579911169
0,0.0,15.595654360565748
0,0.0,15.59061989642395
0,0.0,15.569553304379339
0,0.0,15.564961266900761
0,0.0,15.564551699874146
0,0.0,15.561776832501486
0,0.0,15.559378236937537
0,0.0,15.542292126497262
0,0.0,15.537368341254261
0,0.0,15.531050342399187
0,0.0,15.530391368151571
0,0.0,15.52250705210927
0,0.0,15.521946694806621
0,0.0,15.52106114292357
0,0.0,15.520896150948634
0,0.0,15.51967483709933
0,0.0,15.515986813583053
0,0.0,15.514007073041268
0,0.0,15.503057616265833
0,0.0,15.490513866292714
0,0.0,15.486179870296409
0,0.0,15.483056372281414
0,0.0,15.479829075793052
0,0.0,15.478221778022228
0,0.0,15.473042429519582
0,0.0,15.469476640809484
0,0.0,15.466974701412067
0,0.0,15.465559303949435
0,0.0,15.460360523512275
0,0.0,15.459381238360777
0,0.0,15.456719721691078
0,0.0,15.450759382458196
0,0.0,15.450047965684625
0,0.0,15.449960888434694
0,0.0,15.449157042598188
0,0.0,15.440079486236733
0,0.0,15.437260384054822
0,0.0,15.425512628938474
0,0.0,15.422941914083752
0,0.0,15.422386275481376
0,0.0,15.415872660074513
0,0.0,15.398468136947525
0,0.0,15.39611781914971
0,0.0,15.393975167673398
0,0.0,15.390677155339107
0,0.0,15.38855619218188
0,0.0,15.379776977222146
0,0.0,15.378582653045335
0,0.0,15.374757200412889
0,0.0,15.372603406681359
0,0.0,15.362940562587724
0,0.0,15.358083475670426
0,0.0,15.357315727539131
0,0.0,15.356539404844456
0,0.0,15.352608811399506
0,0.0,15.35237409206854
0,0.0,15.343396347221933
0,0.0,15.342713968885056
0,0.0,15.338359601885715
0,0.0,15.332874381320615
0,0.0,15.325272105715799
0,0.0,15.320900714842162
0,0.0,15.320275732919153
0,0.0,15.316548932728088
0,0.0,15.315673633360719
0,0.0,15.313729395497147
0,0.0,15.30805230869476
0,0.0,15.306183459743226
0,0.0,15.303673325872467
0,0.0,15.303130519487246
0,0.0,15.299118978671224
0,0.0,15.295375411085955
0,0.0,15.28954930794792
0,0.0,15.288062795851182
0,0.0,15.285253793742601
0,0.0,15.285252655453315
0,0.0,15.285201271420206
0,0.0,15.281657716455284
0,0.0,15.281228282230755
0,0.0,15.276632016446204
0,0.0,15.261003186193582
0,0.0,15.260193885903423
0,0.0,15.259645334398156
0,0.0,15.259529971226808
0,0.0,15.258790477606002
0,0.0,15.256312448843389
0,0.0,15.244994335688702
0,0.0,15.243340208695301
0,0.0,15.243262913601097
0,0.0,15.242106322047116
0,0.0,15.241705812483929
0,0.0,15.239296616640825
0,0.0,15.239265697699071
0,0.0,15.237706981076892
0,0.0,15.219891091166264
0,0.0,15.21914937142094
0,0.0,15.207116153821838
0,0.0,15.205713963123253
0,0.0,15.201012439050746
0,0.0,15.19610902137778
0,0.0,15.195792391494193
0,0.0,15.183921138532535
0,0.0,15.18134243837476
0,0.0,15.181201222512772
0,0.0,15.174388668248444
0,0.0,15.16962134712068
0,0.0,15.166727224604427
0,0.0,15.16617440995978
0,0.0,15.146972173646247
0,0.0,15.135072999736725
0,0.0,15.130426783430517
0,0.0,15.130149855133991
0,0.0,15.129287053883761
0,0.0,15.125509535803007
0,0.0,15.12319807524327
0,0.0,15.120064309840592
0,0.0,15.11781132110442
0,0.0,15.116702938895068
0,0.0,15.115066606611016
0,0.0,15.113690161929595
0,0.0,15.10909602218251
0,0.0,15.104370485686008
0,0.0,15.101397165033834
0,0.0,15.088273425939818
0,0.0,15.075503868287
0,0.0,15.073000354536289
0,0.0,15.067996431899207
0,0.0,15.059394459728017
0,0.0,15.057667106729825
0,0.0,15.050783162796641
0,0.0,15.04810476727813
0,0.0,15.04456973476429
0,0.0,15.042913122824618
0,0.0,15.04218378048948
0,0.0,15.033524283645315
0,0.0,15.02708031387778
0,0.0,15.019515836914907
0,0.0,15.0135015059552
0,0.0,14.997746775095159
0,0.0,14.98878863663016
0,0.0,14.98626760513695
0,0.0,14.976700364004529
0,0.0,14.96239632312652
0,0.0,14.95534158461668
0,0.0,14.949680867338408
0,0.0,14.94884894665695
0,0.0,14.941823019313105
0,0.0,14.935581163632742
0,0.0,14.93051126323284
0,0.0,14.92935151855187
0,0.0,14.926402852255825
0,0.0,14.922746970209893
0,0.0,14.917854508762163
0,0.0,14.904056105387621
0,0.0,14.903266096560209
0,0.0,14.90057375901955
0,0.0,14.895302415371246
0,0.0,14.891892886592549
0,0.0,14.888189511121052
0,0.0,14.873090154632402
0,0.0,14.87244791826068
0,0.0,14.872239869339229
0,0.0,14.868774385705853
0,0.0,14.86863990611766
0,0.0,14.868069553669654
0,0.0,14.8647731074838
0,0.0,14.864313230013442
0,0.0,14.86425390517494
0,0.0,14.861176242927208
0,0.0,14.85859715358107
0,0.0,14.839452813464144
0,0.0,14.839406464106023
0,0.0,14.836231066234301
0,0.0,14.83099630170383
0,0.0,14.825610008075373
0,0.0,14.82557483821342
0,0.0,14.80211627725376
0,0.0,14.799774139972923
0,0.0,14.798332857000386
0,0.0,14.79810635721393
0,0.0,14.782576776261296
0,0.0,14.777371565263566
0,0.0,14.775108291416679
0,0.0,14.768634641209887
0,0.0,14.76761039959166
0,0.0,14.76549523246715
0,0.0,14.754336736213723
0,0.0,14.754314401029253
0,0.0,14.74903127248265
0,0.0,14.73099676599667
0,0.0,14.727081958924012
0,0.0,14.722397359188141
0,0.0,14.72108953359181
0,0.0,14.706103630810883
0,0.0,14.705541539302267
0,0.0,14.702696062239985
0,0.0,14.691856641605144
0,0.0,14.689643916808452
0,0.0,14.688530084403522
0,0.0,14.682318622873217
0,0.0,14.666965929481483
0,0.0,14.663934880138449
0,0.0,14.65127924216868
0,0.0,14.633822922876949
0,0.0,14.624925936813131
0,0.0,14.624214258045598
0,0.0,14.620693172637857
0,0.0,14.616244604311884
0,0.0,14.614888391775047
0,0.0,14.605932858679285
0,0.0,14.605236354965367
0,0.0,14.599350947760904
0,0.0,14.596532297496188
0,0.0,14.59451048560167
0,0.0,14.586276802144951
0,0.0,14.58095453938606
0,0.0,14.579493111187546
0,0.0,14.578503320454791
0,0.0,14.576748409476322
0,0.0,14.574355154582276
0,0.0,14.564063656406626
0,0.0,14.545533120228793
0,0.0,14.540829403592504
0,0.0,14.536455868394183
0,0.0,14.535325398590652
0,0.0,14.534633675802192
0,0.0,14.533532027430617
0,0.0,14.529993488851911
0,0.0,14.529791582102618
0,0.0,14.523027748604132
0,0.0,14.515963420033343
0,0.0,14.51594744106454
0,0.0,14.512919953122932
0,0.0,14.504130956124834
0,0.0,14.499737586772813
0,0.0,14.499352238832417
0,0.0,14.492054217544068
0,0.0,14.477889892762203
0,0.0,14.470980768852508
0,0.0,14.46654537169759
0,0.0,14.460465449607364
0,0.0,14.458712459663968
0,0.0,14.44671953620661
0,0.0,14.438602570230552
0,0.0,14.438551284718265
0,0.0,14.437448926085949
0,0.0,14.432374507747456
0,0.0,14.429688601914286
0,0.0,14.42713837888344
0,0.0,14.42631189184134
0,0.0,14.420780856419517
0,0.0,14.41910933541868
0,0.0,14.41751828242748
0,0.0,14.41722897812278
0,0.0,14.412473874573715
0,0.0,14.41244196624475
0,0.0,14.412347697630214
0,0.0,14.410056952189501
0,0.0,14.406181499210208
0,0.0,14.40116716760608
0,0.0,14.394300225925992
0,0.0,14.391413092433769
0,0.0,14.38771410905034
0,0.0,14.377660211520714
0,0.0,14.36910829177537
0,0.0,14.36416995987537
0,0.0,14.359777294871568
0,0.0,14.355670052621198
0,0.0,14.352760212521753
0,0.0,14.348094390591575
0,0.0,14.34078572659528
0,0.0,14.334250864362977
0,0.0,14.32354939430865
0,0.0,14.322152153816216
0,0.0,14.31648164717917
0,0.0,14.309276849240227
0,0.0,14.303367444470904
0,0.0,14.286720646800315
0,0.0,14.279588387611359
0,0.0,14.263645344216334
0,0.0,14.244487999695874
0,0.0,14.241175825096617
0,0.0,14.240066917167887
0,0.0,14.236448980292277
0,0.0,14.233022006677341
0,0.0,14.212893886458657
0,0.0,14.211136133465708
0,0.0,14.210371776982482
0,0.0,14.209477877237708
0,0.0,14.204511998146497
0,0.0,14.198697603426677
0,0.0,14.196739666557766
0,0.0,14.187163347695037
0,0.0,14.175931184523407
0,0.0,14.174847689341519
0,0.0,14.162580209222309
0,0.0,14.158211577187469
0,0.0,14.150185840260654
0,0.0,14.14503899580386
0,0.0,14.139241455068465
0,0.0,14.131953128028245
0,0.0,14.130149623644279
0,0.0,14.125135433654984
0,0.0,14.122916316432025
0,0.0,14.118757023498896
0,0.0,14.113742833267485
0,0.0,14.112957295643335
0,0.0,14.106084227226281
0,0.0,14.101171670570979
0,0.0,14.10068287965265
0,0.0,14.094872465522402
0,0.0,14.092994458788581
0,0.0,14.090949344153644
0,0.0,14.079817626605445
0,0.0,14.0775356890319
0,0.0,14.073684567988863
0,0.0,14.066932003042648
0,0.0,14.058286479973088
0,0.0,14.051062017543078
0,0.0,14.047862351115647
0,0.0,14.041047570049455
0,0.0,14.039095921519523
0,0.0,14.037494095653525
0,0.0,14.034090078884033
0,0.0,14.028365861245753
0,0.0,14.027813797763514
0,0.0,14.011303549682484
0,0.0,13.997182360244269
0,0.0,13.997133457985525
0,0.0,13.986784715180159
0,0.0,13.985787285923612
0,0.0,13.982583405904386
0,0.0,13.980462207436101
0,0.0,13.974339069928515
0,0.0,13.967187978806228
0,0.0,13.946195328030669
0,0.0,13.937619261580629
0,0.0,13.93417909146248
0,0.0,13.912257917006821
0,0.0,13.911947931855467
0,0.0,13.905758130257274
0,0.0,13.901126677747568
0,0.0,13.90009026667659
0,0.0,13.899228197080197
0,0.0,13.88908077027456
0,0.0,13.881876077980747
0,0.0,13.873815672982728
0,0.0,13.871509491267304
0,0.0,13.869125082440142
0,0.0,13.86729922961289
0,0.0,13.858944731420909
0,0.0,13.856002993877908
0,0.0,13.843675353168113
0,0.0,13.84149013815443
0,0.0,13.840655477082613
0,0.0,13.83466803408898
0,0.0,13.833184219627535
0,0.0,13.826359549442515
0,0.0,13.804139227393138
0,0.0,13.80308253718078
0,0.0,13.792310763910395
0,0.0,13.781083052753171
0,0.0,13.777296717308896
0,0.0,13.776632538375331
0,0.0,13.76083500002225
0,0.0,13.758505741752435
0,0.0,13.751257488610639
0,0.0,13.745961330167848
0,0.0,13.725644991354397
0,0.0,13.719322000632056
0,0.0,13.71510887007828
0,0.0,13.711094069381911
0,0.0,13.709323103323104
0,0.0,13.699594090770438
0,0.0,13.696249128189871
0,0.0,13.688123041698999
0,0.0,13.684889313250382
0,0.0,13.663202034375328
0,0.0,13.658092024502066
0,0.0,13.649096122548558
0,0.0,13.645824276708789
0,0.0,13.640468523627337
0,0.0,13.63373738037132
0,0.0,13.62963506405724
0,0.0,13.628985943707887
0,0.0,13.620094948778696
0,0.0,13.619793086415873
0,0.0,13.619551944453905
0,0.0,13.599306447631582
0,0.0,13.59565118056834
0,0.0,13.588105118556292
0,0.0,13.587221268914098
0,0.0,13.584954482383989
0,0.0,13.58056849514564
0,0.0,13.575098944877881
0,0.0,13.574647405637302
0,0.0,13.57371738603143
0,0.0,13.569489649409595
0,0.0,13.565286994044149
0,0.0,13.542612841873222
0,0.0,13.538006828107871
0,0.0,13.534088105208456
0,0.0,13.525972472165535
0,0.0,13.516411041045286
0,0.0,13.511382162634224
0,0.0,13.508941201153853
0,0.0,13.498889806586686
0,0.0,13.498437515896955
0,0.0,13.493238039689846
0,0.0,13.492787440627007
0,0.0,13.48680370127342
0,0.0,13.484983580494259
0,0.0,13.475750168449249
0,0.0,13.470357212821803
0,0.0,13.449648927171747
0,0.0,13.431998551085416
0,0.0,13.430910393415612
0,0.0,13.428006041626714
0,0.0,13.427267541236567
0,0.0,13.385799701567077
0,0.0,13.38019419123599
0,0.0,13.376802692222608
0,0.0,13.358183637880348
0,0.0,13.352910481865845
0,0.0,13.347221522296268
0,0.0,13.33771767265397
0,0.0,13.335128191733874
0,0.0,13.329903595124035
0,0.0,13.305412689966028
0,0.0,13.304928229375857
0,0.0,13.266435174536234
0,0.0,13.252968624984927
0,0.0,13.24531162621354
0,0.0,13.240103808901376
0,0.0,13.237770248198256
0,0.0,13.231000565728284
0,0.0,13.230004392898879
0,0.0,13.22983021941374
0,0.0,13.218818120056833
0,0.0,13.216522299972858
0,0.0,13.212044061983416
0,0.0,13.202010002824677
0,0.0,13.200566634554427
0,0.0,13.200453660817892
0,0.0,13.184562859092798
0,0.0,13.181278765187837
0,0.0,13.175876507045661
0,0.0,13.166998028642682
0,0.0,13.144069506361532
0,0.0,13.138738724981168
0,0.0,13.130327252096427
0,0.0,13.12298753294136
0,0.0,13.122526308620744
0,0.0,13.112579251108928
0,0.0,13.100323326390885
0,0.0,13.090646204193378
0,0.0,13.09056668469054
0,0.0,13.078087437273402
0,0.0,13.073774116873986
0,0.0,13.057278862743047
0,0.0,13.055068209329853
0,0.0,13.052687815028222
0,0.0,13.04414909317819
0,0.0,13.028872648308726
0,0.0,13.022112256265604
0,0.0,13.011767251555733
0,0.0,13.004625316240341
0,0.0,13.000552980637849
0,0.0,12.99838180422312
0,0.0,12.979910056862623
0,0.0,12.973524843629804
0,0.0,12.962563362821973
0,0.0,12.961253112027306
0,0.0,12.957741993941427
0,0.0,12.957490031399072
0,0.0,12.951246846816078
0,0.0,12.944575127372328
0,0.0,12.93838505888462
0,0.0,12.93051343650138
0,0.0,12.928662778353576
0,0.0,12.926544401626595
0,0.0,12.924868852086293
0,0.0,12.92182164158948
0,0.0,12.920147061634129
0,0.0,12.91264909438097
0,0.0,12.90744841822845
0,0.0,12.902386104956118
0,0.0,12.89471069831709
0,0.0,12.892274594097172
0,0.0,12.888047242661496
0,0.0,12.866213468279199
0,0.0,12.864147596101823
0,0.0,12.852471748607954
0,0.0,12.850250833228369
0,0.0,12.83743542942214
0,0.0,12.82636633781611
0,0.0,12.824766740976331
0,0.0,12.819795890757065
0,0.0,12.792733238814462
0,0.0,12.782690196352744
0,0.0,12.757551612482924
0,0.0,12.753337426899638
0,0.0,12.748669613862294
0,0.0,12.736206249697032
0,0.0,12.730339936471545
0,0.0,12.728048692237415
0,0.0,12.722050914506696
0,0.0,12.717631552767259
0,0.0,12.715019278576529
0,0.0,12.689636752381091
0,0.0,12.68005772821293
0,0.0,12.646154341494054
0,0.0,12.64602243480044
0,0.0,12.623244389334877
0,0.0,12.62015459384514
0,0.0,12.6148682633492
0,0.0,12.611869867747867
0,0.0,12.593145546874132
0,0.0,12.589580399522207
0,0.0,12.580285101249965
0,0.0,12.578877595469315
0,0.0,12.573112856702721
0,0.0,12.568716427695952
0,0.0,12.565763164172854
0,0.0,12.565243668445497
0,0.0,12.551910995847253
0,0.0,12.544769144895417
0,0.0,12.532674966788555
0,0.0,12.515299964218524
0,0.0,12.49225303685539
0,0.0,12.479773732707686
0,0.0,12.473954453793947
0,0.0,12.468064981368265
0,0.0,12.44753111657367
0,0.0,12.422053394776631
0,0.0,12.418245146771442
0,0.0,12.410710066823984
0,0.0,12.40959642540164
0,0.0,12.386748104466475
0,0.0,12.377573183835962
0,0.0,12.373633735535156
0,0.0,12.371872653157165
0,0.0,12.365420826014097
0,0.0,12.36217093716102
0,0.0,12.360943534040869
0,0.0,12.35744088364841
0,0.0,12.347587702502114
0,0.0,12.292250742657068
0,0.0,12.27981859623329
0,0.0,12.279078924934767
0,0.0,12.272915677267958
0,0.0,12.26082256144478
0,0.0,12.232568948448625
0,0.0,12.219466977782472
0,0.0,12.212758172227215
0,0.0,12.207886693416132
0,0.0,12.205160595516546
0,0.0,12.203383297811381
0,0.0,12.195015522165901
0,0.0,12.174121169765991
0,0.0,12.170400589915001
0,0.0,12.121747063379711
0,0.0,12.11577698551619
0,0.0,12.114311942743761
0,0.0,12.10804753539851
0,0.0,12.106911544160806
0,0.0,12.095066519818047
0,0.0,12.094715365401669
0,0.0,12.088220629874387
0,0.0,12.066629377968342
0,0.0,12.065042051601566
0,0.0,12.049643525259958
0,0.0,12.026759979046235
0,0.0,12.00422066520425
0,0.0,11.995652563583839
0,0.0,11.993167049398517
0,0.0,11.983994674292669
0,0.0,11.983659046671361
0,0.0,11.978736159828724
0,0.0,11.942969771450182
0,0.0,11.936645860192597
0,0.0,11.930856139512139
0,0.0,11.918232855724447
0,0.0,11.891083107159552
0,0.0,11.888082928329203
0,0.0,11.880785666014933
0,0.0,11.86705496816262
0,0.0,11.848860945971968
0,0.0,11.838606976388432
0,0.0,11.828033308583823
0,0.0,11.82750261297383
0,0.0,11.824971236243139
0,0.0,11.815865576337556
0,0.0,11.810908429374965
0,0.0,11.797063877096926
0,0.0,11.786881324241337
0,0.0,11.78129089797625
0,0.0,11.769644964077207
0,0.0,11.756918602030387
0,0.0,11.725209226829934
0,0.0,11.712029443331371
0,0.0,11.671083287065208
0,0.0,11.656874788837335
0,0.0,11.654449632100476
0,0.0,11.653972718417696
0,0.0,11.624411494559382
0,0.0,11.614538723255727
0,0.0,11.590290419191394
0,0.0,11.576409147964341
0,0.0,11.554926767901561
0,0.0,11.550953679558281
0,0.0,11.532307802971873
0,0.0,11.522199243219722
0,0.0,11.496700902198956
0,0.0,11.470417000140706
0,0.0,11.46652618735647
0,0.0,11.461840302761352
0,0.0,11.412139461327392
0,0.0,11.409097888437934
0,0.0,11.405484268003836
0,0.0,11.404195678924706
0,0.0,11.379327424218705
0,0.0,11.371580706350057
0,0.0,11.363652091164273
0,0.0,11.359117106244454
0,0.0,11.337703555851766
0,0.0,11.315797246649893
0,0.0,11.315375226270815
0,0.0,11.312342702484077
0,0.0,11.273307688775889
0,0.0,11.267985613407825
0,0.0,11.249248539015573
0,0.0,11.243482436035277
0,0.0,11.227549003294742
0,0.0,11.186179359363328
0,0.0,11.173363002639773
0,0.0,11.145380904213718
0,0.0,11.098377122998887
0,0.0,10.97830397082942
0,0.0,10.958101379851042
0,0.0,10.941900180147341
0,0.0,10.906396747348257
0,0.0,10.905418170839656
0,0.0,10.897151498214802
0,0.0,10.890230171474583
0,0.0,10.851361027501861
0,0.0,10.84157624555881
0,0.0,10.838690449957431
0,0.0,10.823944038128673
0,0.0,10.805379080428523
0,0.0,10.800153449816975
0,0.0,10.787484080916064
0,0.0,10.748324934095708
0,0.0,10.726797631452152
0,0.0,10.627906812219834
0,0.0,10.623831800190866
0,0.0,10.578446768146323
0,0.0,10.575217296852987
0,0.0,10.509667192409543
0,0.0,10.505933368786346
0,0.0,10.485113196811682
0,0.0,10.480365179420435
0,0.0,10.469430868482362
0,0.0,10.467337546524236
0,0.0,10.462959115704823
0,0.0,10.451002522172152
0,0.0,10.428292699219963
0,0.0,10.417883941015516
0,0.0,10.412669286923183
0,0.0,10.40295964099744
0,0.0,10.364284341398045
0,0.0,10.340129877480345
0,0.0,10.29955062527573
0,0.0,10.27013596693117
0,0.0,10.256700967176373
0,0.0,10.253942311139587
0,0.0,10.196777473909963
0,0.0,10.17591444632725
0,0.0,10.170292782621928
0,0.0,10.13183656590137
0,0.0,10.093806209228859
0,0.0,10.017106656741976
0,0.0,9.995795430262758
0,0.0,9.944682005879494
0,0.0,9.858586539133515
0,0.0,9.824005822828278
0,0.0,9.820079216376508
0,0.0,9.66222357692616
0,0.0,9.654161299147281
0,0.0,9.605487999949608
0,0.0,9.57001824531514
0,0.0,9.54395440586577
0,0.0,9.276278172532507
0,0.0,9.273861116060779
0,0.0,9.193097906998478
0,0.0,8.991975733018698
0,0.0,8.974402989885391
0,0.0,8.940702472816556
0,0.0,8.919629873542178
0,0.0,8.461852605259455
0,0.0,8.355873724319467
0,0.0,8.088816711796174
0,0.0,7.909235183426058
