,Stroma_ad_Carcinoma_FAHNSCC_14_1_no_tumorales.csv,Stroma_ad_Carcinoma_AGSCC_2_6_no_tumorales.csv,Stroma_ad_Carcinoma_AGSCC_2_7_no_tumorales.csv,Dysplasia-Stroma_FAAGSCC_13_3_no_tumorales.csv,Stroma_ad_Carcinoma_FAHNSCC_15_2_no_tumorales.csv,Carcinoma_AGSCC_2_26_no_tumorales.csv,Stroma_ad_Carcinoma_FAHNSCC_15_1_no_tumorales.csv,Carcinoma_AGSCC_2_28_no_tumorales.csv,Carcinoma_AGSCC_2_38_no_tumorales.csv,Dysplasia-Stroma_FAAGSCC_13_6_no_tumorales.csv,Carcinoma_FAHNSCC_15_2_no_tumorales.csv,Stroma_ad_Carcinoma_FAHNSCC_14_3_no_tumorales.csv,Dysplasia-HG_FAHNSCC_15_3_no_tumorales.csv,Carcinoma_AGSCC_2_35_no_tumorales.csv,Carcinoma_AGSCC_2_9_no_tumorales.csv,Dysplasia-Stroma_FAAGSCC_13_7_no_tumorales.csv,Carcinoma_AGSCC_2_13_no_tumorales.csv,Stroma_ad_Dysplasia_FAHNSCC_14_4_no_tumorales.csv,Carcinoma_AGSCC_2_18_no_tumorales.csv,Stroma_ad_Dysplasia_FAAGSCC_13_9_no_tumorales.csv,Stroma_ad_Carcinoma_AGSCC_2_8_no_tumorales.csv,Stroma_ad_Dysplasia-HG_FAHNSCC_15_1_no_tumorales.csv,Carcinoma_AGSCC_2_3_no_tumorales.csv,Carcinoma_AGSCC_2_14_no_tumorales.csv,Stroma_ad_Carcinoma-Dysplasia_FAHNSCC_14_1_no_tumorales.csv,Stroma_ad_Dysplasia-HG_FAHNSCC_15_2_no_tumorales.csv,Carcinoma_AGSCC_2_31_no_tumorales.csv,Carcinoma_FAHNSCC_14_5_no_tumorales.csv,Carcinoma_AGSCC_2_39_no_tumorales.csv,Carcinoma_AGSCC_2_34_no_tumorales.csv,Carcinoma_AGSCC_2_1_no_tumorales.csv,Stroma_ad_Carcinoma_AGSCC_2_3_no_tumorales.csv,Stroma_ad_Carcinoma_AGSCC_2_10_no_tumorales.csv,Carcinoma_AGSCC_2_36_no_tumorales.csv,Stroma_ad_Dysplasia_FAHNSCC_14_2_no_tumorales.csv,Dysplasia-Stroma_FAAGSCC_13_5_no_tumorales.csv,Carcinoma_AGSCC_2_24_no_tumorales.csv,Carcinoma_AGSCC_2_12_no_tumorales.csv,Stroma_ad_Dysplasia-HG_FAHNSCC_15_3_no_tumorales.csv,Stroma_ad_Dysplasia_FAAGSCC_13_11_no_tumorales.csv,Carcinoma_AGSCC_2_11_no_tumorales.csv,Dysplasia-Stroma_FAAGSCC_13_4_no_tumorales.csv,Carcinoma_AGSCC_2_2_no_tumorales.csv,Dysplasia-HG_FAHNSCC_15_4_no_tumorales.csv,Dysplasia-HG_FAHNSCC_15_2_no_tumorales.csv,Carcinoma_AGSCC_2_16_no_tumorales.csv,Stroma_ad_Carcinoma_AGSCC_2_2_no_tumorales.csv,Carcinoma_AGSCC_2_7_no_tumorales.csv,Dysplasia_FAAGSCC_13_2_no_tumorales.csv,Carcinoma_AGSCC_2_29_no_tumorales.csv,Stroma_ad_Dysplasia_FAAGSCC_13_1_no_tumorales.csv,Stroma_ad_Dysplasia_FAHNSCC_14_3_no_tumorales.csv,Stroma_ad_Dysplasia_FAAGSCC_13_4_no_tumorales.csv,Carcinoma_FAHNSCC_14_2_no_tumorales.csv,Carcinoma_FAHNSCC_14_4_no_tumorales.csv,Stroma_ad_Dysplasia_FAAGSCC_13_6_no_tumorales.csv,Stroma_ad_Dysplasia_FAAGSCC_13_5_no_tumorales.csv,Dysplasia-HG_FAHNSCC_15_1_no_tumorales.csv,Carcinoma_FAHNSCC_14_3_no_tumorales.csv,Stroma_ad_Dysplasia_FAAGSCC_13_8_no_tumorales.csv,Dysplasia-Stroma_FAAGSCC_13_1_no_tumorales.csv,Stroma_ad_Carcinoma_FAHNSCC_14_2_no_tumorales.csv,Dysplasia-Stroma_FAAGSCC_13_2_no_tumorales.csv,Stroma_ad_Carcinoma_AGSCC_2_4_no_tumorales.csv,Carcinoma_AGSCC_2_33_no_tumorales.csv,Carcinoma_AGSCC_2_20_no_tumorales.csv,Carcinoma_AGSCC_2_21_no_tumorales.csv,Carcinoma_FAHNSCC_14_1_no_tumorales.csv,Carcinoma_FAHNSCC_15_1_no_tumorales.csv,Dysplasia-LG_FAHNSCC_15_1_no_tumorales.csv,Carcinoma_AGSCC_2_17_no_tumorales.csv,Dysplasia_FAAGSCC_13_3_no_tumorales.csv,Dysplasia-LG_FAHNSCC_15_2_no_tumorales.csv,Stroma_ad_Dysplasia_FAAGSCC_13_7_no_tumorales.csv,Stroma_ad_Carcinoma_AGSCC_2_5_no_tumorales.csv,Carcinoma_AGSCC_2_23_no_tumorales.csv,Dysplasia_FAAGSCC_13_4_no_tumorales.csv,Carcinoma_AGSCC_2_37_no_tumorales.csv,Carcinoma_AGSCC_2_19_no_tumorales.csv,Carcinoma_AGSCC_2_22_no_tumorales.csv,Stroma_ad_Dysplasia_FAAGSCC_13_10_no_tumorales.csv,Dysplasia-Stroma_FAAGSCC_13_8_no_tumorales.csv,Dysplasia_FAAGSCC_13_1_no_tumorales.csv,Carcinoma_AGSCC_2_40_no_tumorales.csv,Carcinoma_AGSCC_2_6_no_tumorales.csv,Stroma_ad_Dysplasia_FAHNSCC_14_1_no_tumorales.csv,Carcinoma_AGSCC_2_30_no_tumorales.csv,Carcinoma_AGSCC_2_32_no_tumorales.csv,Carcinoma_AGSCC_2_10_no_tumorales.csv,Carcinoma_AGSCC_2_15_no_tumorales.csv,Carcinoma_AGSCC_2_25_no_tumorales.csv,Carcinoma_AGSCC_2_5_no_tumorales.csv,Stroma_ad_Carcinoma_AGSCC_2_1_no_tumorales.csv,Stroma_ad_Dysplasia_FAAGSCC_13_3_no_tumorales.csv,Carcinoma_AGSCC_2_4_no_tumorales.csv,Stroma_ad_Carcinoma_AGSCC_2_9_no_tumorales.csv,Carcinoma_AGSCC_2_27_no_tumorales.csv,Stroma_ad_Dysplasia_FAAGSCC_13_2_no_tumorales.csv,Carcinoma_AGSCC_2_8_no_tumorales.csv
Stroma_ad_Carcinoma_FAHNSCC_14_1_no_tumorales.csv,0.0,1463.1949292374127,1284.7673355594218,680.1248584841494,2692.0408273991575,801.2107937481388,1564.392515609225,699.6598474895416,709.7671056744849,1024.8051900814849,819.3923586921288,552.5679236093875,478.71927185318685,698.8602058893281,701.4743299927785,453.81310363851554,789.2958534872745,638.4911463270544,741.8541115042661,3011.5425172995974,1961.2909692062292,1027.2601730826789,699.3163095001431,825.8707316486754,592.3165580955028,1745.5531938411468,735.4321308967914,736.1997788444297,698.8016368333036,719.8305176261523,689.8496969549398,1768.8093595403936,567.2676391955862,698.957133049758,680.4320806384563,776.608163614748,747.9140279289826,819.4272230570724,3342.293822573935,1603.7388372334894,1015.7107935414168,661.0456089751876,692.9869844087455,776.0787486405814,704.4448912589495,805.4814827444978,2650.203218997033,836.4176722331791,833.5452890140149,696.765970211368,5371.575736613908,754.0973836982122,3180.466761249303,738.9246555057624,735.9809431454859,2442.0562310475448,2868.029734321047,699.6598474895416,821.5740020900197,3137.2638036196495,677.5186675335923,660.5464569306175,641.0025062853769,1288.8042867333004,703.3536397610086,669.5560363194007,693.8529597457947,784.2026627301976,820.9829987223114,735.4035573857201,690.089667901622,694.0559510795007,662.3296709674042,1888.7741491732713,844.2973923273671,693.2762887139139,693.3080934750964,699.5922464682793,698.8678699969315,753.4245132461434,3268.9993783044815,708.200022503779,678.6634348746112,702.1058448746693,778.5689953958482,1762.907284874014,699.0239842111101,699.6598474895416,756.9270761843369,814.626226506239,697.2401070242801,785.2243317561305,2757.3336711732186,3877.3350596307223,698.577676770016,2629.3651702293146,704.2660538108581,2455.410672464025,782.8288919225764
Stroma_ad_Carcinoma_AGSCC_2_6_no_tumorales.csv,1463.1949292374127,0.0,1664.9680828659248,1895.8750199743338,3387.9214543454195,2006.692914821929,2187.2250903590616,1905.1419685633318,1918.6970620009204,2332.563111724244,2043.5583762507824,1424.5163494431567,1648.1347895044353,1903.050080164611,1906.1285944568476,1643.8675965303196,1997.3347678577386,1344.1020630298156,1945.5124171694515,4051.8319643045834,2092.884075728435,1358.3543670674787,1904.7756604084427,2031.3528527224655,1822.5566694131553,1659.930282930992,1940.0371747009362,1938.1693050273689,1904.179568914519,1924.0525047947037,1893.6416662228635,1605.6636212553517,1792.472026960378,1904.3996265835701,1892.3004787712905,2075.514121799735,1953.3961490027725,2024.7681036831075,4083.429223541879,1029.5797794437756,2257.735735039695,1849.2351933583109,1898.6957266461209,2023.657299891062,1909.702338108662,2010.9636038182878,3461.1208968762426,2041.8997933069693,2032.8501989864105,1901.0144265309239,6543.459574156293,1953.8339704800253,4367.39266993761,1942.1046774949375,1938.1921121314701,3607.5992362799434,3880.3066790866174,1905.1419685633318,2024.3125318802688,4384.512912852062,1898.3077924796046,1961.7532616235487,1943.7682304436385,1040.5290932512391,1908.1527502915003,1852.542484914162,1897.4548785707202,1987.3826847193725,2056.245574340202,1985.1560183613783,1893.681163852903,1899.5331829593488,1846.6463648839308,3061.3640272332195,1108.7160754312386,1896.735375448627,1898.8025455541008,1904.5241950570019,1902.5596154086204,1954.4376168502868,4482.765891217588,1239.620232908565,1858.081003837466,1907.5879659484592,1981.6456976285342,2661.771763351427,1904.2938275654167,1905.1419685633318,1961.3966468118274,2017.7636440691706,1902.88329178647,1991.1279901099517,3657.61142843355,5127.162104249729,1902.9681460575034,3025.149241697966,1909.0381476014536,2676.5157072542393,1987.9485713744973
Stroma_ad_Carcinoma_AGSCC_2_7_no_tumorales.csv,1284.7673355594218,1664.9680828659248,0.0,1695.713388630898,2294.282726084613,1929.7486660309075,1454.6083891811286,1829.2887202336246,1831.7073579443424,1833.1693491427145,1841.8642851103077,1308.179729949739,1522.5602444906096,1827.9262441962098,1832.2846040416066,1436.2840416980057,1918.2662237845213,1480.0414513816156,1870.3241446008212,3242.966548895299,1229.19060714494,1299.4136876531893,1828.9075533369512,1955.499604392757,1248.3865905421726,1293.436108132259,1864.1168658744466,1800.1066351061154,1828.2610768158595,1847.6872921717925,1818.9159711173022,1288.8125783567455,1444.45682975616,1829.4234421106523,1769.339400614686,1759.8900628032015,1877.5429006730644,1949.0080410236048,2801.740284675093,1497.8426507547156,2136.612441171372,1749.2716006153755,1822.2009039453208,1680.5744256902678,1833.7566655043568,1870.9589252824,2098.7604311659984,1966.0465449772607,1963.4943220686225,1830.3162901207222,5557.607384812969,1887.137390922863,3713.4259662321815,1870.3966489482084,1865.6914018981777,2826.6417179137275,3117.7628048628335,1829.2887202336246,1953.6374418180264,3738.349055228786,1806.1654133571076,1525.190847110615,1665.892234214495,1119.6416916977596,1829.7983285747073,1785.193523347473,1825.8804416773553,1915.6746561726434,1827.4819139744586,1773.3240473325034,1826.2794431804352,1823.6097659154605,1735.0409670204185,2377.087135995725,1104.9545282034462,1827.5928439306692,1823.2147673806091,1828.732028973359,1827.1917796156329,1879.04772842428,3626.0293297282687,983.7467255684883,1817.5337861170094,1831.7347176187511,1908.6345950722005,1571.938738052374,1829.0505511344038,1829.2887202336246,1886.7234158856902,1947.3789931560368,1829.0185106350066,1898.9787824710475,2479.9677856266267,4314.796445425103,1824.8122249409464,1827.6329405646738,1833.932555462214,1724.7061691748843,1912.32118378473
Dysplasia-Stroma_FAAGSCC_13_3_no_tumorales.csv,680.1248584841494,1895.8750199743338,1695.713388630898,0.0,3013.294060884705,414.06770715665107,1900.5079117091273,323.53926904806633,321.4062846859705,699.9992119286574,479.41763757328465,827.7612472410073,536.1462031593941,324.66180837683896,332.01839284676646,454.5275257093248,417.8081914433245,819.8105183822813,372.9422326998821,3219.4560368632974,2421.7890305743394,1464.9963462290746,323.955291730092,449.7501532072001,749.1853365157442,2150.942718972109,358.96240819532443,364.68571002046934,323.5483837022323,353.11019423241896,325.2239260827339,2243.5562726753096,469.3378597455377,324.3177427348495,359.93113094598925,429.1065388247473,371.79344948750725,446.12855390219045,3618.5899810568458,2069.730695332389,638.181305647523,327.71598818903306,312.41244467356466,872.4293836678352,329.06852692482335,429.3609043030226,2786.15685869567,460.2970937917038,473.5716204675432,326.98837526753084,5270.709721216328,379.0443778246357,3273.1740290527528,359.36738456411206,360.47345055584094,2466.785414467216,3025.462065861667,323.53926904806633,443.67314404109675,3000.7352152473563,330.276944135077,471.79589597471494,428.9160194676534,1756.4895166418032,338.78231370283606,316.24977423122255,325.66363284440376,408.4273261473801,609.1413696944072,418.2890642447946,320.68081457983476,317.98370515845613,359.7887743111032,1783.4069931557872,1260.5424378067887,324.7899303500892,316.9747284703733,323.15608006616173,321.54179859939893,375.09733173927964,3182.592309369947,1147.8468126404832,339.1073718340609,323.2570001965697,408.3428510571714,1946.419475347167,324.4486204137545,323.53926904806633,362.25365800574366,432.293354780021,323.18592440084,390.52543455520083,2929.7920479408976,3647.056271254286,324.57211234294607,3044.047105431742,327.95228013721464,2859.2466351925227,412.92214179616815
Stroma_ad_Carcinoma_FAHNSCC_15_2_no_tumorales.csv,2692.0408273991575,3387.9214543454195,2294.282726084613,3013.294060884705,0.0,3334.9626982149607,1876.4227122525392,3235.25553876092,3226.871240258633,2626.522973850652,3170.9977307668437,2724.21338736369,2893.290433594045,3233.415753062966,3238.875326114931,2822.1732322819084,3319.141720924026,2860.072894930205,3276.280400910606,2513.0048293625455,2574.0578924616657,2609.538936035034,3234.977122239779,3346.3750071922236,2537.158147769364,2265.0591329168637,3270.2977708813137,3158.867578588254,3234.4773246670607,3251.243799993111,3225.8771176756577,2302.895115060395,2800.9725800208416,3234.518168543847,3126.552610730105,3024.4828881481017,3283.50971920036,3346.815453944266,1933.6937437707961,3138.928108809006,3512.7934859639395,3137.2355816155737,3224.9243575176156,3034.1390277458404,3240.6330832040708,3249.1041361705834,1635.6688342293282,3372.013363504557,3365.3617019952003,3231.977826915246,4280.13168773285,3282.961327906078,3662.553583373629,3270.293015460215,3270.025404972133,2434.3831456753637,3225.2201450413118,3235.25553876092,3356.363814408021,3409.436883951389,3202.89524075475,2782.132273560834,2979.0264743492103,2831.8915776037206,3234.360277191607,3191.7660011242083,3227.58829241987,3320.046798233618,3072.1920674744383,3121.923755649645,3226.9508707744412,3230.0377429468713,3126.9653532954335,2644.695878693821,2741.68848561981,3227.162026229497,3229.8512524677294,3234.7855537965283,3233.5974339276677,3284.7466504862437,2840.704770251258,2525.535860572342,3207.826109289483,3237.7015361460467,3311.4810224403286,1559.1415043969566,3234.5382202859832,3235.25553876092,3293.2756851256413,3332.7041969032857,3232.8726931590477,3297.5410964776916,1528.5680479265739,4284.516693831623,3230.7847903255138,2371.7199284466856,3239.7966236139778,1681.6144028351655,3318.920945823111
Carcinoma_AGSCC_2_26_no_tumorales.csv,801.2107937481388,2006.692914821929,1929.7486660309075,414.06770715665107,3334.9626982149607,0.0,2209.796073466379,101.55094625859734,120.97161565489229,848.6405946058273,328.52216673204504,895.9748965855331,613.6350703032545,104.97392115852796,119.73699243844723,586.6148927822808,152.74795083897573,977.9800107928004,161.71036954609957,3466.653358151933,2617.7569464047806,1694.2885268404548,101.966968940623,109.41257957486063,933.1225737462798,2446.300080961692,148.48398652000023,207.70302297994596,102.67582894872581,149.48617007485456,114.75434961511303,2494.2097224699546,605.764219937063,102.32941994538056,309.09928393926464,424.9748228034567,149.80512669803824,193.1307797630744,3884.3325546860624,2174.0548628420715,324.61433509008623,298.08353102932426,113.67313132772297,884.5019833857364,117.52776933271073,143.82546142516526,3064.0579865819086,193.25539714533915,266.5725049737975,120.21385244444689,5412.787772863003,94.40123707466738,3430.6544589743844,107.34791447025194,138.16488140503412,2678.5677981290273,3165.059016372941,101.55094625859734,139.67738160419486,3165.071234865159,149.47946048121005,598.0199227521455,421.34306039975075,1917.5349011445587,134.41449267907873,155.3441438239044,111.1120678552782,142.72470510593377,515.6269648146922,401.3553447650657,114.74623101753197,107.27393919046732,284.7947173710109,1919.5809863374566,1434.6425934436043,127.44950469431706,108.18366568466222,102.19292381692507,104.39101932590913,92.29115843984172,3357.2384214176977,1310.9906223535238,153.512574927321,103.99694364372488,118.03896042179785,2242.303651230239,102.46029762428552,101.55094625859734,70.79232187932867,206.43105432189685,109.63510710619975,197.54419063376355,3230.900484442613,3754.6997468611903,106.16504514625991,3273.9167647138083,106.99145218509189,3161.983803381895,116.59666209619186
Stroma_ad_Carcinoma_FAHNSCC_15_1_no_tumorales.csv,1564.392515609225,2187.2250903590616,1454.6083891811286,1900.5079117091273,1876.4227122525392,2209.796073466379,0.0,2112.372121675711,2094.4614475243893,1596.7762526990887,2092.8141573802086,1688.6008315639774,1777.8569982569736,2110.089038593921,2116.1437977290284,1736.9686906801307,2197.5313608079796,1716.4428765019375,2152.870318367543,2532.228908160239,1850.7071692918166,1376.9313278070526,2112.361128922565,2238.5830058348447,1439.4221206650861,1256.3275316438571,2147.147735455614,2051.7354213348203,2111.435364835572,2131.421491710741,2101.7007701208336,1448.3803241690064,1757.4460053669695,2111.605789277187,2025.0618296730981,1907.7450949714373,2160.626302115152,2224.8156593035947,2595.2066835137653,2118.6071950499377,2381.881092398052,2016.5354098086314,2102.806575608515,1950.8600330373336,2117.4713809654363,2157.0783207311038,1914.7466780734756,2245.8396788812547,2243.1119401576475,2111.511228767515,4777.288651100846,2161.0549022980995,3195.2753543461945,2146.8112753146884,2146.750535371718,2230.7135297339964,2671.3397114027402,2112.372121675711,2233.166435604433,3150.4748198828984,2080.7374905371407,1730.4230045239617,1893.92690453371,1754.4265356859883,2108.6661609807675,2071.389218986641,2104.816389475902,2195.620755760452,2077.640248857446,1992.7799839327895,2102.795354595262,2106.7411816954955,2042.4736822454702,1879.6746077930297,1477.0864352492863,2104.3685250540675,2106.455106465373,2111.7958791419323,2110.751637007219,2162.162443736097,2837.6590751977774,1425.5940328132483,2080.96880173348,2114.48251126104,2189.969045478686,1163.486459526459,2111.8457969120705,2112.372121675711,2169.630784512286,2222.815320496798,2109.9688303423777,2175.5177614759323,2051.3054476938723,3772.040550863693,2107.7609456094065,2285.6799130841628,2116.1934828711123,1525.8955814872593,2195.879142145354
Carcinoma_AGSCC_2_28_no_tumorales.csv,699.6598474895416,1905.1419685633318,1829.2887202336246,323.53926904806633,3235.25553876092,101.55094625859734,2112.372121675711,0.0,19.420669396294958,753.0498296289906,290.2641608502676,794.4239503269357,512.0841240446571,3.4229748999306224,18.18604617984989,485.0639465236835,104.34892595324271,876.4290645342031,60.15942328750225,3430.4888531783945,2555.755601970943,1592.7375805818574,0.41602268202566606,126.21088415913377,831.5716274876823,2347.7309233734613,46.9330402614029,106.15207672134864,1.12488269012848,47.935223816257206,13.203403356515697,2394.1330036211225,508.50620366311324,0.7784736867832258,224.79567834091168,323.42387654485924,48.254180439440916,125.91815485247324,3782.781608427464,2099.7048923990483,369.05260111304597,200.21554369159495,12.122185069125631,915.3787117614423,15.97682307411339,105.8216352549562,2988.494309363166,136.75782474363749,165.02155871520014,18.662906185849547,5479.385062830266,84.05556106836913,3464.534953478689,42.26896334057769,44.357508457083384,2709.2553962896836,3251.0887683808483,0.0,127.07380473165269,3152.511886974081,47.92851422261272,496.4689764935481,336.2992482964468,1831.7535243898942,32.8635464204814,53.793197565307054,9.561121596680861,87.54697056501301,563.9808371258553,331.8661874634897,13.195284758934635,5.722992931869982,207.66297421878423,1958.0559182228208,1343.7527349630245,25.898558435719718,6.6327194260648845,0.6419775583277385,2.840073067311792,61.10299725037518,3362.927426215366,1209.4396760949262,51.96162866872366,2.4459973851275354,113.27357616245965,2140.752704971642,0.9093513656881811,0.0,64.99781764058781,132.31916758272828,8.084160847602423,97.64421566664541,3132.052922653227,3846.2117930730956,4.614098887662578,3172.365818455213,5.440505926494554,3077.2321957154177,89.38287274810186
Carcinoma_AGSCC_2_38_no_tumorales.csv,709.7671056744849,1918.6970620009204,1831.7073579443424,321.4062846859705,3226.871240258633,120.97161565489229,2094.4614475243893,19.420669396294958,0.0,736.6857761453143,288.3769383997064,797.0062973948221,512.868914161025,22.84364429622558,37.60671557614485,497.50736534409145,119.91451749306893,881.4004909142666,74.50797665542257,3413.5511710166165,2560.581382412534,1573.37089237456,19.836692078320624,145.63155355542872,813.0274049736022,2331.067216115202,66.35370965769786,95.15753551626698,20.545552086423438,67.35589321255216,27.73241050913826,2397.649724099052,496.40151323782214,20.199143083078184,230.9581570611544,312.47625295026137,67.67484983573587,143.67275248197362,3771.2981878192863,2113.3011204190443,361.13913435470374,213.90691823947995,31.54285446542059,929.6182582609854,35.39749247040835,125.24230465125116,2976.863973852299,156.17849413993244,178.70345013933925,36.11249815245577,5462.8516206871445,101.42895479039527,3447.4151713780843,61.68963273687265,63.77817785337835,2698.1024524335076,3235.0686430103697,19.420669396294958,146.49447412794763,3134.2176735079506,63.506057679528126,499.309726786185,330.93338493718244,1840.289368814109,46.87645059940718,70.46237859207871,23.325386732423098,106.96763996130798,552.599220501122,329.0078286911876,32.615954155229595,25.14366232816494,225.6421760114487,1948.9354140547662,1328.2236279347674,45.319227832014676,26.053388822359842,20.062646954622696,22.26074246360675,80.52366664667015,3346.6653547703067,1223.1215675190654,68.47195510027043,21.866666781422495,132.6942455587546,2128.193680994971,20.33002076198314,19.420669396294958,84.41848703688277,150.01478116555367,27.50483024389738,108.02439635251,3115.3777600799085,3830.2607607366535,24.034768283957536,3183.137135109328,24.861175322789514,3062.4663277740447,104.34569764641421
Dysplasia-Stroma_FAAGSCC_13_6_no_tumorales.csv,1024.8051900814849,2332.563111724244,1833.1693491427145,699.9992119286574,2626.522973850652,848.6405946058273,1596.7762526990887,753.0498296289906,736.6857761453143,0.0,793.6374362580594,1182.7189517114525,912.7639610013364,750.2160633589858,756.7309248769509,834.1961907652303,842.0138287380414,1188.250731997512,800.990276054499,2779.7682665497696,2458.372145739827,1444.8499566415755,753.4658523110161,878.4793557685364,843.2706372423556,1875.691883884567,795.4145707955486,699.6394524584459,754.1747123191187,780.3249017824737,752.4638382084222,2220.8924874470167,741.2739029025759,753.8283033157736,711.2796743331623,580.205385875608,801.3040100684311,864.2365809692633,3330.1960543747196,2349.851674661839,1015.405897412981,765.1333153526027,744.0742100689677,1166.8711465970766,759.0675214757398,791.1979227630346,2506.215974869308,887.6066000750386,896.1454960598603,758.7495874136714,4817.941274127308,815.3568027494314,2936.2976882180965,793.2412694270072,790.3253043579691,2148.7444427575065,2709.5808516423785,753.0498296289906,876.8752089204374,2592.012364227476,751.5124047257746,607.0255012777484,664.4794809234475,2002.658055348293,759.7638749349117,754.4290531494808,755.5372720129965,838.673721900248,914.3785920732464,755.6081043076956,751.4636684653105,752.2855305921105,737.6522301266991,1435.9604119174792,1566.1029173857203,758.7607632819736,754.1595991685101,752.854795229151,750.4574146931845,806.349064207157,2734.499937600611,1464.4228207842148,755.1325776011522,754.0710059738147,839.7271112877959,1574.6326286777398,753.0899657169391,753.0498296289906,814.5324232401733,831.1748710693705,752.7210222063532,826.2606094891441,2597.4765175456755,3335.568829916092,750.9597103132446,3031.3903231231634,757.8257180434059,2472.607418566124,837.2142427160943
Carcinoma_FAHNSCC_15_2_no_tumorales.csv,819.3923586921288,2043.5583762507824,1841.8642851103077,479.41763757328465,3170.9977307668437,328.52216673204504,2092.8141573802086,290.2641608502676,288.3769383997064,793.6374362580594,0.0,896.9425079928261,662.7331538759626,289.79000442931743,298.92528264529597,626.1776583481089,373.0257022714565,974.9327857588484,339.88698074897513,3276.4664683545675,2481.826859601709,1658.3867876242778,290.68018353229337,345.2900873539866,894.210737332745,2365.69510907183,331.27063244644546,296.3434264444953,290.145934428371,301.0846552079224,300.3574238365506,2484.1519246474527,615.1950763392604,290.73222376674096,297.41577571905077,494.8471705276588,338.5183412897086,401.4476595490512,3843.331926679767,2081.9661325688485,514.3828336701856,413.62297108980135,293.84156369310045,982.4741770781164,304.85361274216024,232.27434772675855,2969.056337864982,416.8600048060141,438.9021722750733,298.68934526041267,5306.715566128344,327.7313559109129,3301.225021839119,326.6976284041175,324.5930247290773,2593.9030399864578,3048.054477362881,290.2641608502676,357.8085627629445,2992.005368443022,309.8278428754763,632.5676839103586,462.39189676134004,1889.8757617149136,303.4008129381309,297.5777150394485,293.4046285392309,304.5365110823835,527.2642299376048,456.2122255355579,295.12190900452856,289.0625328259331,343.33644127072193,1795.0585167995257,1429.1384834709154,305.9876685355557,289.2609626930181,290.90613840859544,291.77490884053617,338.0574851694198,3220.4485564211914,1333.7432286954377,321.1326406213975,292.7101582353952,324.3106954040122,2100.217824648131,289.79792228220026,290.2641608502676,314.27372977574225,360.90272280355356,294.6798495319239,375.4298573739095,3153.7485537388134,3650.6710587243447,290.64903119861316,3283.4331469851422,294.58541363095014,3019.4379305655807,305.04845323333905
Stroma_ad_Carcinoma_FAHNSCC_14_3_no_tumorales.csv,552.5679236093875,1424.5163494431567,1308.179729949739,827.7612472410073,2724.21338736369,895.9748965855331,1688.6008315639774,794.4239503269357,797.0062973948221,1182.7189517114525,896.9425079928261,0.0,565.9023651143438,793.1193029497172,796.9830594332691,582.4666412683341,884.1537696882475,709.6094765235147,835.7109811473954,3189.594677131667,2054.169201219913,1083.5272360484078,794.5290949527903,920.6348344860698,703.7836327349415,1754.1859894357622,829.1176402742774,812.036699054178,793.4548089822656,814.3605490125838,784.5740928503712,1775.648070628887,669.9205065339241,793.874829990523,785.180719838708,910.2806200870558,842.6781307663769,914.2430044122682,3420.7598163453317,1530.187137136566,1100.3747306775847,765.4390006473084,799.3437016462999,935.5500904611062,798.9528316144501,879.7805407825432,2705.7417879571703,931.1817750705734,925.8218477200232,794.0150305326979,5452.051565687977,845.1408246022781,3298.6919036869526,831.901214496899,827.5067976430305,2597.726379283709,2993.7243709929144,794.4239503269357,915.5378610956161,3267.9650179450955,774.9321781431242,805.3333841489055,806.5006426174457,1235.726659698895,798.3234550493794,749.5000660394228,785.8840799637326,877.1792217213344,926.5593470032785,843.4912741061827,785.7936453161938,789.7282387471898,769.3802971587893,1964.0206355766877,895.7201811265918,786.7582231146569,788.008394250076,794.1002953070763,792.0934816572883,844.3049994950984,3388.48751423453,792.1064429438177,759.7566162656294,796.8699477120633,874.2684572854464,1809.099883861193,793.860209187601,794.4239503269357,851.4631404018012,907.4172203308158,791.9988828024541,881.1461252299214,2810.273462854845,3965.3157920036992,799.0380492145985,2617.7245008387727,798.4377085885867,2469.8809595238667,877.9944101133369
Dysplasia-HG_FAHNSCC_15_3_no_tumorales.csv,478.71927185318685,1648.1347895044353,1522.5602444906096,536.1462031593941,2893.290433594045,613.6350703032545,1777.8569982569736,512.0841240446571,512.868914161025,912.7639610013364,662.7331538759626,565.9023651143438,0.0,510.60899261880803,516.0799110487269,398.78413867489405,601.1096221299648,690.0719636869284,552.9724657482291,3151.271891138091,2215.0310568851855,1248.569547984354,511.7093410750917,638.2950082037909,654.0328831940753,1981.1474746001873,547.191986231714,548.4146862633961,511.36446762077907,532.6842653031006,502.5628025143243,2031.4516528401846,530.3608014405596,511.7720707338923,520.6818408446129,625.8926878282833,560.338304484098,629.0999485905393,3501.6176860339815,1798.8529573940855,832.4731177847442,483.72185234650595,507.931912007199,799.719740079612,516.9250464087683,617.9057592996134,2790.27052657905,648.8419487882946,625.012376269618,515.2813527910849,5379.646376952857,572.2559506887735,3270.3185749095583,552.188882727132,546.4367034298058,2489.934909890172,2990.707793232135,512.0841240446571,635.9795316465776,3075.8331010280444,494.82949211999477,615.6745343244635,549.2423299908552,1505.0872558502533,515.9285268758877,482.4199145942547,510.2746821968025,597.4668899515674,669.4240492012357,595.1562261205114,507.20353140556017,510.05259268692487,513.9082160916757,1877.0508661007989,1037.4838588560744,511.23495077358047,505.83132286802123,511.5109755115178,509.5068967697429,563.8980560512139,3311.954730750615,916.1945104373199,502.5873965405336,514.5301214297846,590.9392778829017,1884.4696613272927,512.6367240404034,512.0841240446571,568.7894727437639,630.0716721160202,510.40597044329587,597.7015353663421,2883.6856357234446,3884.7288605109698,514.9997909198096,2846.2328673342495,516.0024263262089,2714.094200248893,596.6590446171278
Carcinoma_AGSCC_2_35_no_tumorales.csv,698.8602058893281,1903.050080164611,1827.9262441962098,324.66180837683896,3233.415753062966,104.97392115852796,2110.089038593921,3.4229748999306224,22.84364429622558,750.2160633589858,289.79000442931743,793.1193029497172,510.60899261880803,0.0,19.72354715708667,484.14895665544753,105.85473919200356,875.2145954158802,63.58239818743287,3427.802032281876,2554.0900797059608,1590.7334000791673,3.8389975819562885,129.6338590590644,830.7388500210063,2346.03281866754,50.356015161333524,107.97255571767295,4.5478575900591025,51.35819871618783,16.62637825644632,2392.237418496084,508.42504815521073,4.201448586713848,222.7362918078041,324.0145250204113,51.67715533937154,128.44169847861707,3781.205963345453,2097.642828058553,370.39727596148344,202.22704867267723,12.510810591791625,916.3125150958523,19.399797974044013,109.24461015488683,2988.212127848258,140.18079964356812,163.843166022102,21.22747242057928,5477.048054340984,87.47853596829975,3461.9791739826483,45.691938240508314,44.89016140498778,2707.621964295002,3248.5483099299395,3.4229748999306224,130.4967796315833,3150.1152785978193,47.56708291398364,496.98642820582944,334.7905066655802,1829.905418053215,34.00577380706682,52.70426111171142,12.984096496611484,90.96994546494366,564.3006027168979,332.00289956959836,16.618259658865256,9.145967831800604,209.25090405596512,1955.216786976063,1342.3961908992478,29.321533335650344,10.055694325995507,4.064952458258361,6.263047967242414,61.36835512454413,3361.4250189837344,1207.443872588194,53.99163871266669,5.868972285058158,113.78043967115109,2139.1487103669606,3.8083060782960843,3.4229748999306224,68.04243926489033,134.58930806655943,11.507135747533045,101.06719056657604,3129.6404940124226,3845.7469035993395,8.0370737875932,3170.4015290640777,8.863480826425176,3075.519465447834,91.40680157334195
Carcinoma_AGSCC_2_9_no_tumorales.csv,701.4743299927785,1906.1285944568476,1832.2846040416066,332.01839284676646,3238.875326114931,119.73699243844723,2116.1437977290284,18.18604617984989,37.60671557614485,756.7309248769509,298.92528264529597,796.9830594332691,516.0799110487269,19.72354715708667,0.0,487.92490929124045,121.82179374789935,878.8780632078062,78.34546946735215,3435.6053291088847,2557.6947522269243,1594.1792317974905,18.60206886187556,144.39693033898368,835.3261408888472,2349.877872734359,63.98439282564078,119.66688123519896,19.31092886997837,66.1212699961071,29.093698879033198,2395.0461046089376,516.2163587639171,18.96451986663312,232.7333896623212,336.2143109317899,66.44022661929081,141.31084580691729,3787.6747647606016,2101.3330722886,379.98563775677735,208.11839216853133,25.55799533051951,925.2860274907525,34.16286925396328,124.0076814348061,2993.1276023418723,154.9438709234874,177.36953074898008,34.58889151449044,5482.711203546085,99.35656112778577,3469.9272095068563,59.619492020640536,58.96667623211227,2711.966113635039,3252.17099043305,18.18604617984989,145.25985091150255,3156.9116988070678,58.191167506596116,505.57074684490453,344.3616618021663,1833.0938102676168,48.727159119779984,66.59385277449474,27.747167776530752,104.89749924507586,573.0766031167047,339.537591801519,27.498216310465217,23.90903911171987,217.95675937796767,1962.6826309482713,1344.8272955115774,39.12263170219108,24.52283149435805,18.828023738177627,17.78042130810517,76.35179024700378,3372.326484533005,1212.1287795325645,60.52917448301008,20.632043564977426,125.12859247721141,2142.147862410254,18.337438010875836,18.18604617984989,81.2678508779221,148.24929273976824,25.064563703388288,115.83026184649532,3134.694263691968,3852.69315494904,22.800145067512467,3175.306283096828,23.540705689004227,3078.4425847168623,107.56580319847983
Dysplasia-Stroma_FAAGSCC_13_7_no_tumorales.csv,453.81310363851554,1643.8675965303196,1436.2840416980057,454.5275257093248,2822.1732322819084,586.6148927822808,1736.9686906801307,485.0639465236835,497.50736534409145,834.1961907652303,626.1776583481089,582.4666412683341,398.78413867489405,484.14895665544753,487.92490929124045,0.0,577.7978260581299,683.8451245327483,527.9697057040653,3125.079383502676,2149.2159993768764,1230.0738740709112,485.4799692057092,611.2748306828172,601.0846750882874,1920.6019161741146,521.9697723666923,526.341060906292,484.16211571595824,508.72205971195564,476.94868455628745,1964.0603003784688,461.1717426497162,484.5589892775941,489.744636350188,571.2478183560092,533.3181269631243,604.6005853185409,3400.3162836174697,1777.2034134123019,816.1188113581982,438.410862926445,473.7026852643042,759.6386706593408,489.9583079459862,590.8855817786398,2669.166963388089,621.8217712673209,620.518250356815,486.4027765973072,5243.245081262527,544.6967326800993,3193.598127890041,525.6716690350077,520.9549336188275,2422.7777596650676,2940.527860241732,485.0639465236835,609.6060883204257,3023.788948920719,465.52457654309865,512.7831054086505,463.8793643025184,1443.6074652426623,493.0257466286427,445.2223989932993,483.0246540236489,570.9496762594429,677.2313962541614,568.583171766698,484.20700747525115,482.422083887761,452.3139583323555,1736.5797554924557,999.5439109498998,484.9785324002097,479.84573494499733,484.56766897431095,483.21336802724255,535.1743074252157,3180.46675332798,865.9129066153828,472.0443772624545,487.50994390881107,568.7817056152047,1787.9051974937402,484.3792786885742,485.0639465236835,544.2488605012585,601.1774476991471,485.37857099898673,570.1594186908293,2797.4649269776232,3743.891119136413,481.98391173973647,2752.3087849246986,490.5044524501781,2643.524344406396,569.4974336427615
Carcinoma_AGSCC_2_13_no_tumorales.csv,789.2958534872745,1997.3347678577386,1918.2662237845213,417.8081914433245,3319.141720924026,152.74795083897573,2197.5313608079796,104.34892595324271,119.91451749306893,842.0138287380414,373.0257022714565,884.1537696882475,601.1096221299648,105.85473919200356,121.82179374789935,577.7978260581299,0.0,967.7699113834746,156.61968238242963,3518.4639731741167,2644.061498764905,1677.2640145783162,104.76494863526837,181.4011080747474,921.5601322195831,2433.224243843923,151.2819662146456,200.26265706788885,105.47380864337119,152.28414976949992,112.65765964923158,2479.072668526751,602.0428344442743,105.12739964002593,320.49254833153543,417.4051877078243,152.60310639268363,225.92619896233816,3867.15879709907,2189.3894074347113,358.7046544144591,297.17712422054365,112.80962216061778,916.4978794695434,120.3257490273561,209.6244541097357,3076.9557513748623,241.10675069688017,263.0027476271555,121.00179824828456,5393.978115936139,128.25002036281666,3423.7151055975814,86.3325956150952,124.83495943058097,2648.27432574866,3167.5131287741087,104.34892595324271,169.79074684621102,3157.009749458237,146.7834098492888,587.3278964256579,431.4877600927018,1919.2068555001965,131.91821572592215,149.86895324080348,106.79185416939166,128.24495335326037,595.9342523530863,420.4786806974291,117.54421071217735,110.0719188851127,310.2921575281832,1907.0019862226857,1436.645950114419,130.24748438896242,110.9816453793076,104.99090351157045,107.18899902055449,107.31089579830223,3438.355368753678,1302.054209270779,148.96277883320397,106.79492333837024,146.5932131091542,2226.923520535491,105.25827731893088,104.34892595324271,134.64227648024294,221.30065744666052,112.43308680084513,201.99314161988812,3216.774634169499,3774.88277018262,108.96302484090529,3261.540176335497,109.78943187973726,3162.8981499019715,188.61176074073487
Stroma_ad_Dysplasia_FAHNSCC_14_4_no_tumorales.csv,638.4911463270544,1344.1020630298156,1480.0414513816156,819.8105183822813,2860.072894930205,977.9800107928004,1716.4428765019375,876.4290645342031,881.4004909142666,1188.250731997512,974.9327857588484,709.6094765235147,690.0719636869284,875.2145954158802,878.8780632078062,683.8451245327483,967.7699113834746,0.0,916.9950113363068,3298.4913437571913,2124.440789899374,956.3633674453583,876.0353753753725,1002.6399486933365,859.7660833426982,1727.7861354527101,911.5606771127252,847.3378788253665,875.5448911533786,896.1648673419552,865.6224677355228,1741.4749345992975,758.766469849314,875.8541507206164,837.8761241472937,958.2547780850616,924.6832449736437,996.0719527592212,3661.3445153590583,1462.2766279024702,1202.7449824979249,823.1603984681012,867.9861545274209,1075.5306381162252,882.1255178422737,967.1108126910897,2966.6645765418757,1013.1868892778402,1007.6857633939419,870.1352903359359,5585.683728100596,928.9115223501085,3448.205403759319,914.9692078339981,909.8912125807926,2651.7614816890423,3107.335385754257,876.4290645342031,994.6522834174536,3316.3477461033262,858.3615275543709,877.0745278969205,854.7706173261478,1269.1144702137303,882.2375061142648,840.2386205136605,867.5228783069174,960.2472150584335,1013.1572945901663,840.3929095203712,865.5894492608993,873.1543111813514,837.1692033000551,2012.9406436539277,943.8398431671094,868.4087529346473,870.1441189704792,875.7913322559068,873.8334068038344,925.5653908376171,3541.0568177506416,910.1746081540967,835.9537974583136,878.8750619193304,953.5382639072554,2016.1770515387047,875.6098985965018,876.4290645342031,933.603433163514,987.4112603345709,873.9641805936928,949.8423224951516,3072.418788920507,4102.331432446403,874.8199523241365,2930.5944812752655,880.5601944649891,2612.2837209470536,959.7026733299617
Carcinoma_AGSCC_2_18_no_tumorales.csv,741.8541115042661,1945.5124171694515,1870.3241446008212,372.9422326998821,3276.280400910606,161.71036954609957,2152.870318367543,60.15942328750225,74.50797665542257,800.990276054499,339.88698074897513,835.7109811473954,552.9724657482291,63.58239818743287,78.34546946735215,527.9697057040653,156.61968238242963,916.9950113363068,0.0,3474.3375155078297,2596.0514343154214,1633.376118975916,60.57544596952792,148.2781396140506,875.8966238729669,2388.3100350796935,106.86613806572674,148.54507251135607,61.28430597763074,94.59378622794566,59.937857004576856,2434.9106936019157,554.160139372628,60.89012583584889,275.3596498512727,380.9800316835457,108.41360372694317,89.71544894807464,3824.4357377833,2140.0010131285517,390.821536139027,235.13005383741782,71.56771887111086,904.3932409666991,76.13624636161565,165.98105854245847,3035.8598572302953,101.87369506391605,217.19896947274387,60.24077623985602,5526.327343594665,139.3338784481261,3438.062778808272,102.42838662807995,68.14775642392722,2750.965673313758,3213.400416195338,60.15942328750225,136.0836705810907,3095.629700911065,103.22892163037133,549.7432955796016,379.13862015319376,1872.8648640499218,90.6763124364152,107.63654033741022,59.832818977887506,114.14422713973894,598.5568799222235,286.969859942991,73.35470804643688,65.88241621937223,263.86916813036214,1915.6929932981202,1384.4479325226325,82.21555126361841,66.79214271356713,60.80140084582999,62.99949635481404,120.64672277894982,3413.311884481624,1251.1010656190665,99.67781598794224,62.60542067262979,172.18518919109295,2183.8574298060767,61.06877465319043,60.15942328750225,118.72964934646197,185.1890140916439,64.72327709292436,157.80363895414766,3175.0160536323924,3800.5819306173494,64.77352217516483,3213.068487913136,65.5999292139968,3117.779442063765,78.97268855629972
