,Carcinoma_AGSCC_2_10_tumorales_linfoides_mieloides.csv,Carcinoma_AGSCC_2_11_tumorales_linfoides_mieloides.csv,Carcinoma_AGSCC_2_12_tumorales_linfoides_mieloides.csv,Carcinoma_AGSCC_2_13_tumorales_linfoides_mieloides.csv,Carcinoma_AGSCC_2_14_tumorales_linfoides_mieloides.csv,Carcinoma_AGSCC_2_15_tumorales_linfoides_mieloides.csv,Carcinoma_AGSCC_2_16_tumorales_linfoides_mieloides.csv,Carcinoma_AGSCC_2_17_tumorales_linfoides_mieloides.csv,Carcinoma_AGSCC_2_18_tumorales_linfoides_mieloides.csv,Carcinoma_AGSCC_2_19_tumorales_linfoides_mieloides.csv,Carcinoma_AGSCC_2_1_tumorales_linfoides_mieloides.csv,Carcinoma_AGSCC_2_20_tumorales_linfoides_mieloides.csv,Carcinoma_AGSCC_2_21_tumorales_linfoides_mieloides.csv,Carcinoma_AGSCC_2_22_tumorales_linfoides_mieloides.csv,Carcinoma_AGSCC_2_23_tumorales_linfoides_mieloides.csv,Carcinoma_AGSCC_2_24_tumorales_linfoides_mieloides.csv,Carcinoma_AGSCC_2_25_tumorales_linfoides_mieloides.csv,Carcinoma_AGSCC_2_26_tumorales_linfoides_mieloides.csv,Carcinoma_AGSCC_2_27_tumorales_linfoides_mieloides.csv,Carcinoma_AGSCC_2_28_tumorales_linfoides_mieloides.csv,Carcinoma_AGSCC_2_29_tumorales_linfoides_mieloides.csv,Carcinoma_AGSCC_2_2_tumorales_linfoides_mieloides.csv,Carcinoma_AGSCC_2_30_tumorales_linfoides_mieloides.csv,Carcinoma_AGSCC_2_31_tumorales_linfoides_mieloides.csv,Carcinoma_AGSCC_2_32_tumorales_linfoides_mieloides.csv,Carcinoma_AGSCC_2_33_tumorales_linfoides_mieloides.csv,Carcinoma_AGSCC_2_34_tumorales_linfoides_mieloides.csv,Carcinoma_AGSCC_2_35_tumorales_linfoides_mieloides.csv,Carcinoma_AGSCC_2_36_tumorales_linfoides_mieloides.csv,Carcinoma_AGSCC_2_37_tumorales_linfoides_mieloides.csv,Carcinoma_AGSCC_2_38_tumorales_linfoides_mieloides.csv,Carcinoma_AGSCC_2_39_tumorales_linfoides_mieloides.csv,Carcinoma_AGSCC_2_3_tumorales_linfoides_mieloides.csv,Carcinoma_AGSCC_2_40_tumorales_linfoides_mieloides.csv,Carcinoma_AGSCC_2_4_tumorales_linfoides_mieloides.csv,Carcinoma_AGSCC_2_5_tumorales_linfoides_mieloides.csv,Carcinoma_AGSCC_2_6_tumorales_linfoides_mieloides.csv,Carcinoma_AGSCC_2_7_tumorales_linfoides_mieloides.csv,Carcinoma_AGSCC_2_8_tumorales_linfoides_mieloides.csv,Carcinoma_AGSCC_2_9_tumorales_linfoides_mieloides.csv,Carcinoma_FAHNSCC_14_1_tumorales_linfoides_mieloides.csv,Carcinoma_FAHNSCC_14_2_tumorales_linfoides_mieloides.csv,Carcinoma_FAHNSCC_14_3_tumorales_linfoides_mieloides.csv,Carcinoma_FAHNSCC_14_4_tumorales_linfoides_mieloides.csv,Carcinoma_FAHNSCC_14_5_tumorales_linfoides_mieloides.csv,Carcinoma_FAHNSCC_15_1_tumorales_linfoides_mieloides.csv,Carcinoma_FAHNSCC_15_2_tumorales_linfoides_mieloides.csv,Dysplasia-HG_FAHNSCC_15_1_tumorales_linfoides_mieloides.csv,Dysplasia-HG_FAHNSCC_15_2_tumorales_linfoides_mieloides.csv,Dysplasia-HG_FAHNSCC_15_3_tumorales_linfoides_mieloides.csv,Dysplasia-HG_FAHNSCC_15_4_tumorales_linfoides_mieloides.csv,Dysplasia-LG_FAHNSCC_15_1_tumorales_linfoides_mieloides.csv,Dysplasia-LG_FAHNSCC_15_2_tumorales_linfoides_mieloides.csv,Dysplasia-Stroma_FAAGSCC_13_1_tumorales_linfoides_mieloides.csv,Dysplasia-Stroma_FAAGSCC_13_2_tumorales_linfoides_mieloides.csv,Dysplasia-Stroma_FAAGSCC_13_3_tumorales_linfoides_mieloides.csv,Dysplasia-Stroma_FAAGSCC_13_4_tumorales_linfoides_mieloides.csv,Dysplasia-Stroma_FAAGSCC_13_5_tumorales_linfoides_mieloides.csv,Dysplasia-Stroma_FAAGSCC_13_6_tumorales_linfoides_mieloides.csv,Dysplasia-Stroma_FAAGSCC_13_7_tumorales_linfoides_mieloides.csv,Dysplasia-Stroma_FAAGSCC_13_8_tumorales_linfoides_mieloides.csv,Dysplasia_FAAGSCC_13_1_tumorales_linfoides_mieloides.csv,Dysplasia_FAAGSCC_13_2_tumorales_linfoides_mieloides.csv,Dysplasia_FAAGSCC_13_3_tumorales_linfoides_mieloides.csv,Dysplasia_FAAGSCC_13_4_tumorales_linfoides_mieloides.csv,Stroma_ad_Carcinoma-Dysplasia_FAHNSCC_14_1_tumorales_linfoides_mieloides.csv,Stroma_ad_Carcinoma_AGSCC_2_10_tumorales_linfoides_mieloides.csv,Stroma_ad_Carcinoma_AGSCC_2_1_tumorales_linfoides_mieloides.csv,Stroma_ad_Carcinoma_AGSCC_2_2_tumorales_linfoides_mieloides.csv,Stroma_ad_Carcinoma_AGSCC_2_3_tumorales_linfoides_mieloides.csv,Stroma_ad_Carcinoma_AGSCC_2_4_tumorales_linfoides_mieloides.csv,Stroma_ad_Carcinoma_AGSCC_2_5_tumorales_linfoides_mieloides.csv,Stroma_ad_Carcinoma_AGSCC_2_6_tumorales_linfoides_mieloides.csv,Stroma_ad_Carcinoma_AGSCC_2_7_tumorales_linfoides_mieloides.csv,Stroma_ad_Carcinoma_AGSCC_2_8_tumorales_linfoides_mieloides.csv,Stroma_ad_Carcinoma_AGSCC_2_9_tumorales_linfoides_mieloides.csv,Stroma_ad_Carcinoma_FAHNSCC_14_1_tumorales_linfoides_mieloides.csv,Stroma_ad_Carcinoma_FAHNSCC_14_2_tumorales_linfoides_mieloides.csv,Stroma_ad_Carcinoma_FAHNSCC_14_3_tumorales_linfoides_mieloides.csv,Stroma_ad_Carcinoma_FAHNSCC_15_1_tumorales_linfoides_mieloides.csv,Stroma_ad_Carcinoma_FAHNSCC_15_2_tumorales_linfoides_mieloides.csv,Stroma_ad_Dysplasia-HG_FAHNSCC_15_1_tumorales_linfoides_mieloides.csv,Stroma_ad_Dysplasia-HG_FAHNSCC_15_2_tumorales_linfoides_mieloides.csv,Stroma_ad_Dysplasia-HG_FAHNSCC_15_3_tumorales_linfoides_mieloides.csv,Stroma_ad_Dysplasia_FAAGSCC_13_10_tumorales_linfoides_mieloides.csv,Stroma_ad_Dysplasia_FAAGSCC_13_11_tumorales_linfoides_mieloides.csv,Stroma_ad_Dysplasia_FAAGSCC_13_1_tumorales_linfoides_mieloides.csv,Stroma_ad_Dysplasia_FAAGSCC_13_2_tumorales_linfoides_mieloides.csv,Stroma_ad_Dysplasia_FAAGSCC_13_3_tumorales_linfoides_mieloides.csv,Stroma_ad_Dysplasia_FAAGSCC_13_4_tumorales_linfoides_mieloides.csv,Stroma_ad_Dysplasia_FAAGSCC_13_5_tumorales_linfoides_mieloides.csv,Stroma_ad_Dysplasia_FAAGSCC_13_6_tumorales_linfoides_mieloides.csv,Stroma_ad_Dysplasia_FAAGSCC_13_7_tumorales_linfoides_mieloides.csv,Stroma_ad_Dysplasia_FAAGSCC_13_8_tumorales_linfoides_mieloides.csv,Stroma_ad_Dysplasia_FAAGSCC_13_9_tumorales_linfoides_mieloides.csv,Stroma_ad_Dysplasia_FAHNSCC_14_1_tumorales_linfoides_mieloides.csv,Stroma_ad_Dysplasia_FAHNSCC_14_2_tumorales_linfoides_mieloides.csv,Stroma_ad_Dysplasia_FAHNSCC_14_3_tumorales_linfoides_mieloides.csv,Stroma_ad_Dysplasia_FAHNSCC_14_4_tumorales_linfoides_mieloides.csv
Carcinoma_AGSCC_2_10_tumorales_linfoides_mieloides.csv,0.0,1775.6732784714102,2223.1716737328074,1139.5019821562325,1159.837110731723,1384.4994840248457,2150.0446668604127,1292.2292140185646,1477.7054340087755,2248.7206150505795,6430.97767454005,4417.261014218906,2859.6494969931437,2393.6683032118185,1414.3740535309523,4238.884799985609,4866.551289358954,1621.9124711669494,3149.554734545566,1193.2525114104812,1088.8260882905674,3752.337990193518,865.2938906768651,1843.324748075152,4680.938472415235,2290.0685330894776,1859.2023674690972,5032.835013562918,3042.3721046166506,2024.578551918824,2918.505600520046,3036.6748329843294,3414.4479670187043,2991.4333079946214,1580.0929515770604,1884.3853537333302,1655.7282502855696,2077.06495815459,1767.0035422688527,1131.4022749251906,4807.65203782252,5393.950572708241,6945.187472782374,1463.0236140937777,3817.81521403139,6180.199786913272,5750.973843672919,1302.2488806761794,4617.14440179163,8945.479256004013,10737.468594729391,8765.716222866435,6920.9420042615275,3136.1562180684623,5402.649639991188,7402.7615334267975,5064.05646736885,5826.791367993477,9530.851823623332,6764.572924617166,17477.639054318814,11808.749136599428,15432.700904036063,2546.733450029244,1270.5555560256207,9891.284326571169,10488.742167907545,26762.090641878003,25027.205436323096,23227.766444786284,17915.178729349176,13629.210102242076,16928.073778147525,16701.15488154349,24503.074850553017,27371.182247116707,11530.1566856241,11943.547374872158,12344.657267202507,19768.770793627315,28395.409385274455,14090.756438233746,23285.75208751005,28182.4484730758,35130.401533690594,17088.08382841628,38976.18217130897,30112.977495652405,39666.60347800695,34075.554066004544,37943.197203334305,33227.81878628876,31473.631261074952,32680.86092924209,33325.373811679616,18871.023118582496,12871.888806351946,11410.734841114445,10411.398984192876
Carcinoma_AGSCC_2_11_tumorales_linfoides_mieloides.csv,1775.6732784714102,0.0,3364.4693137459817,1153.3576707737946,2356.500255279492,2647.4971841904035,2367.4046493518254,2634.3424768571513,2893.0328403031995,2258.155569993979,6957.480120230895,5409.190581054665,4193.21211730249,3415.8870220079357,2725.1671147959096,4100.97569222846,4482.369323755743,2919.05409912471,4146.716155099485,2676.4164186232833,2107.5475234313167,3937.5252433691294,2088.5084492575297,2007.9190464693565,4488.513802772083,2727.970412739672,2383.6434936088517,5959.340128948778,4442.863972896454,2367.2864633144454,2175.770429633033,3970.1343239322614,3906.3592384545077,3166.1853487964295,930.8247075946695,1591.8183923629354,1430.2845979703354,1915.716958488211,1226.7168568920931,1555.384671423105,4367.634199023442,4903.8575742403,5558.553700624639,1001.0123949215283,3079.2160187684653,4753.9370497846385,4895.148511414297,1913.957189412627,5259.21705748235,8417.493639289385,9980.140039883889,7617.661352987839,5741.921532352954,3387.1332542963605,3772.1942966232386,6232.7045912162885,4453.835312726614,4153.803670679324,8614.812675667064,5941.133196548577,16618.615015460586,12362.133708130397,15807.76079124648,3495.9600045790544,1966.9265726205363,8561.47684288077,8852.035000750655,25282.182505915225,23510.13102103382,21686.492584783777,16294.963389167002,11954.366847113917,15372.627888576813,15158.516742852975,22953.630556467444,25809.42725392478,10214.481575320346,10705.72459717708,11007.569172586638,18216.458678070525,26838.150191158533,12483.54186514803,21728.625144423895,26623.65225659712,33609.445962901285,15535.582402703601,37440.639224273466,28558.478920447124,38080.08804921935,32501.562033406502,36387.34912026593,31700.57081054234,29999.354662215686,31143.658589398012,31768.98121070901,17279.063185397084,11679.466421613335,10646.5107870623,8939.457935233811
Carcinoma_AGSCC_2_12_tumorales_linfoides_mieloides.csv,2223.1716737328074,3364.4693137459817,0.0,2806.238875658636,1108.2605065516063,964.7922166743862,4208.863865654273,2661.905961008299,888.007209646682,4335.855247247919,4522.358660449693,2262.797633576894,1031.9912995884365,968.6374624192268,1336.1898207632996,6373.492174059751,7063.768924164366,693.8183404771246,1197.7311011135723,1419.2786786255372,1564.1366935456274,3243.115931567462,2571.996934110916,3901.305032697401,6800.580219374703,1698.9886942828334,1634.007840778872,2846.817889127642,1430.47320066249,3998.367919733222,4502.289762891458,1371.9425613647775,2225.08429383619,5069.879351484949,3487.8623454562926,3863.802360593017,3763.8137835781677,4241.388713575505,3862.2406853907423,3234.276341757603,7007.249312336515,7584.028102142067,8789.230022831125,2924.2816852604847,5969.778662284513,6455.873194562599,5454.750879009226,3201.952191297098,2896.071455384635,7954.0792627571855,9970.903112908441,8833.858138063375,6993.891636074458,2866.0064158174873,6013.33402913131,7402.699063575845,4749.285237637394,7160.099354210313,9075.557784324963,6387.047610165294,16688.71743143359,9747.843013937645,13442.4377506644,1481.0799615496048,2089.674946958747,11794.140863173208,12193.015933030949,26818.29605747822,25140.99772199899,23420.83424306428,18311.898616446135,14215.514397423402,17366.407539098003,16965.228098499927,24744.344487378843,27762.07329056755,13472.572516785876,13982.714777094483,14228.369711955884,20038.547172803294,28815.20292124831,14523.392273078043,23593.355660279747,28645.855086414565,35264.865132206476,17691.41107542508,39851.130635739064,30641.805226011773,40000.42846857332,34607.721103276774,38468.21326717592,33385.309083104934,31515.365003456027,32863.9152548592,33838.8094351196,19148.164692318038,14951.971260864384,13619.747333260693,12012.051629855314
Carcinoma_AGSCC_2_13_tumorales_linfoides_mieloides.csv,1139.5019821562325,1153.3576707737946,2806.238875658636,0.0,1756.4983137838678,2014.2564592036565,2044.7935888329198,1958.1964206535729,2195.2998710289894,1989.3365029499214,6627.69728401496,4846.532353853015,3574.2305981357626,2931.431833342743,2064.4107138678346,4077.3381806942057,4639.8732033767255,2313.62887570557,3714.9770472263676,1942.0887184340306,1426.332254690143,3839.700800576091,1427.41763003163,1513.8509818652146,4505.8554017375545,2514.5204173918814,1996.5654071531367,5508.583571907366,3772.9470322465454,1963.7423879669213,2124.260716370088,3382.1292122426253,3736.4876539954707,2884.3408195963475,948.7932838185671,1365.303572414506,1216.4679402136574,1787.7117908189944,1319.832766524569,1046.7745896414876,4526.765351456913,5092.335126836292,6265.679324682085,714.2266876038968,3439.957591777541,5352.061919851131,5388.224922096952,1276.2344164786773,4927.994093884623,8809.636094766265,10427.696928113906,8165.954832656675,6388.016648319323,3209.430406039353,4530.478336674572,6842.265880566867,4855.196625925402,4770.431845009124,9099.412259496536,6427.585438940478,17099.31293062492,12066.864274046706,15668.868351442015,2991.6525255196216,1322.6821512211527,9311.835986797912,9698.160003590536,25927.082267762955,24180.545248773265,22356.765087850104,17022.227480905072,12722.412722260853,16037.485562812511,15832.163576598945,23615.020821283564,26466.249502312065,11046.855097145972,11475.64340788855,11838.520240914773,18878.123613941054,27493.191602277624,13197.560761627588,22389.660645804302,27284.49212137767,34262.73355668628,16211.135043221244,38168.98977561065,29227.90101377283,38773.07737199372,33183.8205657599,37055.616258442846,32355.868797673807,30670.002832827373,31802.972189735578,32436.49556386943,17989.693319629205,12425.166540278131,11095.818892148429,9693.017377314001
Carcinoma_AGSCC_2_14_tumorales_linfoides_mieloides.csv,1159.837110731723,2356.500255279492,1108.2605065516063,1756.4983137838678,0.0,740.3854995873616,3190.014493686847,2006.589754004133,734.0179414356531,3293.996586863547,5378.602167941805,3279.305322262238,2014.7411559916286,1651.2342369394844,1191.9002530604027,5341.9155512867555,6005.292972679093,822.8489182873808,2041.0909672621324,1126.610232200704,831.1653417649928,2955.5850695727545,1690.1871613303485,2862.7391901460055,5775.25364983548,1516.1850673129813,1162.3883142772308,3890.8223799794227,2294.216464324003,3010.473698070166,3451.029968283184,1906.0659127662777,2430.7022562458487,4057.1148755086942,2431.0991755752207,2814.4337879734544,2698.232580926718,3173.278050948135,2794.2116213028053,2171.1318712749157,5938.151528848188,6515.358122907885,7782.0747718556595,1907.0487130647853,4898.28203796979,5937.341879612535,5231.842393765305,2251.348984009336,3537.4017201724764,8209.6336125489,10080.514428479077,8410.24223605912,6507.552864019526,2524.6991589995387,5267.382322191259,7002.734335541819,4480.300180283311,6180.872993316744,8963.524128415615,6213.735458228412,16829.64107690777,10721.741821476064,14368.989317003177,1479.0160181554338,1203.9200040149926,10775.8002452588,11184.951574190723,26479.766188109257,24767.623341984003,23021.54777086091,17796.411550499786,13582.105121899443,16871.055788238922,16497.538138496682,24325.70429310762,27293.242208007432,12445.435288545585,12920.978126838978,13218.813831607156,19601.27390740553,28340.00275932896,13985.779228500314,23147.97527003165,28158.258198950174,34898.60740812028,17156.23948642886,39280.14960980456,30140.192437175887,39530.792606157214,34095.34587026402,37965.36757661086,33000.02832813071,31165.60611991043,32467.797397053382,33339.37911087131,18676.21849924821,13880.385559167345,12547.203639427833,11093.913073937205
Carcinoma_AGSCC_2_15_tumorales_linfoides_mieloides.csv,1384.4994840248457,2647.4971841904035,964.7922166743862,2014.2564592036565,740.3854995873616,0.0,3444.834210380077,1984.423072014099,566.7151531510756,3548.3471619149614,5168.719087336979,3047.23011026572,1596.3906231119706,1249.8638107571267,543.474419553054,5597.2258950570285,6240.792545050947,586.219158491244,2045.3814429956649,882.3506020424238,1052.8467886550573,3529.5683487805054,1886.6197006497805,3110.340773254283,6034.3168902194475,1837.6034824916117,1594.0935318526633,3660.0025114038694,1850.0248221190948,3262.361355456557,3830.3159097131083,1994.6256481941657,2761.5184329595895,4316.530255355269,2685.3782699039325,3059.3431600957165,2918.964337762542,3398.5334950956717,3015.8363737972536,2405.7350143034,6164.528516033647,6743.826783989997,8034.7257276410755,2169.3462408056093,5119.108506142662,6320.975800488543,5486.456724222729,2485.0570201348437,3558.8129585532733,8347.231580356816,10260.030161077275,8815.058364827935,7002.379254583958,2806.1374617919573,5800.9762982255925,7421.655577816718,4771.962430838302,6603.896745989578,9200.568145833582,6437.0067825288015,17010.61874331281,10463.467372996334,14124.712865418287,1964.068263905327,1649.8050637187287,11024.434359648976,11483.70750395871,26735.863215720965,25050.65330791547,23284.75001583738,18119.262946550756,13999.52278273753,17109.272571773607,16829.097300370715,24585.71689662837,27534.917397372963,12699.863170253353,13183.107954656387,13460.955662691415,19863.396588872834,28569.575448153162,14308.214639981486,23400.89947087861,28380.238904358477,35151.603546317994,17361.771632382362,39358.93730199691,30348.695173756798,39819.453614195045,34317.34431521884,38174.89168596008,33266.56539689534,31462.14884087209,32735.452646337126,33550.161581553606,19009.17075423774,14138.275075131158,12774.421724436655,11312.67658467098
Carcinoma_AGSCC_2_16_tumorales_linfoides_mieloides.csv,2150.0446668604127,2367.4046493518254,4208.863865654273,2044.7935888329198,3190.014493686847,3444.834210380077,0.0,1762.431295634366,3410.688045181147,488.4554667829807,8549.68545776333,6434.721459847147,4787.6509382815,4506.659720144061,3508.1098644626863,2175.5418219915373,2881.796684341569,3612.447065346494,5149.278125624292,2949.035532766753,3113.4006075974835,5415.170239608643,1734.0287819478601,708.8552021130716,2633.7397861619074,4328.258925309922,3920.027452174707,7047.667989831149,4937.855302590246,602.7110158487989,1624.72733242831,5079.470601837114,5345.485963370579,929.3899905925322,1613.0646855162424,919.318468361068,1093.4345905814348,626.3443537077545,1280.9453012681136,1168.0704615017144,2915.2835366304926,3499.370225771649,5604.865144215501,1711.216689233116,2019.4279056930118,6856.074451227899,7190.230316964706,1304.5129995055909,6713.393828888466,10694.41319676202,12272.605373127806,9851.755120521799,8028.701345243944,5212.1151349950005,5757.67578451068,8490.338323449998,6713.688240207267,5047.204790568146,10903.995833023091,8234.96901353242,18898.245413008746,13900.531061610307,17546.164598202162,4566.529361666864,2377.827559799956,8467.48162535542,9197.918918483416,27096.519153258734,25316.587333323565,23340.685279881054,17926.094694991163,13503.334395797261,16832.697567802148,16906.990095138313,24551.066817887368,27227.558176216196,10037.302094168741,10257.688440466496,10965.080858899564,19862.226834732028,28248.62687266169,14119.3272812134,23285.619415312052,27964.530692402714,35303.31882327733,16811.46708285264,38447.82209937178,29825.48016573812,39643.51275812305,33807.44896249855,37664.087898651334,33386.78892692456,31923.942639082343,32810.67203406045,33063.13126923642,19021.30005032162,11120.04449315303,9491.050478998004,9295.167221629554
Carcinoma_AGSCC_2_17_tumorales_linfoides_mieloides.csv,1292.2292140185646,2634.3424768571513,2661.905961008299,1958.1964206535729,2006.589754004133,1984.423072014099,1762.431295634366,0.0,1875.9028841119336,2096.8145840516404,7100.945363623929,4892.1641428106705,3212.6677771363006,3109.753797604313,2038.128166648683,3739.826809584334,4486.897204663731,2145.906459893929,3710.358696444441,1547.112859217104,1805.0670269512302,4852.43679509616,841.4975027000556,1702.427188759578,4232.831853628521,3482.900043311404,3077.387080507275,5490.50044264541,3350.5093465046343,1659.411507040473,3176.5061027723277,3590.020714559881,4346.499945913269,2474.057527481847,2112.1227031394187,1977.686555703189,1759.7300676090158,2017.0562267929445,2035.5122739227827,1374.7494502102782,4540.585447214109,5110.728338807293,7100.784927785563,2150.5319752796,3626.9160752291004,7125.318468224192,6892.939577788359,1443.7962779766817,5308.476274683856,10102.748374030962,11900.745761575357,9920.921534453797,8130.438381717871,4292.694396298224,6371.722382859442,8558.183794260698,6234.098151925607,6391.572813431394,10676.292754223829,7902.268722446229,18633.00679667158,12369.230760002118,16044.067003231175,3282.898257185611,1810.0283892177993,9980.004331468424,10806.29024662146,27639.55016141094,25899.298646570238,24014.252437894924,18702.237034312137,14450.147304952177,17612.664071862746,17555.28829735047,25266.30982098888,28035.521337710852,11543.515598954942,11853.870536696699,12449.740547583951,20536.53819406596,29056.589781651048,14871.668310951447,24021.440757495813,28807.286650896025,35944.22343838197,17676.55757845711,39372.540866180614,30701.128804117125,40412.11766747792,34678.42887926024,38536.650765626575,34039.59287909564,32414.656650160578,33479.35445120057,33926.618000107315,19699.945786060973,12742.99977266415,11100.158803973518,10688.309260274673
Carcinoma_AGSCC_2_18_tumorales_linfoides_mieloides.csv,1477.7054340087755,2893.0328403031995,888.007209646682,2195.2998710289894,734.0179414356531,566.7151531510756,3410.688045181147,1875.9028841119336,0.0,3556.3509839207773,5359.5249403595735,3097.495847383713,1438.1133853714769,1423.857573824451,903.028672100422,5568.784256713971,6284.954383080105,603.7463143330897,1952.6013855316278,664.7152069468906,1224.6283601175642,3505.733001347585,1735.888076632357,3136.7119594417827,5988.027366595008,2062.416930158921,1797.0589146894022,3669.000098220525,1687.7677850652537,3177.487193351984,3957.550211763815,1863.7917425896865,2783.399477983898,4266.394419785453,2858.209576618859,3185.047289084225,3056.0533563955632,3511.827445130782,3163.572562925559,2488.280452952999,6263.678850292703,6838.827940522196,8248.61440244785,2361.355494619392,5256.494235187017,6549.423780595791,5796.840359901285,2357.637855036396,3687.262576235,8656.129505777446,10564.096062799099,9050.47288946674,7202.515491792075,3103.3227898341806,5978.8399083695795,7649.9159971889985,5037.111573233866,6813.942597667623,9483.890430375412,6741.137226285824,17314.972904569095,10600.844266426058,14292.954218922272,1688.4781249719263,1498.0009371275037,11238.095121016779,11710.803651197371,27049.31192823909,25355.104186123634,23585.772840720863,18389.204116832527,14239.117372262772,17417.569592783802,17102.08474444195,24890.23041358095,27841.005493269433,12899.17414483094,13348.38670228989,13685.228919269632,20164.62425609773,28880.156164111282,14575.209432241933,23700.539293919053,28696.19628989846,35459.87276591473,17684.47101385975,39781.00830306243,30675.754144177354,40111.25069146526,34643.34527941975,38500.071908107726,33573.277709529575,31762.58100584144,33039.68699421166,33876.00618691448,19280.263006323225,14295.1484679723,12874.34093142785,11585.57123160168
Carcinoma_AGSCC_2_19_tumorales_linfoides_mieloides.csv,2248.7206150505795,2258.155569993979,4335.855247247919,1989.3365029499214,3293.996586863547,3548.3471619149614,488.4554667829807,2096.8145840516404,3556.3509839207773,0.0,8516.635416962908,6484.89050724984,4930.436984414711,4588.041091642528,3581.029560419543,2173.189461314721,2855.828266618931,3717.084727016579,5249.727282946412,3060.4839299874043,3154.908824524092,5343.095953136706,1907.6171130022012,691.1830190374259,2616.7385534444556,4322.144518204658,3887.2500000506957,7155.4755839144445,5095.752084587625,788.1554788011607,1234.6680176952923,5099.149011069515,5298.132063519726,1094.1583948314378,1558.9967111796072,825.6631771098421,1022.3148683420034,713.6276023613472,1206.7470763462918,1205.3107536097828,2891.1932696656936,3452.858665247572,5379.959522270348,1711.5555095349787,1970.5782075892907,6587.0571779977545,6993.725912956007,1408.353997913268,6739.909025355599,10540.876599822184,12049.847638579897,9579.874507695286,7766.804498859675,5148.571948819994,5450.897514843171,8232.679139404014,6599.615135150637,4638.910505917803,10650.836235612647,8034.257210719613,18645.431358841885,13906.744131364532,17549.482674364794,4663.935273904221,2455.2366274251067,8284.338002917184,8916.311859858472,26758.694826280665,24969.684807805672,23002.345747186166,17556.56061243461,13124.92628623969,16500.12950530976,16560.277792263816,24212.44773652741,26904.29495671068,9940.832513596333,10167.895108440853,10847.009587735916,19522.66570924072,27927.081007154746,13756.931118414772,22947.029875667988,27654.07182465477,34964.13186109638,16512.75962703608,38207.79734904126,29534.432372308143,39293.90504360034,33499.80422232776,37370.06881024963,33046.97056222699,31566.430427684114,32472.930635575212,32763.49612533901,18659.593613659003,11039.405897613427,9447.991251669682,9062.569247117935
Carcinoma_AGSCC_2_1_tumorales_linfoides_mieloides.csv,6430.97767454005,6957.480120230895,4522.358660449693,6627.69728401496,5378.602167941805,5168.719087336979,8549.68545776333,7100.945363623929,5359.5249403595735,8516.635416962908,0.0,3385.5744895714556,4529.688651837831,4400.242649737375,5273.292287325284,10658.562087921502,11234.507989651853,5002.969036278849,3529.0417316309013,5851.418499660201,5446.1158933394,3486.1743548151458,7031.527175515677,8066.474327734437,11094.587699800879,4380.448105411543,4751.503591526593,3388.076457392186,4951.820269627736,8376.511230067435,8017.214630021347,3578.8772486253065,3533.801527438414,9403.8858575849,7447.867874164318,7915.320330348553,7796.4921602127115,8379.557421242755,7878.448173487503,7438.992726273143,11117.193321532892,11678.25887913916,11774.704246114887,7017.543456421944,9931.315253458788,6290.684425328447,4167.560175251898,7620.097245041999,1878.894836624063,4405.76371416054,6370.782748054911,7057.600624388897,5083.833925736975,3807.658955311441,6948.529848380237,5727.523377294012,3829.8054420221824,9013.41346034647,6111.343468324618,5174.877919439738,12864.234348244367,5747.82138576924,9144.067235403327,4165.243558573046,6298.639175762043,14711.610734813357,14959.35207349238,24396.687161560534,22767.957401537544,21436.716238201596,17055.89100571164,13648.745377971996,16550.98868169994,15202.641967377174,22866.69527854478,26245.834473458992,16473.965344292,17295.348606103325,17104.321292332206,18497.277266807137,27535.023299940938,13717.027045601308,21983.633556520563,27470.305010881897,32926.660829856955,17346.290791337826,39802.640426323116,29614.022940961608,38155.667152450966,33528.148597436906,37331.21334550415,31188.152374390622,28836.111671244398,30780.685009477802,32688.721446584354,17346.53529545487,18357.935568050812,17596.959955108683,14556.940347433829
Carcinoma_AGSCC_2_20_tumorales_linfoides_mieloides.csv,4417.261014218906,5409.190581054665,2262.797633576894,4846.532353853015,3279.305322262238,3047.23011026572,6434.721459847147,4892.1641428106705,3097.495847383713,6484.89050724984,3385.5744895714556,0.0,1870.5340305196014,2195.6877589736127,3090.0007782553475,8604.656130191262,9271.352988349692,2852.550571924344,1356.145289606689,3609.6282417389307,3544.9336588749716,4020.174070019405,4813.338386051358,6056.023405276211,9037.544107599448,2874.1092472206733,3198.9066676240373,819.9499626969547,1912.5983617692254,6237.206507623043,6425.945512452825,2285.9014564996883,2970.481951827784,7304.312398451098,5642.746292133553,5993.021750635758,5881.686440370668,6418.322210337828,6032.225005761066,5429.292855563223,9190.053951674743,9763.978997469216,10657.937881890706,5070.781556716322,8122.952260572697,7470.725852873325,5825.371742514508,5443.773678821479,2943.5834141342843,7214.623328768262,9380.655811672868,9438.883115591996,7584.191524810914,3893.6419839730265,7233.223109232659,7945.536427360959,5473.739223101386,8853.872926565089,9014.563387742875,6483.222015914087,15945.923161590566,7525.610889433018,11228.621320389077,2769.1554132055085,4165.540480081362,13667.422388840267,14041.964013594654,26945.224662725188,25321.064833313714,23728.231977586194,18892.559961822702,15104.240635591425,17968.859002501023,17452.193704351634,25097.138341944446,28238.408903306838,15420.65846098477,16045.320964084056,16118.767739971765,20460.031759580816,29327.699734959533,15231.735303347523,24020.15516046563,29191.670336590105,35459.41616956227,18423.70343033565,40596.83100075097,31223.073418123844,40417.18029136686,35204.59219730236,39044.835729072525,33637.937510861535,31586.55245455745,33152.12110633613,34406.77009659147,19636.583014428776,17046.354347756725,15797.786807472754,13664.567623400038
Carcinoma_AGSCC_2_21_tumorales_linfoides_mieloides.csv,2859.6494969931437,4193.21211730249,1031.9912995884365,3574.2305981357626,2014.7411559916286,1596.3906231119706,4787.6509382815,3212.6677771363006,1438.1133853714769,4930.436984414711,4529.688651837831,1870.5340305196014,0.0,1226.72816077959,1656.2254387832634,6944.5758476809815,7663.641886975065,1343.5539492830267,1218.4726286779985,1948.1071585474836,2516.9888350453475,3889.413163122769,3103.959537117381,4517.786759783216,7363.954255877748,2475.1673758014954,2575.9635016165284,2330.8988983753325,817.1807393920308,4553.2590225048,5319.497441422495,1860.4298880346628,2752.3402900902915,5643.812273147561,4237.520927432893,4562.037348592349,4440.762714900302,4896.336935267184,4553.334403494644,3874.1257140903604,7643.691126619386,8219.456224426185,9547.422529907713,3720.203026900739,6641.016964993567,7308.90079570785,6033.227754866999,3695.433343833743,3338.5695455663435,8207.477736744522,10283.135142248488,9553.45644107878,7681.486441556118,3586.3204902758207,6939.490333489532,8090.5158765902,5444.995345676346,8082.757444418651,9566.149799177116,6889.31114215588,16971.22700872161,9341.17945261191,13058.843036589757,2061.6012253525955,2842.005745203216,12511.364719306475,12990.123715549396,27422.275876295404,25771.125079504374,24088.864387752597,19089.576452370915,15085.83054034231,18122.095943065728,17706.844696556564,25424.577584906394,28481.205118502618,14185.970353719544,14719.10504454111,14928.232043548358,20739.475586761648,29533.07160298506,15334.137325910136,24296.50762079568,29368.165301056288,35883.65344277676,18443.9483369111,40485.89049325152,31368.24684085118,40721.80322498395,35357.22433394002,39191.928223451745,34038.1546932111,32097.535714652473,33528.514721327214,34567.34593840034,19893.03709039095,15686.060388013897,14258.238621870325,12721.706828333377
Carcinoma_AGSCC_2_22_tumorales_linfoides_mieloides.csv,2393.6683032118185,3415.8870220079357,968.6374624192268,2931.431833342743,1651.2342369394844,1249.8638107571267,4506.659720144061,3109.753797604313,1423.857573824451,4588.041091642528,4400.242649737375,2195.6877589736127,1226.72816077959,0.0,1150.723335775792,6615.622776202597,7209.345208295135,1054.5870806173018,1535.264980069032,1969.6595233950354,2067.435650610605,3767.3102538151193,3016.9131379061923,4160.3504526098,7053.498840313319,1786.8711634867466,1834.5715841127876,2776.942477832834,1515.0986532882505,4337.105629983543,4893.958341032676,2159.713717173792,2604.167849404918,5366.772087492718,3611.853495853986,4093.5423130797867,3858.670820040659,4355.733222830031,3904.0206851250964,3407.7478592394064,7097.035515090451,7674.686929229248,8684.883730662186,3141.721789779696,5960.408891868596,6448.619226794885,5285.639715043109,3583.023017364176,3409.676851363203,7521.629659887543,9570.3773833442,8754.794412797282,6967.360463290301,2885.0357712288624,6067.138158993951,7310.060642502265,4672.188161947288,7269.969755773216,8804.86967295906,6051.635649518562,16272.188209714126,9436.464604175946,13050.452485423431,2380.264951067539,2781.329232613753,11638.863784765626,12151.297811827608,26504.717187935887,24830.794367444225,23113.930120528385,18047.592815758377,14079.59708906724,17058.130804903114,16715.306579403823,24432.30237233713,27443.07924748989,13307.949708693719,13888.567356822901,14046.687391480005,19723.5526483429,28497.82930152232,14281.598908983,23279.988412226725,28326.887798783835,34956.21558660261,17411.30103395915,39451.48966995455,30323.38723846598,39689.687326077124,34282.92074249321,38147.4926262075,33071.25580487478,31209.54056037285,32552.30592726508,33520.18588030432,18888.47109265775,14878.296750207726,13655.560969794185,11881.627123006374
Carcinoma_AGSCC_2_23_tumorales_linfoides_mieloides.csv,1414.3740535309523,2725.1671147959096,1336.1898207632996,2064.4107138678346,1191.9002530604027,543.474419553054,3508.1098644626863,2038.128166648683,903.028672100422,3581.029560419543,5273.292287325284,3090.0007782553475,1656.2254387832634,1150.723335775792,0.0,5641.576776119707,6272.348609050574,896.8591880509777,2315.372067337675,906.1482599615399,1353.0355076664425,3954.7267965472133,1977.8426037258305,3147.2892011758613,6079.680552961912,2051.6695887773662,1869.0715130037422,3663.8627090003965,1890.7915919339314,3335.4497834985145,4022.725649566658,2426.7085414764756,3099.07869988974,4371.817266655507,2737.088037809766,3135.838328215208,2912.630881890455,3406.6013197735274,3017.5619949539177,2442.783738395762,6173.30873307182,6750.281382230978,8018.693961408972,2322.974593305999,5114.0730750109615,6448.169574228949,5637.32889174372,2565.473595135883,3891.723713802975,8379.489799631234,10318.383222351245,9013.003111375214,7244.628103413507,2985.743423887318,5976.265254990957,7625.661801755744,4945.9268434317355,6708.486367196237,9344.303452273376,6518.91673509106,17061.584625812164,10405.108765468452,14044.280068190481,2426.5595648197764,1960.5831756381378,10988.608663946448,11515.462381426654,26787.01743445309,25108.056543096653,23291.11809950671,18161.465440112894,14081.066549948775,17091.678688526514,16897.96446119949,24584.984874945338,27501.55501869204,12680.53859749568,13163.81399068802,13439.420426576771,19852.398133811024,28523.23889132995,14355.607160354517,23378.324473871126,28325.22410091789,35164.98503674356,17311.61262399849,39251.017601031584,30275.837655755826,39829.04697160359,34261.34872200006,38101.1994188666,33285.58809107483,31559.35836129694,32749.157486949236,33483.72909953348,19068.620249364583,14120.64835655522,12780.40632153151,11320.990996806373
Carcinoma_AGSCC_2_24_tumorales_linfoides_mieloides.csv,4238.884799985609,4100.97569222846,6373.492174059751,4077.3381806942057,5341.9155512867555,5597.2258950570285,2175.5418219915373,3739.826809584334,5568.784256713971,2173.189461314721,10658.562087921502,8604.656130191262,6944.5758476809815,6615.622776202597,5641.576776119707,0.0,834.1049408420779,5772.0310220718975,7305.229103187733,5076.416462086279,5242.950475516836,7314.461297169993,3848.665202168856,2614.9209249193723,600.4595573951246,6345.504284920928,5952.093263161176,9214.063027555652,7077.632738512235,2401.1757203056136,2747.931317906853,7238.635596778281,7243.420350143197,1381.8119554392092,3373.6763786438382,2757.6747504096284,2930.8378002841687,2324.8851833831714,2976.1891157616833,3232.402907440546,1225.2675739542856,1748.2883333822215,4582.912986554008,3656.0472120576414,1261.3325736436661,7932.4452029245795,8817.276272537725,3298.843923706797,8846.506092197777,12446.108192834949,13783.419544815426,11053.944112858135,9416.030365713534,7243.002947150103,6510.462258242873,9653.38947897186,8494.521617189179,5023.973823117654,12285.81529228192,9807.023955888808,20132.70425868169,16043.61222346596,19657.6425888285,6733.043241274065,4522.017183605229,6999.497309903776,7940.384925564203,27314.008293165825,25478.866761933936,23403.02086156339,17880.894153323352,13409.320689038748,16802.738677118778,17061.11343756285,24573.744041735037,27110.719056806574,8429.235828022218,8478.53384523394,9440.909979348571,19968.536267678548,28130.200259396774,14170.910037509611,23298.432620062635,27781.395609428037,35386.15966905917,16630.51751121074,37921.48307414449,29579.352033273684,39571.47350804973,33583.58746027844,37428.080534901426,33471.04038036068,32154.051526341158,32896.49411878054,32836.15776335292,19105.346344185058,9266.196344346807,7432.928750308886,8338.09847551723
Carcinoma_AGSCC_2_25_tumorales_linfoides_mieloides.csv,4866.551289358954,4482.369323755743,7063.768924164366,4639.8732033767255,6005.292972679093,6240.792545050947,2881.796684341569,4486.897204663731,6284.954383080105,2855.828266618931,11234.507989651853,9271.352988349692,7663.641886975065,7209.345208295135,6272.348609050574,834.1049408420779,0.0,6436.324837776837,7973.485068426338,5813.676932727782,5874.399772442674,7815.720637704893,4577.579684249844,3282.7721890555667,610.9438913672632,6870.073611819481,6492.270889763641,9892.113094061635,7812.0066159998905,3141.5900040411816,3235.6827811809644,7888.883563006507,7774.309635310375,2064.7965201494894,3821.4200424252253,3350.3062974517256,3446.497273833699,2881.3538948474097,3401.8065785011227,3852.1643604359547,603.8829487850146,1060.165260092161,4054.2189549153604,4254.339280920232,1460.560300604227,8056.500660048477,9087.401559904738,4059.470553329023,9450.012608836958,12713.743209164373,13960.668041039225,11180.24526732815,9602.323509212285,7745.376049446556,6601.374399516208,9792.716898414408,8815.54099972004,5033.040026189344,12448.00583530953,10013.664584229819,20231.890172433978,16637.352019440834,20203.89219660979,7402.358839400467,5212.91700667476,6332.3839967003805,7311.317717867944,27117.852210782654,25253.10388457591,23111.312190829238,17570.895243989504,13100.854806474032,16491.545003333755,16859.481365757085,24261.97848200339,26744.524871624624,7697.097584897074,7693.4265132344735,8720.972010924963,19725.41765152245,27770.11396703438,13931.493072245807,22989.148381890685,27387.742684286153,35103.581185359,16256.98595922783,37387.66897676564,29150.97795485272,39230.93453630485,33173.09955050832,37003.63091764574,33185.349491552566,31982.241841819996,32618.377075349214,32413.656369574794,18865.438887522218,8456.572905003588,6632.213060792883,7791.916258528248
Carcinoma_AGSCC_2_26_tumorales_linfoides_mieloides.csv,1621.9124711669494,2919.05409912471,693.8183404771246,2313.62887570557,822.8489182873808,586.219158491244,3612.447065346494,2145.906459893929,603.7463143330897,3717.084727016579,5002.969036278849,2852.550571924344,1343.5539492830267,1054.5870806173018,896.8591880509777,5772.0310220718975,6436.324837776837,0.0,1656.1091075255529,998.1713538433551,1374.8827099316309,3269.989030869644,2058.03537795752,3287.7651322491183,6205.657597641832,1701.474919404591,1567.0471645847097,3467.218380304397,1632.4714690191443,3414.1064630178394,4083.334248842867,1629.036649190106,2391.7209521921204,4485.6380497915525,2970.4661381102337,3308.0106796918612,3158.5902109735016,3643.5515611493347,3260.662599751531,2601.0974134769936,6409.307284798255,6982.380753165089,8303.943106831011,2541.5212580329217,5398.070162990091,6477.512663587627,5566.844008054088,2658.126514489555,3265.3684956151187,8225.431819187817,10179.3136528721,8852.74941077545,6969.064565734467,2898.8066713824373,5892.468523941829,7406.668979834256,4839.917817112358,6902.278471216009,9203.526647692754,6496.687245690167,16918.266849130323,10309.77605351718,13972.89162532998,1693.8908889287472,1826.6849529474828,11260.892060730908,11743.371007196974,26874.24111878265,25161.022776947473,23467.177708482737,18270.489539984832,14143.334929732206,17352.86543881994,16971.136226927847,24780.945269926022,27767.406813173293,12924.271610906275,13420.840169974319,13701.602579132863,20063.898789917035,28818.53080553109,14470.410083027848,23612.80283753908,28640.340093313745,35322.06330197508,17645.7930874982,39692.49943524679,30624.313047153046,39983.7285796986,34570.29502874275,38449.64968312853,33432.903718708476,31534.90720464589,32908.688191658315,33824.10748912514,19130.75847635201,14382.79354703699,12996.516371697111,11635.125975454288
