,Carcinoma_AGSCC_2_10_linfoides_no_tumorales.csv,Carcinoma_AGSCC_2_11_linfoides_no_tumorales.csv,Carcinoma_AGSCC_2_12_linfoides_no_tumorales.csv,Carcinoma_AGSCC_2_13_linfoides_no_tumorales.csv,Carcinoma_AGSCC_2_14_linfoides_no_tumorales.csv,Carcinoma_AGSCC_2_15_linfoides_no_tumorales.csv,Carcinoma_AGSCC_2_16_linfoides_no_tumorales.csv,Carcinoma_AGSCC_2_17_linfoides_no_tumorales.csv,Carcinoma_AGSCC_2_18_linfoides_no_tumorales.csv,Carcinoma_AGSCC_2_19_linfoides_no_tumorales.csv,Carcinoma_AGSCC_2_1_linfoides_no_tumorales.csv,Carcinoma_AGSCC_2_20_linfoides_no_tumorales.csv,Carcinoma_AGSCC_2_21_linfoides_no_tumorales.csv,Carcinoma_AGSCC_2_22_linfoides_no_tumorales.csv,Carcinoma_AGSCC_2_23_linfoides_no_tumorales.csv,Carcinoma_AGSCC_2_24_linfoides_no_tumorales.csv,Carcinoma_AGSCC_2_25_linfoides_no_tumorales.csv,Carcinoma_AGSCC_2_26_linfoides_no_tumorales.csv,Carcinoma_AGSCC_2_27_linfoides_no_tumorales.csv,Carcinoma_AGSCC_2_28_linfoides_no_tumorales.csv,Carcinoma_AGSCC_2_29_linfoides_no_tumorales.csv,Carcinoma_AGSCC_2_2_linfoides_no_tumorales.csv,Carcinoma_AGSCC_2_30_linfoides_no_tumorales.csv,Carcinoma_AGSCC_2_31_linfoides_no_tumorales.csv,Carcinoma_AGSCC_2_32_linfoides_no_tumorales.csv,Carcinoma_AGSCC_2_33_linfoides_no_tumorales.csv,Carcinoma_AGSCC_2_34_linfoides_no_tumorales.csv,Carcinoma_AGSCC_2_35_linfoides_no_tumorales.csv,Carcinoma_AGSCC_2_36_linfoides_no_tumorales.csv,Carcinoma_AGSCC_2_37_linfoides_no_tumorales.csv,Carcinoma_AGSCC_2_38_linfoides_no_tumorales.csv,Carcinoma_AGSCC_2_39_linfoides_no_tumorales.csv,Carcinoma_AGSCC_2_3_linfoides_no_tumorales.csv,Carcinoma_AGSCC_2_40_linfoides_no_tumorales.csv,Carcinoma_AGSCC_2_4_linfoides_no_tumorales.csv,Carcinoma_AGSCC_2_5_linfoides_no_tumorales.csv,Carcinoma_AGSCC_2_6_linfoides_no_tumorales.csv,Carcinoma_AGSCC_2_7_linfoides_no_tumorales.csv,Carcinoma_AGSCC_2_8_linfoides_no_tumorales.csv,Carcinoma_AGSCC_2_9_linfoides_no_tumorales.csv,Carcinoma_FAHNSCC_14_1_linfoides_no_tumorales.csv,Carcinoma_FAHNSCC_14_2_linfoides_no_tumorales.csv,Carcinoma_FAHNSCC_14_3_linfoides_no_tumorales.csv,Carcinoma_FAHNSCC_14_4_linfoides_no_tumorales.csv,Carcinoma_FAHNSCC_14_5_linfoides_no_tumorales.csv,Carcinoma_FAHNSCC_15_1_linfoides_no_tumorales.csv,Carcinoma_FAHNSCC_15_2_linfoides_no_tumorales.csv,Dysplasia-HG_FAHNSCC_15_1_linfoides_no_tumorales.csv,Dysplasia-HG_FAHNSCC_15_2_linfoides_no_tumorales.csv,Dysplasia-HG_FAHNSCC_15_3_linfoides_no_tumorales.csv,Dysplasia-HG_FAHNSCC_15_4_linfoides_no_tumorales.csv,Dysplasia-LG_FAHNSCC_15_1_linfoides_no_tumorales.csv,Dysplasia-LG_FAHNSCC_15_2_linfoides_no_tumorales.csv,Dysplasia-Stroma_FAAGSCC_13_1_linfoides_no_tumorales.csv,Dysplasia-Stroma_FAAGSCC_13_2_linfoides_no_tumorales.csv,Dysplasia-Stroma_FAAGSCC_13_3_linfoides_no_tumorales.csv,Dysplasia-Stroma_FAAGSCC_13_4_linfoides_no_tumorales.csv,Dysplasia-Stroma_FAAGSCC_13_5_linfoides_no_tumorales.csv,Dysplasia-Stroma_FAAGSCC_13_6_linfoides_no_tumorales.csv,Dysplasia-Stroma_FAAGSCC_13_7_linfoides_no_tumorales.csv,Dysplasia-Stroma_FAAGSCC_13_8_linfoides_no_tumorales.csv,Dysplasia_FAAGSCC_13_1_linfoides_no_tumorales.csv,Dysplasia_FAAGSCC_13_2_linfoides_no_tumorales.csv,Dysplasia_FAAGSCC_13_3_linfoides_no_tumorales.csv,Dysplasia_FAAGSCC_13_4_linfoides_no_tumorales.csv,Stroma_ad_Carcinoma-Dysplasia_FAHNSCC_14_1_linfoides_no_tumorales.csv,Stroma_ad_Carcinoma_AGSCC_2_10_linfoides_no_tumorales.csv,Stroma_ad_Carcinoma_AGSCC_2_1_linfoides_no_tumorales.csv,Stroma_ad_Carcinoma_AGSCC_2_2_linfoides_no_tumorales.csv,Stroma_ad_Carcinoma_AGSCC_2_3_linfoides_no_tumorales.csv,Stroma_ad_Carcinoma_AGSCC_2_4_linfoides_no_tumorales.csv,Stroma_ad_Carcinoma_AGSCC_2_5_linfoides_no_tumorales.csv,Stroma_ad_Carcinoma_AGSCC_2_6_linfoides_no_tumorales.csv,Stroma_ad_Carcinoma_AGSCC_2_7_linfoides_no_tumorales.csv,Stroma_ad_Carcinoma_AGSCC_2_8_linfoides_no_tumorales.csv,Stroma_ad_Carcinoma_AGSCC_2_9_linfoides_no_tumorales.csv,Stroma_ad_Carcinoma_FAHNSCC_14_1_linfoides_no_tumorales.csv,Stroma_ad_Carcinoma_FAHNSCC_14_2_linfoides_no_tumorales.csv,Stroma_ad_Carcinoma_FAHNSCC_14_3_linfoides_no_tumorales.csv,Stroma_ad_Carcinoma_FAHNSCC_15_1_linfoides_no_tumorales.csv,Stroma_ad_Carcinoma_FAHNSCC_15_2_linfoides_no_tumorales.csv,Stroma_ad_Dysplasia-HG_FAHNSCC_15_1_linfoides_no_tumorales.csv,Stroma_ad_Dysplasia-HG_FAHNSCC_15_2_linfoides_no_tumorales.csv,Stroma_ad_Dysplasia-HG_FAHNSCC_15_3_linfoides_no_tumorales.csv,Stroma_ad_Dysplasia_FAAGSCC_13_10_linfoides_no_tumorales.csv,Stroma_ad_Dysplasia_FAAGSCC_13_11_linfoides_no_tumorales.csv,Stroma_ad_Dysplasia_FAAGSCC_13_1_linfoides_no_tumorales.csv,Stroma_ad_Dysplasia_FAAGSCC_13_2_linfoides_no_tumorales.csv,Stroma_ad_Dysplasia_FAAGSCC_13_3_linfoides_no_tumorales.csv,Stroma_ad_Dysplasia_FAAGSCC_13_4_linfoides_no_tumorales.csv,Stroma_ad_Dysplasia_FAAGSCC_13_5_linfoides_no_tumorales.csv,Stroma_ad_Dysplasia_FAAGSCC_13_6_linfoides_no_tumorales.csv,Stroma_ad_Dysplasia_FAAGSCC_13_7_linfoides_no_tumorales.csv,Stroma_ad_Dysplasia_FAAGSCC_13_8_linfoides_no_tumorales.csv,Stroma_ad_Dysplasia_FAAGSCC_13_9_linfoides_no_tumorales.csv,Stroma_ad_Dysplasia_FAHNSCC_14_1_linfoides_no_tumorales.csv,Stroma_ad_Dysplasia_FAHNSCC_14_2_linfoides_no_tumorales.csv,Stroma_ad_Dysplasia_FAHNSCC_14_3_linfoides_no_tumorales.csv,Stroma_ad_Dysplasia_FAHNSCC_14_4_linfoides_no_tumorales.csv
Carcinoma_AGSCC_2_10_linfoides_no_tumorales.csv,0.0,1876.3393020551616,1304.4999892728083,916.0933903805802,1005.8757278302941,923.7038597234348,621.5415944618505,1853.1305444151076,1443.7437493056254,1044.9849267974794,inf,2438.128606571157,2418.452540884643,1530.3998285562434,1913.7457685280128,2067.448770822285,1044.017413023756,902.6411833210416,1183.6472902437836,1924.0773863578065,916.1396977602108,2548.703150817858,1147.985406228437,1785.5375249775052,1957.7877788018627,1410.893601829015,1352.2531883482716,1720.6793818706387,inf,1287.4094963043972,1562.343526551503,2525.4785736902168,985.369513644356,1224.420153100751,717.4049167728006,914.9677092028951,865.6909466042814,1000.7311678859425,656.7764851913671,1181.9807773526236,953.1007529572671,1425.3099954774875,7814.180407007222,1475.75347334822,3363.380277900147,6452.03496771995,4604.796790827449,1083.984102535597,1247.3462515490735,5534.1104236623805,8375.759406412668,6448.264644693754,5837.4066985565205,4181.721610086253,8789.299343967255,8904.281439945436,7807.020554383811,6612.683646627482,11308.313625495231,6705.763351968165,13037.073457662094,1949.6981312151902,2502.051065524792,1201.0148221243455,888.1250978259081,14750.652045092444,12161.795173960198,24678.1783940916,23126.98945676646,19912.415996533044,16064.35701804269,14379.095020142317,17245.732833055827,18029.322458883096,20886.015434882742,24710.796377517465,13784.915743728627,10574.494823709718,13041.557316028715,19545.59754958473,26362.292408810255,16072.585528066704,22583.563486311028,30194.788249185865,29183.040965394684,19492.021692763472,40843.72675855525,25966.812321967373,30831.017656677934,30250.92997674017,31693.873920773985,27080.2702706309,21782.191504672628,32618.33484606432,30524.338913066975,17941.834397906663,8810.27936628114,8682.136029423367,12350.1712081321
Carcinoma_AGSCC_2_11_linfoides_no_tumorales.csv,1876.3393020551616,0.0,2644.263241362434,1583.0125085754587,1899.3067113281727,2056.256517346385,2182.5782293815596,3630.2791532428805,3074.4051296679445,2663.54737632219,inf,4025.3160143209807,4224.113477212928,1524.0462110170681,2117.3336187795226,3687.605912811102,2764.5670972057665,2548.3434776816407,2891.2391460856916,3676.0908071996228,2148.8753710606784,4340.819447479097,2829.114176815674,3306.6992555203387,3750.330002023924,2275.1044507559745,1467.4857368895455,3361.6384509682202,inf,2785.1414021715495,3051.2129902445727,4110.064749729367,2104.9934494268778,3005.9627827669424,1767.6079814748748,2491.8157112368694,1735.9872440057188,1280.8090540396106,1994.9781126124115,2687.099322915502,1514.3030656961475,1624.0657901782495,7320.570493206108,1628.0390572431108,2627.5074167657426,5863.43725874815,3830.553671341679,1478.0359954137577,1852.5723735378456,4687.285785698463,7527.170872128262,5736.17733075436,5195.465823178129,3314.1493045102725,8125.333007413631,8155.5263656696625,7190.305389819312,5951.498724034184,10334.975794254411,6272.887087976879,12811.761971340226,3117.3643400610763,3017.1602745534165,2270.7124597936404,1677.2964113094035,14505.574314926385,11801.479217798478,23983.477307161775,22488.591468556147,19427.368788594842,15603.097877619337,13965.17334403447,16902.07862207298,17607.342604016983,20345.830009903828,24224.666677990965,13671.3878008208,10285.40560686873,12823.745143119128,18982.721707675468,25599.549411223514,15621.241137183033,22053.835238112602,29580.019034946006,28256.744994427703,19152.572505925305,39583.89065877344,25194.651260200113,29134.00432196127,28770.821638672813,30294.674441132538,26024.106602993634,20243.426987304036,31330.926712320696,29576.26622597258,17369.50389283497,8440.72665658448,8327.05443153735,12016.00959479467
Carcinoma_AGSCC_2_12_linfoides_no_tumorales.csv,1304.4999892728083,2644.263241362434,0.0,2103.8623196638373,1118.6589853297387,838.210766023936,1346.8309530762235,1822.1580248935436,1314.330314432484,860.1465710651188,inf,2489.725137020916,2073.464753320234,1765.4883758147405,2283.1253217298336,1356.1940276135435,1046.935091863975,1222.6736502584613,798.7063367283314,1818.3287990806139,1381.8834098423415,2062.0301744292756,939.5251665507471,1481.2336936040053,1754.8909879810562,1729.289599938768,1877.6691126480835,1699.4248753186093,inf,715.7232158059952,1738.0297948286945,1566.687298136814,943.1351841647148,1193.785605099407,1333.5866308102686,1087.5412589938242,1127.402185001717,1838.1651215627362,1228.9258949536186,1316.4994228536343,1950.7446854047776,2569.3715501595548,8544.01386154894,2496.825503440977,4373.7077481002125,7222.166482155047,5766.492327121788,1449.6177294770957,1130.7828797844254,6504.52304258677,9480.597283521989,7467.394660897443,6716.598119365588,5123.612650439377,9767.360449088455,9897.445570486267,8788.199660923845,7571.39984575583,12281.45878608513,7317.238870340351,13211.046414001523,1721.2329151340368,1904.4437676854018,886.2702309059583,1157.9075195964995,15183.578957237092,12641.935606169625,25557.344406038417,23941.343340383934,20578.768787927238,16710.601893765277,14946.754966347344,17726.250934271367,18577.247579731178,21639.516166964175,25382.504860873054,14242.013608295385,11018.119569281744,13481.138664091766,20279.94692151622,27305.35626872885,16685.786676004755,23302.826540710437,30959.075327011607,30280.10912565571,19952.619209452656,42021.217292914975,26949.42874678402,31725.480695884387,31304.194907958565,32815.81397507731,28267.530835721212,22543.938288282894,33778.06496656263,31628.894226128486,18691.60783826898,9310.232944209996,9161.536695442572,12810.42111248579
Carcinoma_AGSCC_2_13_linfoides_no_tumorales.csv,916.0933903805802,1583.0125085754587,2103.8623196638373,0.0,1360.821007135655,1704.0834758948213,1061.1953666995687,2428.426691106233,2161.7963487551874,1781.4907981565693,inf,2786.545316253062,2986.8637500899763,1685.371349059103,2108.688399887924,2829.71403354188,1809.049217849528,1490.808083537081,1967.5577826539486,2436.6786602641537,1210.177082820449,3188.547229962638,1978.3754482071454,2380.7361945498524,2682.3353429525905,1694.6266223298974,1545.852045580703,2193.1338764806565,inf,2119.6198247762313,1809.3971642908818,3285.041702854604,1689.2448916777837,1975.0219129870457,1062.3762966871805,1593.719857552029,1405.6457469280658,756.6587282884275,1190.2255058394594,1661.9293029782152,699.7983818384182,834.2959990598657,7331.061881586288,873.5919556411668,2607.812315241925,5822.369392113547,3840.872325191052,1495.0467071518246,1703.5534607030845,5081.763987036286,7696.896659579693,5739.252296756417,5244.923362523637,3898.755841267756,8098.735480436764,8155.301932760526,7172.700753238742,5910.1848769915,10684.65747469247,6501.4365539632645,13019.776011670516,2555.3189514990354,2890.830446299523,1960.235194982149,1250.0156390616296,14534.412270475108,11851.847487880608,23966.985504282657,22456.80177242547,19406.958949566953,15603.273714970663,14013.210510275649,16959.837945050596,17652.62031146632,20308.123156309644,24200.411011500033,13631.297276653859,10339.577477516714,12836.309549280892,18938.876852755067,25596.23798884697,15632.571984558932,22013.47715476058,29544.506015873718,28324.050410169475,19211.58907521855,40040.40119474549,25220.021276492105,30313.68011647724,29740.748586528436,30969.047206746774,26224.088838712716,21431.163349387774,31813.679974452254,29658.285297192557,17324.524518479615,8489.164451830282,8381.37198425328,12072.438537232265
Carcinoma_AGSCC_2_14_linfoides_no_tumorales.csv,1005.8757278302941,1899.3067113281727,1118.6589853297387,1360.821007135655,0.0,1158.7257742330116,968.0099091128482,2117.928308922482,1830.4808923644441,1280.0477217551118,inf,2894.889800053437,2517.9857893156636,2016.1701410901505,2625.679967703075,1906.7816438498476,1261.48587247125,1080.349331204593,1322.4028785095454,1971.1090889130965,1514.6087887791753,2601.8260325545975,1205.0882925516626,1906.1284871182847,2233.182525703518,2116.3843151835704,2044.717493234454,1797.9442991652822,inf,1175.1188341235013,1983.633138672737,2369.54917884886,648.9123747380322,1513.8807869725244,1298.1288602184388,1165.974084814834,988.3746468296551,1120.1472510200497,1362.7097965658168,1435.6282398056237,1276.6194296286512,1801.4757302568623,8380.159474321192,1955.6085901833985,3806.4506086240763,6991.918598870916,5003.990508402212,916.6287864191011,1054.9440425697755,5807.500777588652,8770.866000429964,6937.309459534676,6342.832793302312,4538.952991022417,9270.886868942192,9366.550310804036,8314.580358281006,7074.924997031172,11567.04870130719,7349.623933923778,13444.130701854852,2277.971508329935,2665.0897112363136,815.7415337426485,1162.02725321875,15441.724381241504,12792.83491813325,25179.019969647896,23649.696717627274,20501.714280461296,16663.972760087854,14994.155552654589,17882.682063775654,18644.17219097397,21439.134768910568,25299.753613100693,14500.473058040678,11248.17220526012,13742.984322560094,20089.887056320462,26819.36038148262,16673.20121283801,23143.17956053325,30729.052718122126,29564.438764651914,20132.00048066119,41158.678194278575,26418.251905689543,30882.240539623614,30426.115087638103,31951.779601332273,27464.91206975192,21804.424730483563,32914.506883780414,30897.995957831306,18484.623447794977,9435.669001945726,9313.736976474554,12990.356853043355
Carcinoma_AGSCC_2_15_linfoides_no_tumorales.csv,923.7038597234348,2056.256517346385,838.210766023936,1704.0834758948213,1158.7257742330116,0.0,1214.7495287558925,1976.5253690267045,1480.8594401865384,986.339774143751,inf,2523.2498479077613,2466.447132495821,1529.6700526370478,2027.0638609756902,1824.1148452309387,1209.7097498713106,1269.7874308103364,1134.569462285814,2159.4014997054373,1187.5676613306612,2515.5126534044957,1139.051783877525,1651.2111461966842,1956.2044622690191,1457.4449314955095,1558.8164755801108,1928.3751898527798,inf,1083.7774020069287,1843.3510152723193,2163.6785826208725,946.7910290416221,1398.8880101594957,986.1062806017255,995.2273207481767,574.4246479331359,1345.8310636483216,850.5367037897645,1389.2689379799572,1535.7609826172902,2152.754143120753,8333.21137250418,2124.3008069257526,4036.4110366232785,6994.180401491899,5330.912495945902,1126.3853066092627,949.4213029712548,6099.779737218208,9051.87261917646,7111.926121008193,6415.136657216159,4685.3991186816365,9444.468779671328,9552.213085950598,8395.13336737369,7244.895767858716,11788.44649134364,7074.770906245645,13088.21352531185,1682.0976901620968,2019.2931854652725,882.7544441314903,754.8878501764458,14946.66508937333,12413.388618044077,25287.51369650215,23710.96116771087,20359.16643914095,16490.391832483558,14731.592854538767,17496.327042845638,18363.081333753835,21412.537893122313,25163.70692731969,13989.934401402721,10776.999413828253,13237.22538556474,20068.98030107241,26999.18086226925,16466.747970409895,23092.678712280995,30748.017394764804,29891.082836085705,19716.3520261783,41495.98384401411,26617.899167325635,31115.22140221476,30665.758897276075,32211.194144770037,27825.85151203116,21925.188482268226,33244.03808181541,31237.76341056001,18476.04516313701,9095.412462336291,8933.872567922508,12572.62043094362
Carcinoma_AGSCC_2_16_linfoides_no_tumorales.csv,621.5415944618505,2182.5782293815596,1346.8309530762235,1061.1953666995687,968.0099091128482,1214.7495287558925,0.0,1902.4630632070694,1492.7077881016087,1165.0827206525207,inf,2538.973115528552,2340.537279889342,1885.7630463502965,2170.740025780096,2018.8761706862053,1033.4140518724528,900.0902787219948,1168.6533551508178,1638.6501523708148,1177.630590102985,2416.160699773597,1123.3214152109938,1833.6782153150061,1889.8307477134322,1701.2277946609515,1757.8910168052912,1567.0841272225398,inf,1340.594736851377,1407.2495109622796,2492.339568087924,965.5770052322512,1340.4202785665689,990.0111388693053,1064.9357924532865,1067.3116980877605,1261.072431898106,941.6822700250657,1263.236307461887,1056.4575900785287,1543.6656356197607,7996.158110084088,1590.0048640168154,3517.6274199091085,6585.242162960317,4777.949887777589,1179.2217150692895,1316.9505102376922,5745.886428746883,8555.116504129513,6572.383832494446,5978.627905346776,4511.826228348901,8943.32470482898,9026.325962175168,7985.353499735667,6720.173172657991,11411.770864388307,6990.406755132728,13328.598865963446,2321.833178462232,2837.8621233027748,1095.8375336920087,1263.0297285596841,14884.666240949871,12310.657437493524,24808.92669854426,23257.7766992734,20080.367207075273,16238.59116184421,14557.240571239483,17395.184094143926,18206.51866289024,21037.099473178216,24879.012434558765,13921.234621520403,10712.222711577939,13173.197985821806,19689.983297969226,26482.437738427343,16247.434929657851,22738.401141589067,30331.209935552626,29297.497200835944,19628.939832084518,40913.398164938444,26131.305562281792,31030.269404188453,30443.630665843706,31761.36076829136,27203.907664117174,22060.552185998717,32673.155928870412,30639.859757239712,18085.555484241857,8973.511978755903,8829.796644038695,12487.119972081002
Carcinoma_AGSCC_2_17_linfoides_no_tumorales.csv,1853.1305444151076,3630.2791532428805,1822.1580248935436,2428.426691106233,2117.928308922482,1976.5253690267045,1902.4630632070694,0.0,1024.969864011397,1398.3273271531893,inf,1324.3652769778373,878.6490761358137,2291.4077880341342,1653.571958122482,1124.3299349903873,1204.7053032636236,1460.4638793141507,1472.6485880363903,705.2089068707018,1618.7953007884437,1055.0644530866775,1358.0280040424232,1198.600655452447,730.1440357189065,1433.8350713797017,2550.091405435978,1054.9762671167678,inf,1497.4943420301079,1117.5467858666332,1853.489111291592,2196.621374355152,897.9531061095993,2015.3784641083705,1454.6382257747387,2055.7734525071905,2641.128848565457,1742.6608432166627,1130.8897418631786,2437.6166750035673,2901.5109499768228,8099.811001373633,2663.6260577766143,4329.330025784803,7016.86591385645,6024.368800708445,2674.0276163212757,2361.727148787039,7009.630658225192,9883.911937358727,7619.147749474051,6772.1313030349565,5838.706592522387,9772.369325291778,9873.891770940165,9026.542348735871,7442.957154295049,12831.375680500209,7464.309733697478,12789.662754968153,1838.8000107408939,3000.0440752911727,2030.6462434416467,2336.794981107563,13852.56211306681,11600.108269272567,25133.344819551636,23430.88789409042,19840.727057988497,16071.0939295544,14265.577350216096,16635.94175432256,17659.2886084532,21339.942801968184,24691.913265814183,12816.07820265531,9699.645081795363,12135.589896913902,19695.759319209395,26981.326844161205,15873.005614651764,22701.454811549454,30368.323713685928,30147.32282570531,18794.350605227963,42364.29665360949,26821.015404744536,32596.16132921804,32009.73235995279,33333.06429879653,28522.282634659838,23568.871287767386,34155.365003572195,31509.70519218114,18129.452004050767,8232.408118459818,8075.007640497445,11716.204317449245
Carcinoma_AGSCC_2_18_linfoides_no_tumorales.csv,1443.7437493056254,3074.4051296679445,1314.330314432484,2161.7963487551874,1830.4808923644441,1480.8594401865384,1492.7077881016087,1024.969864011397,0.0,963.2420967826793,inf,1865.1304093361514,1468.4335872632707,1656.844903413963,1554.3898815362907,870.5416227297187,866.3025855433107,1216.0433149721177,976.2700880922876,1147.7242814420003,1169.1841522730424,1401.9751911692351,1044.0619441316458,1079.2537629586009,770.1071085878622,1218.0000299086194,1931.9283802700643,922.4633498016951,inf,1085.2356130922649,1156.2862505372307,1508.8840325329224,1657.7121226604859,656.6188465688135,1507.371720509525,1122.2410431794328,1669.5796252573668,2143.193947519535,1301.9267318045604,848.03298520464,2273.364792067214,2740.5052399138544,8288.540821553044,2494.7915880850464,4305.580796248926,7050.798095106222,5771.890893061693,1935.0663719587787,1738.2055946543073,6747.355986657616,9586.366819673574,7455.078333441632,6694.549604799911,5324.772093881488,9651.75544701573,9840.980891506126,8800.284391923262,7456.6440063679365,12519.035601745849,7107.58388535626,13039.337163467944,1742.1356964397926,2586.789706643348,1712.6187460020965,1640.4421321269158,14240.877020898943,11967.773697185623,25372.760448780366,23699.1236866122,20176.479717682996,16358.066534453876,14550.809679713975,17002.556645661753,18021.302716790025,21451.771786686826,25000.926606697325,13202.003505179324,10088.552420341242,12523.267114795983,19989.898996902575,27154.269158107356,16216.87873684047,22999.322704075974,30667.245062048543,30212.87912662527,19175.584264731664,42168.61153885309,26847.396106471268,32120.994133518172,31590.573669872603,33050.71507061205,28319.2955139875,22918.101180436806,33946.262373520534,31560.06760022195,18424.7572219068,8611.512965534717,8443.012633105514,12086.251046373514
Carcinoma_AGSCC_2_19_linfoides_no_tumorales.csv,1044.9849267974794,2663.54737632219,860.1465710651188,1781.4907981565693,1280.0477217551118,986.339774143751,1165.0827206525207,1398.3273271531893,963.2420967826793,0.0,inf,1859.1255760372396,1685.146908459963,1575.7582290729501,1790.9364168724896,1156.3961814285672,642.1573230852732,770.0377151687693,487.6333598725026,1448.432768900816,1004.1179388796191,1723.1446303704183,589.421588618455,983.3063034175888,1473.6294547381128,1226.5192954350846,1514.638939275195,1258.3031175113645,inf,686.9635398866963,1283.2262347655806,1659.3362389843421,1137.7616916525653,893.5099790247848,1120.5964133136135,559.8481711123851,1099.8170763460328,1755.6716388173666,948.3918942501209,789.785788857243,1838.7582946728419,2313.9784611413593,8158.100490720121,2132.2435053177196,3994.794715153162,6859.938933278264,5407.3083006089355,1545.8397103847012,1220.2304733163915,6223.103998150672,9179.944360875776,7097.910018447059,6356.655111873805,4907.594343265726,9359.183133360746,9516.197062233277,8432.37632167379,7176.797806029567,12096.74870989094,6950.62427946364,12675.8502299383,1351.7791252069646,2156.5349527400303,1207.4174197251418,1359.3721761566562,14657.719148500159,12148.786809727088,25144.369919092303,23546.691425175602,20186.850032723105,16317.080958916255,14521.649389335615,17228.871565646154,18136.85076176318,21244.011024461393,24986.740745098476,13694.081944673753,10493.05623556648,12946.930840158542,19898.98188191777,26888.981550521752,16261.69703156379,22921.927147498194,30578.2770708357,29897.29905976981,19444.840093985964,41749.671813385066,26559.915470849483,31688.602453176718,31153.23353663792,32611.201040818156,27918.794746439715,22529.07603825351,33523.64785251767,31244.874572459874,18306.252468969837,8832.03766124694,8668.69678829028,12302.411224527583
Carcinoma_AGSCC_2_1_linfoides_no_tumorales.csv,inf,inf,inf,inf,inf,inf,inf,inf,inf,inf,0.0,inf,inf,inf,inf,inf,inf,inf,inf,inf,inf,inf,inf,inf,inf,inf,inf,inf,1235.891315087143,inf,inf,inf,inf,inf,inf,inf,inf,inf,inf,inf,inf,inf,inf,inf,inf,inf,inf,inf,inf,inf,inf,inf,inf,inf,inf,inf,inf,inf,inf,inf,inf,inf,inf,inf,inf,inf,inf,inf,inf,inf,inf,inf,inf,inf,inf,inf,inf,inf,inf,inf,inf,inf,inf,inf,inf,inf,inf,inf,inf,inf,inf,inf,inf,inf,inf,inf,inf,inf,inf
Carcinoma_AGSCC_2_20_linfoides_no_tumorales.csv,2438.128606571157,4025.3160143209807,2489.725137020916,2786.545316253062,2894.889800053437,2523.2498479077613,2538.973115528552,1324.3652769778373,1865.1304093361514,1859.1255760372396,inf,0.0,852.3245116013576,2674.372902243012,2036.427729133759,1867.8640087705598,2194.219017773586,1945.6789247542947,2141.3219250871634,1443.239844987677,2029.8660043560126,1318.7229608692774,2305.5769064044184,1246.4962940022465,1841.5384762461388,1838.5669615994243,2899.752547116139,1567.9832119543726,inf,2352.0711664090995,1498.1107334973708,2221.767767323731,2800.199556094077,1935.2661181910373,2430.0616224875625,1858.7784094720923,2582.836117355136,3044.5701155628876,2207.802882366787,1646.6618109841475,3005.924828785928,3311.502855966545,8273.475519339443,2948.494256151068,4590.792517739412,7201.88633241329,6322.2140432665865,3256.269943419547,2768.198521897872,7375.884218595384,10231.876482458483,7856.9409147818205,7063.0421601983535,6205.761207938406,10032.281298001893,10048.644695980362,9331.234126001393,7648.377365853833,13122.242507582278,7826.898451937997,12751.887067377244,2140.7760133645265,2944.855824413231,2941.783918696913,2731.798120921431,14021.871631207556,11665.669718771216,25258.82216058173,23562.590739506115,19934.894950995862,16197.585828821475,14407.57073040172,16735.48347781536,17745.017307349546,21493.02476998216,24797.566564243025,13067.041313059164,9853.046300362575,12313.29563031232,19836.842018271112,27122.253451062545,15963.4215786183,22819.971224309735,30481.300468331447,30296.420173278733,18872.62860130811,42572.8919078629,27078.910563646474,32962.91413515032,32372.187494022986,33653.94879319427,28745.33975721905,23934.16339036702,34375.49317774811,31665.626430111934,18240.607515143824,8307.561657909291,8180.69594864989,11804.61422292346
Carcinoma_AGSCC_2_21_linfoides_no_tumorales.csv,2418.452540884643,4224.113477212928,2073.464753320234,2986.8637500899763,2517.9857893156636,2466.447132495821,2340.537279889342,878.6490761358137,1468.4335872632707,1685.146908459963,inf,852.3245116013576,0.0,2844.069171152994,2223.1734233628076,1276.8268863579124,1626.3629467256583,1786.860938414654,1637.0762185362655,1039.1994081117912,2180.1455099966347,675.8720779170108,1628.7493980886068,1112.4043897209144,1212.414764421674,2038.4212430940609,3060.1782597312504,1104.1655812716424,inf,1737.873910263568,1486.7748144719858,1474.3988494091589,2464.0434796306627,1359.6849944800767,2568.6749054368124,1856.8926955234342,2609.2438252491584,3217.154304827442,2326.7613601921453,1630.242725035711,3036.1505630883235,3467.6118100411645,8628.113189139025,3223.9277996093847,4859.258919295125,7544.388231707782,6593.956729426891,3015.6025305332046,2731.5366478669703,7630.9005312884665,10473.272106415101,8153.14214015578,7358.3381933391365,6400.497659004193,10304.798464672109,10401.837494806154,9591.107548084992,7970.139481237657,13394.611220469635,8059.3133814760395,13019.615013494029,1840.1669757232837,2816.6531521622987,2357.2553324821433,2844.2550447956,14451.948309371577,12111.587670121291,25646.682591507426,23944.323598998362,20354.422722067142,16585.776450583966,14781.576532510193,17159.6508166595,18176.38225614451,21865.557844528958,25205.674421356274,13444.187324598737,10312.40556837451,12738.597170611632,20209.921939936303,27495.092130472305,16386.93059513617,23215.005865778818,30881.882297275042,30669.734470728003,19334.93758739896,42891.702668028316,27324.23020524877,33184.657011737065,32596.915397859928,33902.4931713018,29053.90976560298,24099.405054329083,34689.72153284818,32037.21180212979,18643.786017161434,8762.649196847104,8606.676730332416,12237.584276615242
Carcinoma_AGSCC_2_22_linfoides_no_tumorales.csv,1530.3998285562434,1524.0462110170681,1765.4883758147405,1685.371349059103,2016.1701410901505,1529.6700526370478,1885.7630463502965,2291.4077880341342,1656.844903413963,1575.7582290729501,inf,2674.372902243012,2844.069171152994,0.0,994.4920646432629,2267.362815806825,1764.5987613043162,1687.38549715803,1755.1136250422967,2390.7784071285314,925.1337747503756,2924.124361181509,1954.5242939750547,1857.1031277737682,2336.8079879122924,990.121027082251,733.4040629706981,2129.28995002308,inf,1706.0400314752364,1827.4943682704284,2753.0881798398796,2095.94898934967,1789.556242293547,1063.2731049936738,1451.3803316931674,1657.7170089100987,1458.5848372317544,1298.2875131858918,1450.7603134071342,1710.5436089596749,2013.0519606649482,7040.27773048545,1553.095119818827,2947.213483119511,5734.611289764146,4370.504436047797,2019.4907836993084,1601.2401966580496,5424.026289360272,8098.844472684655,6055.197133898163,5297.341352874977,3824.112372356585,8293.304076619082,8454.396808621266,7391.828577336793,6100.679838093315,10987.744661931305,5772.808726567887,12086.369261024292,2065.4930977581867,2100.210914188149,2126.13068091136,1224.1639548690855,13621.262727258134,11014.06826946341,24052.24121707596,22436.610920025752,19039.216584652375,15175.386095142436,13375.612560809557,16097.844436976025,16969.57078040114,20137.267871861153,23839.713701059674,12770.407627126753,9425.535890679957,11929.070802998138,18775.73594427617,25819.173866102108,15106.02440223154,21798.91997817803,29458.05898525939,28831.88333855,18331.51645045188,40710.03663233322,25487.188747656957,30564.519809344936,30061.87177567466,31542.53480444754,26882.65551396698,21437.000914388846,32477.597418280817,30179.230177221776,17189.191010702376,7679.940601972226,7534.740691498554,11190.810997795666
Carcinoma_AGSCC_2_23_linfoides_no_tumorales.csv,1913.7457685280128,2117.3336187795226,2283.1253217298336,2108.688399887924,2625.679967703075,2027.0638609756902,2170.740025780096,1653.571958122482,1554.3898815362907,1790.9364168724896,inf,2036.427729133759,2223.1734233628076,994.4920646432629,0.0,2118.8465962653804,1903.4717912990277,1855.657615028937,2024.4749026105746,1779.3216943781504,1250.860994972677,2401.449327307995,2229.3258291926386,1528.2557421617125,1776.3139560890215,725.9795871374145,1330.2309445992573,1877.8997077438812,inf,2163.2659298649955,1446.9550321752429,2767.5213583806653,2666.338241301388,1628.6379383723638,1692.2792426494564,1732.2296177792298,2076.6164353451986,2064.0629948003357,1630.943488159242,1364.362002551568,2117.7851316208216,2346.7571144491694,6821.313756778945,1906.959672391768,2950.9688139853006,5638.118155722834,4524.828849175091,2733.164687269154,2296.634539760112,5587.301301947475,8383.61106394562,6170.404854652161,5345.782033725982,4230.887962590156,8326.425895005019,8486.692077761283,7558.676611871263,6048.02526650634,11329.644991049752,5925.938216973141,11762.029937049781,2038.8442623549086,2476.0032097509834,2706.5486507860637,1991.1963608220572,12954.158461704874,10496.106415272572,23900.49286026523,22223.18162336807,18694.535081618276,14882.879131986056,13078.760051130113,15536.3713674558,16536.039476600366,19985.961459937487,23523.90328293504,12025.585733812632,8793.958502910355,11251.301106754616,18512.918285026026,25693.361676790257,14735.847801564121,21521.96249051326,29190.058259073016,28800.034363742994,17748.27446126066,40896.123778519905,25434.48659407507,31011.769025156405,30424.661926087552,31838.19692721557,27050.523675473236,21938.063546667978,32684.641520139354,30160.599700238894,16947.453196597045,7161.674756266665,6983.936397338291,10615.60378333453
Carcinoma_AGSCC_2_24_linfoides_no_tumorales.csv,2067.448770822285,3687.605912811102,1356.1940276135435,2829.71403354188,1906.7816438498476,1824.1148452309387,2018.8761706862053,1124.3299349903873,870.5416227297187,1156.3961814285672,inf,1867.8640087705598,1276.8268863579124,2267.362815806825,2118.8465962653804,0.0,1184.2929422484458,1544.8580345134048,1021.9883356712824,909.4114482309841,1829.4836116636736,1075.3656616649155,1051.851259159112,1070.3179334298454,785.3097175256812,1711.6088618968945,2600.6554799853848,1215.6647744825623,inf,1031.625183565673,1627.8078709835538,1083.2555958593875,1724.2188116749667,947.5325117839984,2126.9076952208447,1384.0840003867345,2024.3340875682986,2793.3321182888394,1947.1429227906997,1319.8858344304763,2807.7930519268543,3329.883506722314,8837.746501335294,3131.660881770191,4905.494612745528,7646.126093278697,6437.978138328632,2419.186052945785,2123.2369395090736,7314.916865611592,10246.547589805357,8111.687006214361,7330.266559872976,5990.674650658639,10277.071625880522,10464.290532464987,9473.160781446506,8055.268877093297,13166.106498127376,7773.001685070914,13091.286558555072,1657.2622181473685,2630.4617885597954,1616.4804252424283,2234.3422020206085,14797.062878736355,12520.92549647217,25923.263048239547,24242.18135419687,20714.767532928516,16900.499771059265,15092.75949956168,17549.090359690006,18566.426212718547,22009.851244204237,25539.0337304732,13787.164500177385,10650.045949461795,13083.039034618654,20530.03045781218,27716.842286444677,16754.694417189246,23541.58582407862,31206.336457238056,30810.995327550434,19730.144981839818,42835.50565214445,27441.474425361692,32755.362654556215,32243.229759487815,33718.54245801161,28983.365116748624,23560.615014744217,34613.963413617144,32167.537676344255,18963.618895016134,9165.697740745998,8996.528210734645,12632.19767013668
Carcinoma_AGSCC_2_25_linfoides_no_tumorales.csv,1044.017413023756,2764.5670972057665,1046.935091863975,1809.049217849528,1261.48587247125,1209.7097498713106,1033.4140518724528,1204.7053032636236,866.3025855433107,642.1573230852732,inf,2194.219017773586,1626.3629467256583,1764.5987613043162,1903.4717912990277,1184.2929422484458,0.0,823.7603872776624,673.4922827946559,1166.6881270618528,1140.0717998508917,1653.2033748348756,447.81189877063724,1356.418130228034,1132.0762634961425,1327.3368147121435,1660.6349863793648,1057.3742100637692,inf,679.5189979957506,1333.54805349879,1629.156635092974,1313.6848708894279,592.5999543954352,1223.2365412031309,736.592778733411,1309.1832154869412,1852.821731870892,997.0254517122559,903.1938869729358,1784.6828051179461,2307.784725267962,8318.93956554029,2191.1088194938798,4069.4680672271147,7008.950319573924,5465.443679484911,1651.321685234102,1415.1166376048545,6305.538116950081,9248.959595808663,7158.242881493811,6442.214864810569,4993.288822402113,9467.78469723163,9596.869999920144,8476.525769902246,7285.509634198666,12202.401750444535,7135.201365345736,13107.563234277784,1529.5556051703863,2488.241286946959,1103.92878626443,1527.853132857814,14724.068080623472,12304.233031028321,25291.264380721917,23703.404211718647,20355.723066726445,16485.53431184375,14691.303443971548,17378.695874450987,18302.474687279686,21404.589301049353,25156.94202691712,13714.26496255725,10585.154474971105,13011.081956145159,20062.54986486908,27021.193748466907,16430.268796560402,23086.102076370255,30741.224308429322,29975.999365252355,19589.12174570457,41796.62345742967,26649.984107991673,31793.08241064622,31237.92880621201,32676.10468634726,27988.477397968272,22705.238428442575,33570.16969672604,31322.939513198024,18469.849097665872,8992.704629297827,8823.359239255824,12447.771800518934
Carcinoma_AGSCC_2_26_linfoides_no_tumorales.csv,902.6411833210416,2548.3434776816407,1222.6736502584613,1490.808083537081,1080.349331204593,1269.7874308103364,900.0902787219948,1460.4638793141507,1216.0433149721177,770.0377151687693,inf,1945.6789247542947,1786.860938414654,1687.38549715803,1855.657615028937,1544.8580345134048,823.7603872776624,0.0,957.7728620762183,1246.697697946673,883.2240529017886,1909.3260458434393,992.492658655276,1151.378309600525,1700.548990172249,1356.0123540332952,1682.9779602889494,995.116994899155,inf,1121.2834047652614,1222.856746754858,1983.5792410892839,1160.0416838963092,1017.3329156691591,1071.3043934786963,667.8085576055203,1312.045432272756,1598.5775718111704,972.4070408236098,694.8428648020263,1565.7532715309594,1981.9531217377375,7836.750463969447,1735.8136933532219,3516.014736057596,6494.045662190479,5006.709615951766,1606.4671658105162,1412.0882104272846,6043.915756416678,8880.228344219802,6706.228656815427,5999.399270779365,4783.252067527275,8971.592300682363,9055.428393882343,8097.672100734312,6727.798986336807,11877.394561325396,6805.175022130453,12670.932570793188,1760.3606790185072,2328.961613473703,1316.4760327013787,1385.1736373769468,14638.542103607884,12039.68158986372,24775.895636232588,23203.65195682244,19892.12031929942,16022.761246476211,14283.334185027228,17122.99108765173,17932.080228855495,20914.15011351974,24692.249092731192,13677.752766746935,10463.71114286638,12931.16166926958,19576.881593018774,26488.054377175027,16010.540812519588,22602.866432988485,30246.59343250359,29408.045735645468,19363.31551842502,41399.321235571595,26102.689338498425,31498.84640423339,30909.246193047187,32321.540204901365,27550.47094842405,22479.602197927758,33179.16362655219,30756.38062776004,17977.681416409392,8698.025013265542,8560.27009024877,12221.15121663141
Carcinoma_AGSCC_2_27_linfoides_no_tumorales.csv,1183.6472902437836,2891.2391460856916,798.7063367283314,1967.5577826539486,1322.4028785095454,1134.569462285814,1168.6533551508178,1472.6485880363903,976.2700880922876,487.6333598725026,inf,2141.3219250871634,1637.0762185362655,1755.1136250422967,2024.4749026105746,1021.9883356712824,673.4922827946559,957.7728620762183,0.0,1350.0925941360888,1182.1100308920131,1516.1533983734844,611.7747840897403,1221.6112568301169,1306.7110690394425,1415.4683992802925,1792.499810700299,1405.1274667492864,inf,616.9789625005038,1416.6743855724408,1487.7129697147384,1239.8192815694003,851.053663712268,1301.8845800826803,867.0721160096534,1301.901783432976,1950.9269271409562,1172.0217309349152,1073.2434130947288,1944.9022427563523,2462.835254318213,8300.718905109705,2320.883785173818,4150.932217095184,6981.097658238566,5597.97462913531,1650.122250229314,1442.2602170513712,6421.443378796438,9361.83717687476,7300.080727208767,6548.383416067598,5109.2750423574635,9568.487368125061,9688.69160029648,8633.018187101241,7333.160172369956,12284.261059180086,7128.6979115128115,12907.780923737211,1443.4340390934115,2270.2982061845796,1107.0826295909328,1497.1794173991323,14867.852736312243,12318.385027901759,25308.860306760755,23693.077330561435,20319.724373495712,16449.36114626716,14666.90367851159,17402.291709981087,18283.92360782846,21390.296744912062,25121.893084440937,13894.309353278102,10698.847824880724,13156.598918364616,20035.534350382055,27067.694968368913,16408.21003466299,23060.16100323759,30718.046336245683,30054.737031503395,19625.466824498482,41963.05303152217,26735.638684911395,31882.26585414532,31351.462101411398,32812.50546357439,28127.524772201697,22716.906663044487,33735.69496701238,31402.628740417902,18445.980114209346,8997.173203442902,8838.030871414223,12481.69542540002
