dimension,birth,death
1,91.20654852867122,228.58026789263624
1,35.586950836004974,135.2182331534293
1,44.76625566154584,120.96631206244643
1,37.542918256896264,102.47763326275532
1,38.4751609084119,96.58155874595927
1,38.28239011598642,93.80110538767563
1,36.03610994669205,88.05908775987011
1,39.097206435128534,88.88476147144289
1,40.35750812811899,86.20590945392088
1,35.665516388172954,80.78024409145544
1,32.97163053650388,77.94020154893049
1,36.486190455987554,81.01715376554287
1,34.62373386835462,76.18195961237465
1,39.048754273439556,77.43485751402136
1,36.07287881578118,72.12409828939471
1,36.327399903656605,72.21213596854389
1,32.26863784298614,68.1193602556363
1,36.92826196818736,71.29671677679507
1,37.72084365578773,71.73189341417616
1,37.57108065126375,71.17949152016675
1,34.20415560388041,67.60817985774946
1,37.90022514470836,70.72433889680471
1,32.991765632242526,65.29758971881168
1,39.0389238577053,70.58181663454317
1,30.967830154164012,62.42519258017741
1,60.87903154644309,91.72844578329455
1,43.36465416199562,73.89538832915038
1,41.91439064395401,70.88564437957398
1,42.44271029527865,71.18124351932637
1,29.259450236660484,57.557435522023844
1,27.733258578395823,55.942477723703995
1,30.981488568350944,59.12877360403457
1,33.74185158627297,61.75299641460842
1,34.397792126231856,62.40774101383002
1,48.20621134493278,76.1965103315602
1,36.370874892539376,64.09690492056896
1,31.613957358259967,58.93642399436497
1,29.194074568900152,56.26828787568103
1,30.759794070375335,57.396890504785375
1,31.833045951876183,57.98683029858881
1,31.027157352975358,57.091770883062466
1,28.081743160381944,53.218813178164474
1,40.86413237365295,65.96390330335073
1,41.26322246552083,65.98824090547004
1,30.10461106970053,54.655432827979006
1,32.41334563853457,56.93575499200293
1,31.314244102897305,55.683717069014364
1,37.78612594496416,62.109101180933344
1,31.501566543588915,55.668480483088345
1,41.505053913398015,65.49205140537525
1,40.17195066602267,64.09114012170063
1,43.58235719255595,67.23859360474981
1,31.48231302765971,54.61178372963508
1,35.44544304629952,58.292204173950445
1,142.83282852532923,165.6523554310693
1,31.339095514274167,53.95575135247659
1,34.15659915340371,56.42602824652195
1,29.242265897786087,51.12378478603874
1,38.850568239510295,60.63060010008613
1,32.38909781010379,54.101910096834175
1,33.31310145207598,55.00426378664544
1,44.26033137843075,65.83230907343771
1,39.4739013881012,60.78999452738289
1,38.582097450523484,59.86923043659006
1,33.30288102122989,54.552612804848025
1,34.35846411346646,55.57972526495142
1,27.153652979709328,48.2452613460014
1,27.52969434233891,48.60907572073162
1,36.47863236360767,57.50539865389823
1,27.89783872169822,48.89674087486239
1,34.54006231328504,55.520160335185764
1,31.33570504202053,52.17132676405826
1,41.24070438278294,62.0606751428924
1,30.721196172306286,51.36112925347933
1,122.00162962122212,142.6029780428232
1,28.37157143171323,48.48847042002289
1,33.580091617761155,53.175073884831214
1,43.05101681463482,62.571577633748184
1,28.365218739407247,47.87514709350378
1,32.287138596028264,51.698100240093254
1,30.683462363683958,50.0667142394551
1,34.80219167630124,54.10618953169575
1,34.03006680269049,53.26742877990143
1,32.404026792256126,51.6167484994731
1,46.047286020270946,65.19047740589242
1,34.25858296128295,53.280811450359984
1,33.06258266802035,52.04529358261866
1,33.69916193356311,52.33903152344787
1,28.029883058547327,46.60452765829063
1,36.79216116635096,55.33876928300654
1,37.67338864260475,56.10698551317151
1,34.33117638221197,52.64294520051158
1,37.840878091429694,56.12865341017144
1,45.23379723398129,63.479248994469906
1,44.17422171423202,62.13108350714095
1,34.78257272457847,52.73445905493471
1,39.65949637869263,57.57984909698113
1,35.54815299124847,53.46720332509888
1,26.1655135760179,43.65671452878102
1,34.31011321350606,51.79512875758253
1,32.26735181645462,49.71804251189467
1,31.14837215726523,48.46224239449658
1,38.15588865212839,55.37358373218049
1,36.69292991233036,53.73404735335943
1,30.99639389198991,47.966565777117665
1,32.9447617517039,49.88723266937293
1,28.32031104952164,45.22974056904278
1,82.8802632889923,99.73708569129043
1,27.848766812569494,44.644587523869845
1,35.61295253396576,52.39381093362538
1,26.05586450879363,42.73587271654423
1,31.88748412288312,48.4197394152265
1,27.950957861325353,44.3532090358154
1,29.417240957842772,45.80971835301373
1,35.38196649814213,51.55117552089557
1,49.56577642734046,65.72023981217698
1,38.81581305280933,54.9695449047686
1,33.5837979517178,49.73548308363036
1,33.07052652225858,49.08850403753595
1,27.85330871686259,43.85532288987212
1,35.17625386869878,51.17454621909557
1,32.56042766972242,48.50889638525498
1,31.363626132758274,47.1245181085555
1,36.226031849288454,51.89661188527616
1,36.53798177963588,52.177912469070115
1,28.60854753363527,44.18814640816749
1,31.718287402529043,47.26918751366401
1,35.34348603912694,50.8543035290556
1,40.658863837843384,56.11675725751202
1,33.143516535279495,48.51339976398279
1,29.504779483826503,44.872927294259824
1,33.080593299946266,48.23635327542705
1,29.066227689035742,44.18696776610076
1,25.95542752993907,41.02977113383185
1,35.89885661900081,50.85141244354599
1,38.87732812555515,53.793981387356084
1,35.88791998419175,50.78831203072106
1,28.42122639379023,43.23688618499074
1,39.07482148000833,53.860604953206376
1,25.350073470825826,39.994455725382814
1,42.062138916117064,56.70424418115441
1,42.78331588217534,57.411985621629306
1,35.72794459030227,50.33317337172555
1,27.453761876341815,42.05897978540276
1,30.86569479632008,45.39133313972806
1,56.232528177740534,70.75091621463817
1,35.1574422638691,49.62164760365829
1,38.128925131308144,52.499091395600104
1,27.766697508101014,42.101089467056454
1,35.640834043543634,49.93525274010138
1,31.076988867525476,45.217890053643856
1,38.22068584153962,52.34848361448965
1,38.793536971525334,52.79856727931007
1,41.42785229385613,55.37340011815568
1,36.25554804814346,50.18853568771769
1,34.364126442138065,48.29244655919722
1,26.328482000413437,40.199205474270705
1,38.25364680257463,52.00487605139001
1,38.23362442168058,51.9422951950584
1,33.19701240577677,46.72636874335055
1,28.747544749407677,42.19913325460315
1,30.94411357993662,44.22970398148714
1,41.334848350365725,54.565620765222484
1,33.3299881513168,46.53891043592976
1,29.403875232766786,42.579270839481644
1,30.09010882160862,43.24404285733297
1,42.65496217922919,55.8018708829077
1,37.325556926252986,50.43784209149999
1,38.801976487698624,51.837647076634106
1,46.21009259267823,59.11678257046019
1,29.629404429974947,42.47522738821439
1,28.344150885099783,41.18750485503341
1,90.40815790057921,103.24906716191187
1,35.04358416603093,47.83029698377971
1,36.62577265673917,49.315306596663916
1,29.376901244070616,42.022065696457005
1,28.44346557313633,41.034826892857154
1,41.40246823113464,53.96553656438911
1,47.231074082225426,59.72489601641908
1,36.59464669741459,49.06959247533891
1,33.52321802201373,45.9759250774414
1,32.069199610803864,44.48175947079181
1,30.73323277419086,43.105665928505346
1,37.994959478120784,50.333373167671105
1,31.966268638706477,44.29616060240634
1,35.70015495918948,47.94962739610239
1,47.762780147378166,60.00756175742363
1,23.19175761950514,35.419932117116346
1,38.5465149924644,50.75617661457131
1,43.00296792533245,55.10429862701332
1,33.8874858535975,45.98794678172621
1,38.363070510673786,50.36475321097189
1,29.417358609131558,41.36282230320641
1,55.61473647449225,67.51975977218495
1,29.341271347349995,41.235242414521764
1,35.912251412844476,47.735091452972966
1,30.202051302173352,41.942249906547495
1,46.726052905611084,58.39415764576645
1,37.16408273095994,48.81944404682351
1,26.3768366861965,38.02812279084225
1,30.108179216222155,41.75145590731796
1,36.780486053743886,48.37117870673152
1,26.939307274976304,38.51959248445764
1,52.52706497124715,64.06790488020606
1,33.479605003928164,45.00090619075993
1,21.994378636468433,33.48811246800644
1,38.63141742336668,50.11968288903655
1,33.09827845167245,44.530555169631654
1,29.150820276494624,40.580386097519344
1,30.349077410307796,41.77375633558174
1,42.13209071208563,53.53757562007416
1,29.581267201925826,40.93623947432866
1,33.80690220306545,45.10196358243362
1,29.24915068797844,40.49865571430059
1,30.05024102932435,41.25385427496634
1,34.391052813530905,45.57972996497733
1,36.70842506880251,47.888371909435776
1,42.05682321192306,53.22769172263845
1,28.461226113317153,39.629436468616056
1,23.495657328241457,34.610853712148646
1,42.07101393066871,53.16707982041721
1,31.308024135822567,42.398718859945035
1,29.529114587328625,40.555099193957176
1,36.4970018151153,47.518602091140366
1,27.969377486586406,38.909711994040585
1,36.53925140882762,47.473670769444574
1,38.82859963795729,49.74185381032351
1,28.25148142248011,39.16071696164654
1,33.20924233361432,44.110072312354774
1,35.25311394240167,46.14862291030976
1,33.34981712013212,44.24282064744792
1,23.89034316982238,34.757514884777756
1,42.886729519962415,53.71262363229306
1,27.25332437320937,38.05550058497663
1,32.37282833596993,43.16782056763003
1,42.074015782362196,52.84878807847973
1,40.535621117608265,51.29567959799131
1,26.08313515586789,36.825415777648516
1,30.107915791597147,40.83102128588497
1,41.77119272228852,52.47330434524704
1,28.32436623653776,39.00280766706005
1,34.93018345084861,45.60231026198856
1,32.3074029624783,42.92293166530638
1,31.59586637576009,42.20078504857729
1,25.630863879380062,36.21050120239337
1,33.46963689895489,44.02060954396284
1,35.59564932718077,46.0337442854504
1,31.1359158921903,41.54357482708446
1,29.43696791568069,39.79828168335529
1,28.38758985426401,38.74863209082357
1,33.13586946851452,43.496829982238594
1,34.361660466214595,44.72109768128727
1,30.95013966285016,41.30334147610059
1,34.73516424293318,45.080356481740935
1,30.403450255412054,40.70756428648055
1,28.53817797861165,38.8368411474686
1,30.147942775298755,40.42251304127132
1,37.510758671569704,47.776467289635825
1,28.463947781635415,38.67399689731331
1,33.1207813063537,43.32634908421375
1,30.94892718370922,41.13441352955381
1,30.321995613587287,40.46624085682754
1,34.03194599735614,44.16740734350097
1,42.575231580948,52.686600874119364
1,36.97020302292669,47.04229179559802
1,35.04126599707865,45.110465673007134
1,34.712598457719,44.73316653846678
1,37.73543979711927,47.755238946063656
1,31.27267997270557,41.2598856168263
1,28.324069239755335,38.27473386195094
1,33.201533114942706,43.13456664970805
1,33.51215557953317,43.4420924834871
1,29.46372511148208,39.35891682572802
1,44.38005428888674,54.25360373833945
1,38.19916721309399,48.06669406891906
1,33.77941007563094,43.593687946618
1,39.58701456902339,49.386472298445355
1,74.89221292073282,84.58650583026046
1,30.627400426431162,40.30373214923359
1,35.944619639056285,45.620433629217985
1,28.96382734409569,38.62051221026784
1,31.932803905890747,41.57278661979666
1,45.21798499798042,54.79466724934958
1,38.56775133808506,48.03703756779212
1,29.067739073709603,38.52202383884931
1,32.42025859887978,41.835033513853276
1,32.81681694597303,42.20634344793583
1,58.02141001310561,67.40288772980192
1,30.27831841412389,39.585965590669105
1,37.153081828463904,46.44672166712775
1,32.47606728543457,41.728256865413954
1,35.4459602604755,44.65510002644288
1,33.054548262759425,42.253259839965516
1,27.064674643363023,36.26080533687728
1,35.68209590780853,44.82160631751033
1,34.23758865181234,43.34249935928788
1,39.94068687996352,49.01239193202789
1,34.392334554716534,43.396169375704474
1,45.60529033805546,54.599898731053464
1,38.40577957895978,47.37714001875321
1,43.13363574564449,52.104667197733
1,41.5456168960402,50.45896285958783
1,38.219147864630465,47.11419275723968
1,30.3426132027973,39.170644586677305
1,29.125320442807308,37.93693886527761
1,37.04731324480843,45.8210846255354
1,23.774913726175726,32.541597293812416
1,27.553096900330495,36.30527571480362
1,35.72719862928701,44.46896990387289
1,28.709256956707733,37.436639491294265
1,29.065679329195287,37.743172308080624
1,32.20736402213258,40.85305276935866
1,39.93792177279475,48.55512265724159
1,82.91651856713871,91.51359478895792
1,27.358195870330604,35.92222241897539
1,44.92088800864971,53.452263786650846
1,37.05942309107566,45.58491332500776
1,24.35265794052487,32.87483483672481
1,28.604668571584188,37.11165272354361
1,46.5126227107198,55.01324486159156
1,27.209914683791183,35.68984323421694
1,27.212171815334067,35.68547184394392
1,37.9312134031226,46.39180570735315
1,36.92756543249813,45.38262199190458
1,40.26580707633942,48.67184348756831
1,35.833310572663976,44.236106517663885
1,29.789289819496815,38.18940184885956
1,36.60332316088131,44.98534349760464
1,38.04034852018703,46.36784442778827
1,46.05320414170119,54.34579267222276
1,36.10796417309249,44.39855967275815
1,27.83620296846239,36.100054674230286
1,33.00943459393158,41.267090816230095
1,20.40425670918036,28.659316613285185
1,27.05231760141194,35.28733734029426
1,27.885060298258594,36.08330178230944
1,34.99605503518596,43.1941968396009
1,29.529325878754083,37.70750210130295
1,30.20280672536983,38.366356765372345
1,38.69688305774163,46.83616040924175
1,35.16224365552005,43.263510246746094
1,25.99778886018912,34.09321597118084
1,35.28689210515183,43.32563260340603
1,30.08287636732007,38.10607824485777
1,32.5994727966137,40.610222699857935
1,27.327214483031607,35.254118992243754
1,28.371673521333772,36.29252866133982
1,25.856379542294615,33.76382265227395
1,43.85933893302485,51.73974192367987
1,27.93549008027459,35.81063966756139
1,41.27953463377587,49.108508600698244
1,28.781099953950587,36.586537615523866
1,32.54822946054273,40.34181260342662
1,24.03579240532554,31.806782704370523
1,29.64164378061443,37.40214519338163
1,46.30132835259327,54.04355438041419
1,26.831884318609188,34.54280266634805
1,40.089117921441165,47.79435732212659
1,32.82350353264644,40.52802209117438
1,39.48588620307037,47.17768536448259
1,33.68853865842955,41.36141152500233
1,35.310001736773394,42.97000819435916
1,32.065835946867544,39.68179558873353
1,24.995137825238025,32.554042681253776
1,27.478288823161275,35.02655815408748
1,30.149084819871877,37.67038094545615
1,38.1943095477608,45.70451793184296
1,35.17119922707333,42.67568685303718
1,32.937337795645846,40.42862061465367
1,30.205601612381223,37.68547221736343
1,30.509976383628096,37.98395548705059
1,36.58759146170002,44.05175058234735
1,33.61215891960151,41.049632010617245
1,48.968025592804835,56.38471228345634
1,30.424738134896895,37.82366514405481
1,35.30950914305843,42.60966600387163
1,40.857355999664804,48.155682584049856
1,36.70195175505959,43.91062213243852
1,28.519348104792066,35.698355060845465
1,45.59976255824049,52.704638164833035
1,28.488410604098643,35.58773513757349
1,49.95448148469996,57.05303625143354
1,33.93192212635784,40.98508094484383
1,39.197744043784,46.24964448563654
1,34.11804688469639,41.15728636716042
1,32.904662293701286,39.92708472805065
1,46.350820082190694,53.33470172604926
1,34.42884895763129,41.36585739600955
1,38.7306071081138,45.57542340081489
1,33.102210321328315,39.944732456551584
1,39.89229805511657,46.70800012628554
1,36.02314101189709,42.81068151852531
1,30.628532554485172,37.400310736007235
1,35.525644461182885,42.27586232472421
1,32.644667992134615,39.373609614880365
1,31.728841398224795,38.44639655109583
1,46.06270676702856,52.77800302470934
1,35.26131878323797,41.97486277565723
1,30.380676073431705,37.054175553057746
1,32.97636112913065,39.63111197490742
1,30.323828712823058,36.97379960846247
1,37.04764247910278,43.60725651853075
1,24.075221953884125,30.616317012759787
1,35.15868780222467,41.63291154126467
1,51.60879549313534,58.07745714436723
1,27.234793515276703,33.67758835065241
1,30.113820939814456,36.536060147189936
1,29.454128035536016,35.822290312781796
1,34.30675548003965,40.67491450309572
1,39.69293841242482,46.04647929134089
1,31.237204580617387,37.556824157884336
1,27.810609278752246,34.08479372623917
1,94.91297666067793,101.1608439362774
1,26.94048773655485,33.16491215518585
1,38.01416847520947,44.20375062171192
1,30.351669486705138,36.50074618236812
1,44.96903583804006,51.11555875351874
1,36.223626588610685,42.25123667421923
1,35.96321172043007,41.973321752878604
1,33.380391052515236,39.38848539626168
1,43.1398338707737,49.14345382544689
1,41.07243750206384,47.07505312163679
1,33.22171087651812,39.21529230519164
1,38.822249127321065,44.81113192032982
1,43.385683337867256,49.364380454439804
1,37.19884153672172,43.141891582453816
1,31.089416642431285,37.032366011658176
1,33.16013863881571,39.10233715612434
1,23.206240011941507,29.14720305768924
1,31.220347029753757,37.045353077681916
1,38.78871963524338,44.580837556421805
1,38.198763381650465,43.96770136198986
1,34.22253974822208,39.94030289811833
1,43.010864086019225,48.645700871982484
1,42.9968859774478,48.63004497124621
1,56.713934830517935,62.333983919942405
1,39.91960760133515,45.53953844078429
1,34.23203641390774,39.81332219013112
1,27.006792535637032,32.52531431329677
1,30.8080413591475,36.325179418056265
1,34.124370313301505,39.62865558729881
1,34.878388997369775,40.34962623640239
1,26.277566548785675,31.73592056869636
1,29.387324367471955,34.81692392879885
1,54.43180293989472,59.8587791932564
1,30.91714490415799,36.327822737262736
1,27.95396431686696,33.356456898401596
1,35.182119958277966,40.53185148325866
1,39.02405921745682,44.35779824063999
1,39.54304379518947,44.84197607582147
1,33.42804835423602,38.67448735532778
1,28.735681275886147,33.96008515362299
1,36.24696256162127,41.46782141680767
1,31.032468011753416,36.234575554874205
1,25.83172864721326,31.024586057454343
1,28.14904970850114,33.297709845171056
1,36.2330290441077,41.350556545031054
1,26.08072051773777,31.18147936818604
1,59.217217803228415,64.28967731447506
1,82.46845146622648,87.51897540167442
1,29.458205118752897,34.45103539494308
1,40.369839622852574,45.35644589015505
1,38.00923581876161,42.922568563471714
1,38.43195462256308,43.33455951495646
1,28.49420789498693,33.37942218661532
1,37.303422484657546,42.14527352829018
1,27.607506782760375,32.43740213799199
1,35.6818603170888,40.46371613497992
1,32.23807973856626,37.00024753832284
1,54.85860188159003,59.590588393219186
1,33.45212916690979,38.17869978973461
1,28.141974911751337,32.85095483541966
1,26.50301233500139,31.21185220955444
1,35.82271530961618,40.508305643189026
1,35.41102091842017,40.08922719378019
1,34.08070970619488,38.75812480361685
1,35.11777073305114,39.78037083332133
1,35.05508930823128,39.710525674113484
1,30.552482838304343,35.192879734543666
1,27.980120179220727,32.59317638156613
1,35.60381443934655,40.20673271958614
1,36.65227650953653,41.24390462448678
1,31.220843909908886,35.78696276488854
1,46.3865580588984,50.94963288587435
1,28.77387782389714,33.267185843303395
1,31.35523971500911,35.845060556960675
1,31.6960241008983,36.18375539925966
1,40.07000061177813,44.5303683923938
1,41.55647450407561,46.0147531002976
1,30.37183655443241,34.82759743527742
1,25.6217259396689,30.065424139623182
1,31.399441922528844,35.82149328886902
1,40.045333327173644,44.44415477619377
1,26.42404302786345,30.790996696593794
1,33.400066113779566,37.73253329729237
1,32.07562949889784,36.4040714836803
1,48.172095540121575,52.48960224663424
1,38.681878902925035,42.982774434502865
1,43.059304018064324,47.3289058006169
1,54.97298998184515,59.240777855369124
1,29.018418302449156,33.21476925931135
1,26.085766403535,30.279847212161265
1,32.5770237465505,36.75046976772969
1,39.13114539520172,43.29161549677542
1,38.3943568271718,42.55359856529741
1,40.158941744123396,44.303494366713885
1,46.67044159997368,50.814752891290425
1,27.62402531120698,31.76359046011492
1,32.48227070491684,36.616225749172415
1,36.08977668754773,40.21493464562523
1,33.96718324918763,38.07245897566535
1,33.35758378272073,37.44051745666567
1,53.57679327004077,57.64711819516895
1,39.75784651558319,43.82439198323981
1,44.666632042521215,48.73075221095799
1,32.82373612860198,36.88196576158736
1,28.151699111366042,32.2070649191813
1,32.00386669905217,36.05229814001073
1,37.04285676841634,41.07987419583966
1,49.02362905806693,53.0191168690202
1,26.293546582155695,30.274940244364792
1,27.988918199237684,31.939483497985
1,29.070425806373137,32.98054405510598
1,31.13500236408199,35.04138200542189
1,22.93129706835216,26.830273037146334
1,39.81258263610521,43.70494463973797
1,28.77122077330811,32.579145735696265
1,28.744940908632557,32.48621007320417
1,36.28549289356693,40.000906222976035
1,39.42017875336789,43.12445970406465
1,36.31846150326175,40.0159966609812
1,35.200693611709255,38.88401821309265
1,48.05706484665583,51.73873392401256
1,28.943664415862628,32.618900490322424
1,25.825634235774025,29.497789049984192
1,43.74245917235973,47.38972039916183
1,32.86474705973977,36.477943822488285
1,37.32397441554019,40.927831280238756
1,25.503848457423747,29.098883080238398
1,31.558853850368454,35.10252923325303
1,50.2118273897967,53.75286217861909
1,59.60532193766201,63.13186605043158
1,26.51067521701759,29.98130657481718
1,35.179892531129084,38.58022325704217
1,43.76436758580295,47.15247315066597
1,64.70478515572192,68.05721437539268
1,29.198591342141118,32.4733002977668
1,40.41284386255508,43.651694957436526
1,43.97774631766608,47.2079039998798
1,31.410987977696866,34.634035032397904
1,27.233954551729724,30.45697451673061
1,31.945868983170644,35.16284974376276
1,34.35172203599558,37.56516255249776
1,45.745713124678765,48.9437348897732
1,29.008917621287246,32.18676862712612
1,23.88823524928843,27.03729892737134
1,40.34956671708749,43.48964502839443
1,28.16753830624665,31.29729835617296
1,44.80001458992518,47.92924458804749
1,40.858659640259205,43.977251220210135
1,32.8785651049229,35.96274864480415
1,32.23507762593236,35.31076128603722
1,25.541037913512042,28.599907086949056
1,32.65130165826739,35.69592056697338
1,41.70886962158118,44.73625629000286
1,35.74709535369816,38.77304146505593
1,37.66064979476436,40.68296903736954
1,51.80414631383213,54.809409568758795
1,41.784704799278984,44.75229837013466
1,30.43897482138222,33.40517190375359
1,38.84050200227807,41.79042631138645
1,38.99916071464158,41.9487468585611
1,31.93541832128612,34.865660483439946
1,37.20361187142828,40.13025258768381
1,39.866900905563305,42.782930838975005
1,40.66134169867195,43.56445846619781
1,40.74475667926734,43.607905590658135
1,36.60163845275481,39.46183375902508
1,42.54685934741201,45.402678931095124
1,28.80905979385027,31.628538738013802
1,29.446697181333,32.250059914804446
1,36.37462970175847,39.17539215713141
1,37.99216624485722,40.782898907361144
1,31.748626696443306,34.5260041014632
1,43.452227971110624,46.22823238402787
1,37.33649856564481,40.10103332546897
1,32.58339021157818,35.307471682476155
1,43.119646371381975,45.83373165171299
1,21.20108709148839,23.908808711873686
1,35.827312096091525,38.506434387778505
1,38.241720847650825,40.91174795598708
1,41.69112901321417,44.36020019993801
1,34.341124449564894,36.99651049317557
1,42.86767836469912,45.518224308641344
1,33.21010707227035,35.849712198634286
1,35.956385747755775,38.595254414967194
1,35.10709026266447,37.7325669936981
1,44.8803255490385,47.43553726679983
1,40.50900882189782,43.05055085127463
1,37.882054487292955,40.41426791781542
1,39.536294999886934,42.057692476896
1,40.60672069116426,43.08190856764835
1,31.63709757830105,34.11140511882215
1,39.00466655412548,41.46632644570299
1,33.16946232211292,35.62128628989315
1,33.79225395119909,36.23645815875632
1,37.650858235461655,40.0811324201604
1,38.00402046784696,40.394730183978
1,30.404455411386174,32.789620045665735
1,36.99179817378299,39.360121372993824
1,32.290479610255524,34.658469206700744
1,29.99667861383146,32.36351161169366
1,40.60278147522929,42.95926640514211
1,33.42717169707836,35.78117104448216
1,32.05795258237301,34.393138574422906
1,35.91781277183317,38.23628544044907
1,31.33659077622214,33.64292513281356
1,34.4890226483866,36.75056971579548
1,25.137417073222483,27.397619810962542
1,39.842467945923495,42.08571623431994
1,39.744610826465,41.96789666460571
1,44.8249409225553,47.03312101634953
1,29.885078479411995,32.081351788719815
1,37.66874707141734,39.84113125430505
1,30.55224979708687,32.68753713788475
1,48.36024740804385,50.493782202209864
1,30.22371888843623,32.34659980535956
1,44.21864997460062,46.27147825757044
1,36.26150747594055,38.30079461316127
1,32.69342458849399,34.63417000618444
1,32.59110871090699,34.522834313364775
1,38.96337599628258,40.867846902682004
1,34.819016064968494,36.719306768234645
1,30.169001018526412,32.0055255082057
1,37.05921804979793,38.87898027434794
1,37.588193618897215,39.38341645592578
1,40.38672603439231,42.16944878600616
1,36.64749182935181,38.38274439698214
1,35.15100670956538,36.880639297007335
1,37.66621970365504,39.39533775439327
1,40.95116121220114,42.663789418756956
1,36.33909684115949,38.00376283032529
1,34.918974030816116,36.55632577032698
1,25.135887096305456,26.764420610819073
1,40.78273806637035,42.40723009033557
1,38.67174196434752,40.27870251360878
1,39.31994533941513,40.91640346323528
1,29.170385639495287,30.766349208428732
1,45.07455995832999,46.617817598726575
1,48.39909430992283,49.94233561112583
1,31.748395182531127,33.29112296111785
1,29.77986269480026,31.293221430582786
1,31.539210062978345,33.028456722923515
1,29.15058308864493,30.635456529346254
1,36.133980519631166,37.61667367665019
1,46.691767097468635,48.1736190129986
1,74.57581366713002,76.05716123040162
1,36.28265899295348,37.754405846222454
1,24.66594780078649,26.088458477562845
1,29.117411127453927,30.537783368307093
1,46.26610161252105,47.676332234452154
1,81.36408677667016,82.76717901704023
1,33.92581585861836,35.322995422576916
1,28.185846323689923,29.547964026740555
1,41.5604460496081,42.92213050727779
1,49.286187719310576,50.63627221255056
1,52.63037918121518,53.955262681665076
1,36.15175507488938,37.45902735358076
1,37.00203820854805,38.29566446490098
1,36.97542488346191,38.26681274695353
1,31.775969113598432,33.01333690220497
1,32.021549685085596,33.230444010000014
1,35.52512678741848,36.69988892010877
1,27.41189654105416,28.584593347078016
1,30.609942944527862,31.77290148002204
1,34.65865013390657,35.80980055586297
1,45.407510802250975,46.54731772492906
1,47.079103292270716,48.208559543253784
1,31.61349871493615,32.739682431561604
1,101.57355239566895,102.69186653143412
1,32.622069247801925,33.7297926997094
1,35.20717892776023,36.27629868942532
1,39.06882749980954,40.11588694576633
1,30.343353317351745,31.38726408098197
1,49.20486806536395,50.20962319564687
1,37.91017321577557,38.85264009556062
1,37.516233264468575,38.43428113377254
1,36.36951405806865,37.286753375420396
1,34.27687205392137,35.18390243932048
1,31.07561755379192,31.962245860660715
1,34.48574013523146,35.37180810244521
1,36.48155092892706,37.3619731937545
1,26.340028786451647,27.211990274265244
1,37.29204662468604,38.13180016638973
1,37.37666443230967,38.20512440628881
1,44.188646275776826,45.00376666246755
1,40.34793008198528,41.15114407915142
1,31.857239736633208,32.597541671318496
1,36.07129128597413,36.78142464693269
1,46.430435212056814,47.12095004541724
1,33.39976255833045,34.08512979619383
1,34.33785303589726,35.00774678262703
1,23.61130217295893,24.26433133424487
1,39.09535677132332,39.733615574702256
1,32.562750010235675,33.181718024262025
1,46.9231690735999,47.52249356936979
1,53.39583458953296,53.987765695071
1,40.39296605772142,40.97804083977569
1,46.86352718326758,47.44289931357854
1,31.436049204020655,31.99540663292337
1,36.77081138109166,37.32961911894056
1,36.38334896823256,36.91806037647022
1,35.75117430223579,36.28174559284591
1,43.41641097661134,43.930910934497426
1,33.18227307537087,33.68994331397351
1,136.78652131598068,137.28956052639705
1,31.548393419357126,32.042153760066334
1,60.44334852567819,60.932657673173345
1,24.909164749866708,25.38869381913429
1,32.258207669608225,32.73570760954505
1,37.94113960367755,38.417058665490764
1,33.02147544948802,33.44852552214321
1,37.77063627136581,38.18899706196218
1,37.527246757024606,37.9382682750006
1,31.639690640678403,32.04299302929446
1,38.45346319449976,38.84087332034161
1,67.60321336176844,67.98430124117093
1,34.12874563903338,34.5082495659471
1,42.320947122969656,42.69859014232675
1,32.04253783720212,32.39317374973186
1,44.528254801223994,44.83496262027819
1,38.31672343437341,38.62298514306427
1,52.71925885300303,53.01867588649717
1,42.31844312725858,42.61372569267832
1,35.51181137465719,35.803301554266156
1,26.17476974059737,26.443473224326585
1,56.32291203115129,56.554333775757456
1,33.76655794364328,33.97918678918406
1,37.143796930377825,37.33365433460202
1,42.36446531404814,42.54910617819768
1,38.184303094489906,38.364479361670845
1,34.725088040521484,34.88918756234256
1,29.85246406518683,29.98347232986622
1,59.56478544535919,59.631216135276595
1,46.34535034671054,46.37806299703991
1,38.434933043765426,38.447169039687935
1,42.87974565528156,42.891531842096654
0,0.0,inf
0,0.0,109.21839338477456
0,0.0,78.7308412067485
0,0.0,67.252703450632
0,0.0,55.9881535711955
0,0.0,54.235266860487656
0,0.0,48.29296922708579
0,0.0,48.0456883652565
0,0.0,44.666592215906164
0,0.0,44.64454033088202
0,0.0,41.77438596213703
0,0.0,41.54882497045751
0,0.0,41.30959752175693
0,0.0,41.10613538726979
0,0.0,40.40844079196297
0,0.0,40.36134713569898
0,0.0,40.00204115037379
0,0.0,39.98011811232556
0,0.0,39.82408076037319
0,0.0,39.31413873530252
0,0.0,39.17659685679235
0,0.0,39.12914070995989
0,0.0,39.014019205301324
0,0.0,38.78199363025074
0,0.0,38.22812109144368
0,0.0,38.02716928516576
0,0.0,37.91778666921547
0,0.0,37.84257878628814
0,0.0,37.76911645527977
0,0.0,37.76459053393049
0,0.0,37.70523621764449
0,0.0,37.40619613085508
0,0.0,37.28377547956157
0,0.0,37.26804607286573
0,0.0,37.262633560738514
0,0.0,37.18875363011183
0,0.0,37.109638539199096
0,0.0,37.073435650075304
0,0.0,36.625088354914716
0,0.0,36.56782347115648
0,0.0,36.33634057639529
0,0.0,36.21856929588249
0,0.0,36.12904339479236
0,0.0,36.041484270115845
0,0.0,35.9301342641719
0,0.0,35.910711215703394
0,0.0,35.86028269803275
0,0.0,35.73384141617823
0,0.0,35.502897044821424
0,0.0,35.3839726757693
0,0.0,35.320825127808455
0,0.0,35.244448217572476
0,0.0,35.221174819402705
0,0.0,35.218505054751574
0,0.0,35.20276075715846
0,0.0,35.18314094266048
0,0.0,35.165821584335426
0,0.0,35.1499641916876
0,0.0,35.13561828147384
0,0.0,35.12051197536389
0,0.0,35.113298433144266
0,0.0,35.06718490099395
0,0.0,35.038510227961744
0,0.0,34.98662046504151
0,0.0,34.96803829991314
0,0.0,34.902045595460834
0,0.0,34.7483948075073
0,0.0,34.7132051163866
0,0.0,34.695036997572416
0,0.0,34.60726989250076
0,0.0,34.6019100602068
0,0.0,34.59312346049251
0,0.0,34.58378863605346
0,0.0,34.548955417082894
0,0.0,34.51884785833575
0,0.0,34.47121559439558
0,0.0,34.425988264965476
0,0.0,34.36571021739768
0,0.0,34.33107319712831
0,0.0,34.327478948800895
0,0.0,34.26025715082126
0,0.0,34.20821079146802
0,0.0,34.197048222260236
0,0.0,34.18343732823846
0,0.0,34.17670493063361
0,0.0,34.16932674829338
0,0.0,34.10839429662938
0,0.0,34.03594522671667
0,0.0,34.03055199149373
0,0.0,33.95122663404306
0,0.0,33.919167818432406
0,0.0,33.8856464431732
0,0.0,33.83455625715162
0,0.0,33.78561480827017
0,0.0,33.76046133701168
0,0.0,33.74660065860906
0,0.0,33.69952276621128
0,0.0,33.69935920998321
0,0.0,33.65284609736931
0,0.0,33.50938132116334
0,0.0,33.44433688758874
0,0.0,33.41775714773051
0,0.0,33.348321567129574
0,0.0,33.338179966417755
0,0.0,33.309222886972655
0,0.0,33.25625967547103
0,0.0,33.21005822235642
0,0.0,33.20191419950734
0,0.0,33.19811685301053
0,0.0,33.18591232186483
0,0.0,33.18250264041813
0,0.0,33.1523978864518
0,0.0,33.143937831203274
0,0.0,33.10257966781475
0,0.0,32.98870016775787
0,0.0,32.97860539332958
0,0.0,32.96696713977814
0,0.0,32.94604659172084
0,0.0,32.91741447113491
0,0.0,32.89262822663667
0,0.0,32.887751218951735
0,0.0,32.80166927660304
0,0.0,32.72704293208707
0,0.0,32.68630265765875
0,0.0,32.68050633802228
0,0.0,32.660986512271485
0,0.0,32.65888128116055
0,0.0,32.64855366666292
0,0.0,32.64822846938013
0,0.0,32.61855441523874
0,0.0,32.59613407628273
0,0.0,32.57757439272395
0,0.0,32.56979766424052
0,0.0,32.56838540528832
0,0.0,32.567652660949314
0,0.0,32.528250044936975
0,0.0,32.524887966791816
0,0.0,32.508312954499935
0,0.0,32.49975536218745
0,0.0,32.49508095492008
0,0.0,32.48803758280432
0,0.0,32.447119843717644
0,0.0,32.44322942701474
0,0.0,32.39530609503054
0,0.0,32.332647879685695
0,0.0,32.318358645966626
0,0.0,32.30302574376924
0,0.0,32.26540483916131
0,0.0,32.26460202984595
0,0.0,32.2038246785687
0,0.0,32.17588876527211
0,0.0,32.15595153828227
0,0.0,32.142949460608364
0,0.0,32.13619123280449
0,0.0,32.11124354593062
0,0.0,32.0831794259024
0,0.0,32.07388597867637
0,0.0,32.07151100474059
0,0.0,32.03560235425915
0,0.0,32.03295331433334
0,0.0,32.007933190593
0,0.0,31.959976068338644
0,0.0,31.94673532427005
0,0.0,31.930307159427684
0,0.0,31.915038866125464
0,0.0,31.913012170265368
0,0.0,31.881112324515826
0,0.0,31.867598298635052
0,0.0,31.863357110331048
0,0.0,31.83871512367838
0,0.0,31.83294948395124
0,0.0,31.828714041829866
0,0.0,31.82303578673961
0,0.0,31.819597340559902
0,0.0,31.80571493158089
0,0.0,31.790882368855616
0,0.0,31.762573657243166
0,0.0,31.732593837637967
0,0.0,31.721370766134257
0,0.0,31.696464521613173
0,0.0,31.689973091243996
0,0.0,31.650017203398296
0,0.0,31.632909223083235
0,0.0,31.63225582852497
0,0.0,31.59629347604161
0,0.0,31.581759823532717
0,0.0,31.568986826836067
0,0.0,31.560495503803807
0,0.0,31.552714052037878
0,0.0,31.524918028522144
0,0.0,31.511663687505756
0,0.0,31.467756403552663
0,0.0,31.428370682971284
0,0.0,31.420456669503984
0,0.0,31.396421354146277
0,0.0,31.389147326231093
0,0.0,31.36295836433456
0,0.0,31.335702452719026
0,0.0,31.331886333209678
0,0.0,31.314723947192615
0,0.0,31.30790991220897
0,0.0,31.284219073718162
0,0.0,31.253829759252433
0,0.0,31.223210116326328
0,0.0,31.21951558420476
0,0.0,31.198504270433936
0,0.0,31.183664926525882
0,0.0,31.17817201073235
0,0.0,31.167743984672317
0,0.0,31.16124388475251
0,0.0,31.1603221342442
0,0.0,31.148103546418678
0,0.0,31.144895520650614
0,0.0,31.075798552193575
0,0.0,31.06304835399632
0,0.0,31.04546028228904
0,0.0,31.03868956440453
0,0.0,30.990677422594143
0,0.0,30.96814217682196
0,0.0,30.879053987942925
0,0.0,30.874721867313614
0,0.0,30.865201820727904
0,0.0,30.84152326008444
0,0.0,30.775395937496267
0,0.0,30.765683414204865
0,0.0,30.743375199203545
0,0.0,30.738318449739275
0,0.0,30.685962901956415
0,0.0,30.679646168325984
0,0.0,30.674771724145334
0,0.0,30.665747267824482
0,0.0,30.628934789283864
0,0.0,30.625932115578507
0,0.0,30.61815711731612
0,0.0,30.616463406580515
0,0.0,30.608400710307627
0,0.0,30.607779147336938
0,0.0,30.60475606344549
0,0.0,30.594387122445692
0,0.0,30.529851223274093
0,0.0,30.523547372593992
0,0.0,30.518699840685912
0,0.0,30.49713975491902
0,0.0,30.478680459745686
0,0.0,30.46980778364172
0,0.0,30.45820973674997
0,0.0,30.440101928805777
0,0.0,30.43436828571082
0,0.0,30.408483671054295
0,0.0,30.393098355261703
0,0.0,30.389898247611477
0,0.0,30.37784641578633
0,0.0,30.356933353111273
0,0.0,30.351871138755502
0,0.0,30.345889634432268
0,0.0,30.317819666619062
0,0.0,30.305793313353412
0,0.0,30.28082040897151
0,0.0,30.279297411373168
0,0.0,30.277468074280556
0,0.0,30.21691761415482
0,0.0,30.213463496276415
0,0.0,30.21053443770773
0,0.0,30.18682496327293
0,0.0,30.18624395149358
0,0.0,30.14254476509822
0,0.0,30.134628194802588
0,0.0,30.12902472481634
0,0.0,30.12595196112722
0,0.0,30.10275514111999
0,0.0,30.086382118721204
0,0.0,30.076385799851135
0,0.0,30.069088178600204
0,0.0,30.013595798927295
0,0.0,30.01088120698668
0,0.0,30.0087329691291
0,0.0,29.99388094445168
0,0.0,29.9663966240782
0,0.0,29.905166428810002
0,0.0,29.882028166395077
0,0.0,29.863117971861566
0,0.0,29.852526423725404
0,0.0,29.834796014204166
0,0.0,29.797093310004044
0,0.0,29.76713347482838
0,0.0,29.758849605288653
0,0.0,29.75230851698272
0,0.0,29.741933523588248
0,0.0,29.730705392995294
0,0.0,29.729966998031692
0,0.0,29.72070983138459
0,0.0,29.71038868501375
0,0.0,29.702586504270307
0,0.0,29.701867401058742
0,0.0,29.697448235390365
0,0.0,29.651918418784533
0,0.0,29.630670596185315
0,0.0,29.62932112314776
0,0.0,29.623184331677425
0,0.0,29.613977395963822
0,0.0,29.56423691372992
0,0.0,29.51716249421013
0,0.0,29.50828482526209
0,0.0,29.504426080922965
0,0.0,29.463648960272064
0,0.0,29.440885805247028
0,0.0,29.435006550332908
0,0.0,29.432440889419667
0,0.0,29.41948297523789
0,0.0,29.413763578862362
0,0.0,29.405651767164226
0,0.0,29.40003728379152
0,0.0,29.39816105434753
0,0.0,29.39555093084821
0,0.0,29.395201498844656
0,0.0,29.368461426875637
0,0.0,29.36249700089173
0,0.0,29.359896428922205
0,0.0,29.338414710710325
0,0.0,29.336144353334102
0,0.0,29.319072369500628
0,0.0,29.302732235444907
0,0.0,29.293736969394864
0,0.0,29.264273189747914
0,0.0,29.257615387421257
0,0.0,29.251031420854023
0,0.0,29.250322093650336
0,0.0,29.230194680405067
0,0.0,29.229721579802604
0,0.0,29.204688171941118
0,0.0,29.189828637122268
0,0.0,29.176011029828125
0,0.0,29.175517908940524
0,0.0,29.1733379941419
0,0.0,29.169867055921245
0,0.0,29.167721229913795
0,0.0,29.166170373699135
0,0.0,29.14141420793227
0,0.0,29.13711616049816
0,0.0,29.136072812642524
0,0.0,29.098269314518987
0,0.0,29.092791051110318
0,0.0,29.09230785151505
0,0.0,29.08254535389721
0,0.0,29.073259085808257
0,0.0,29.070543442365643
0,0.0,29.060919374329487
0,0.0,29.043211037123005
0,0.0,29.03833795269752
0,0.0,29.031094478702368
0,0.0,29.021885200951335
0,0.0,29.014763833001435
0,0.0,28.998389574338333
0,0.0,28.992420063559933
0,0.0,28.98494468665781
0,0.0,28.98422100407067
0,0.0,28.981106138793564
0,0.0,28.969155588191242
0,0.0,28.964166404983395
0,0.0,28.95294706751714
0,0.0,28.938815827042664
0,0.0,28.93849771931072
0,0.0,28.933055261277204
0,0.0,28.92106217343403
0,0.0,28.919148643524988
0,0.0,28.91360993329022
0,0.0,28.883608010167542
0,0.0,28.871817281601615
0,0.0,28.859284272340986
0,0.0,28.856727342701035
0,0.0,28.833844237395397
0,0.0,28.823798687070298
0,0.0,28.804050533260604
0,0.0,28.794060812687412
0,0.0,28.770856850277195
0,0.0,28.765118794617095
0,0.0,28.751331366338786
0,0.0,28.748520142599787
0,0.0,28.7477429340221
0,0.0,28.747121781399347
0,0.0,28.72475983039177
0,0.0,28.710126174559072
0,0.0,28.69966214160823
0,0.0,28.69106142483641
0,0.0,28.673792071362918
0,0.0,28.663003523700073
0,0.0,28.662059250572952
0,0.0,28.59840150165053
0,0.0,28.597127368333144
0,0.0,28.572284761350524
0,0.0,28.55073824712384
0,0.0,28.542836833638354
0,0.0,28.539743955516606
0,0.0,28.53596088314401
0,0.0,28.533187936260635
0,0.0,28.531992795867247
0,0.0,28.52418178432904
0,0.0,28.523808859561118
0,0.0,28.523296036982952
0,0.0,28.516747014672926
0,0.0,28.510471980155653
0,0.0,28.50975050468414
0,0.0,28.508947065022802
0,0.0,28.502256948782993
0,0.0,28.491676913120052
0,0.0,28.45145028206465
0,0.0,28.451422044745023
0,0.0,28.436684312941676
0,0.0,28.432273165106636
0,0.0,28.427118727905054
0,0.0,28.426452431415143
0,0.0,28.42065486814514
0,0.0,28.38991306369155
0,0.0,28.358368552757526
0,0.0,28.35632461835347
0,0.0,28.35206474256638
0,0.0,28.35037204313571
0,0.0,28.34958164489964
0,0.0,28.342285750466917
0,0.0,28.323470021270104
0,0.0,28.300474816850908
0,0.0,28.28604925592403
0,0.0,28.285571919611122
0,0.0,28.28531008240299
0,0.0,28.265389354435758
0,0.0,28.263479706278464
0,0.0,28.254105775186645
0,0.0,28.243672238244717
0,0.0,28.21889817477219
0,0.0,28.216153334692493
0,0.0,28.21614177148136
0,0.0,28.20834136542334
0,0.0,28.187266566380185
0,0.0,28.1853791614219
0,0.0,28.185194897065486
0,0.0,28.18091206557383
0,0.0,28.17279323290449
0,0.0,28.172138276010102
0,0.0,28.143214035870336
0,0.0,28.14131715136453
0,0.0,28.136311286081003
0,0.0,28.13185322162668
0,0.0,28.092199869590964
0,0.0,28.075840636438087
0,0.0,28.073637302345507
0,0.0,28.073306651530075
0,0.0,28.067477589733638
0,0.0,28.057255863186064
0,0.0,28.018970114208127
0,0.0,28.018134380364987
0,0.0,27.988699172666447
0,0.0,27.978656820628952
0,0.0,27.974263891091386
0,0.0,27.972654538632817
0,0.0,27.937131125722132
0,0.0,27.902509878415618
0,0.0,27.88175130166712
0,0.0,27.851401713849988
0,0.0,27.847224215144486
0,0.0,27.845529679071625
0,0.0,27.83119194155423
0,0.0,27.828082400667455
0,0.0,27.823387173345722
0,0.0,27.81371521031179
0,0.0,27.807156293640773
0,0.0,27.803310861342005
0,0.0,27.77213195541368
0,0.0,27.751493310913936
0,0.0,27.725766849804177
0,0.0,27.724978249172143
0,0.0,27.721779505281404
0,0.0,27.71221200850308
0,0.0,27.69750430089815
0,0.0,27.694237464288975
0,0.0,27.673021706981316
0,0.0,27.668654250591242
0,0.0,27.66636197326239
0,0.0,27.654287089451223
0,0.0,27.648394096406875
0,0.0,27.62045596905416
0,0.0,27.611584266250585
0,0.0,27.602569170234016
0,0.0,27.602109196351115
0,0.0,27.60160323916041
0,0.0,27.592580463114253
0,0.0,27.57975555190944
0,0.0,27.561969128283746
0,0.0,27.56168253899618
0,0.0,27.538682505865395
0,0.0,27.53246392556507
0,0.0,27.53186108757311
0,0.0,27.513825700709805
0,0.0,27.51029683787095
0,0.0,27.508475735515283
0,0.0,27.506353392874807
0,0.0,27.501511197791803
0,0.0,27.485286279932424
0,0.0,27.4787162202238
0,0.0,27.47636214226778
0,0.0,27.47356531656464
0,0.0,27.472387678089643
0,0.0,27.469178196891015
0,0.0,27.46457338806453
0,0.0,27.46040236973352
0,0.0,27.45316290205969
0,0.0,27.45177631641716
0,0.0,27.444928709586083
0,0.0,27.438140296537295
0,0.0,27.434500759641978
0,0.0,27.423903827011884
0,0.0,27.415091919917003
0,0.0,27.411630143716042
0,0.0,27.39537290403
0,0.0,27.387380289744367
0,0.0,27.37183257947025
0,0.0,27.369633162965314
0,0.0,27.358454764286016
0,0.0,27.340830602394014
0,0.0,27.333314100452274
0,0.0,27.330068947935235
0,0.0,27.309084639729395
0,0.0,27.29934319632662
0,0.0,27.299090019076925
0,0.0,27.289394377290726
0,0.0,27.283233120214348
0,0.0,27.27820340768018
0,0.0,27.25265600547788
0,0.0,27.250095395083978
0,0.0,27.24597695305467
0,0.0,27.24308215632464
0,0.0,27.234377574770075
0,0.0,27.220859323768615
0,0.0,27.20639381076366
0,0.0,27.204324526928215
0,0.0,27.20306062797223
0,0.0,27.18037318542673
0,0.0,27.168775446825737
0,0.0,27.165215666100043
0,0.0,27.161787216658464
0,0.0,27.16010865959005
0,0.0,27.147989305059745
0,0.0,27.126824455425364
0,0.0,27.1172579686251
0,0.0,27.106793616543033
0,0.0,27.103815883920205
0,0.0,27.103645522478217
0,0.0,27.101947443862866
0,0.0,27.093441634684318
0,0.0,27.09116893527896
0,0.0,27.083545254782383
0,0.0,27.080418006277217
0,0.0,27.06995228983084
0,0.0,27.06893500093831
0,0.0,27.06720309714224
0,0.0,27.06329828202806
0,0.0,27.051337696802786
0,0.0,27.035164245534254
0,0.0,27.029920789511348
0,0.0,27.025512338070854
0,0.0,27.010510520553648
0,0.0,27.00947682554692
0,0.0,27.000182774501837
0,0.0,26.993693311713862
0,0.0,26.987806672080662
0,0.0,26.985312142052447
0,0.0,26.97886877846808
0,0.0,26.975921459239412
0,0.0,26.96086350062968
0,0.0,26.954357856012734
0,0.0,26.954285697550876
0,0.0,26.95012565793
0,0.0,26.94537022496335
0,0.0,26.92575977500488
0,0.0,26.923177783648093
0,0.0,26.91313306598486
0,0.0,26.903780501529017
0,0.0,26.90277122492681
0,0.0,26.891554303198845
0,0.0,26.89008715883217
0,0.0,26.885508877795743
0,0.0,26.882216730631594
0,0.0,26.878020744843777
0,0.0,26.873478847608517
0,0.0,26.869722321599852
0,0.0,26.86506824608622
0,0.0,26.853724545894455
0,0.0,26.84883044763224
0,0.0,26.811796596658546
0,0.0,26.768458346229384
0,0.0,26.764003148476228
0,0.0,26.757334522263776
0,0.0,26.746962221933284
0,0.0,26.74368977860743
0,0.0,26.74303241606638
0,0.0,26.72496629470186
0,0.0,26.72393113024274
0,0.0,26.72375789061519
0,0.0,26.71326892037049
0,0.0,26.71083230692034
0,0.0,26.7087928043291
0,0.0,26.699659836055464
0,0.0,26.694563795468486
0,0.0,26.677722841978042
0,0.0,26.65037885966902
0,0.0,26.640383909702205
0,0.0,26.614023525588095
0,0.0,26.61208232140576
0,0.0,26.609548980826162
0,0.0,26.608800094958234
0,0.0,26.59931306103381
0,0.0,26.591962858890803
0,0.0,26.58172355948357
0,0.0,26.579713874428673
0,0.0,26.577360531230084
0,0.0,26.56238870161027
0,0.0,26.557886101523287
0,0.0,26.547076015301208
0,0.0,26.540766216985226
0,0.0,26.530337769093773
0,0.0,26.526739531669048
0,0.0,26.526259012247696
0,0.0,26.52572416093522
0,0.0,26.51670092888934
0,0.0,26.505085469362974
0,0.0,26.501441843822775
0,0.0,26.491010070874168
0,0.0,26.4588721427446
0,0.0,26.456842442386563
0,0.0,26.455618742452778
0,0.0,26.451056864956012
0,0.0,26.444662670950052
0,0.0,26.443246675734848
0,0.0,26.433026851630448
0,0.0,26.426008392278494
0,0.0,26.39586695655768
0,0.0,26.393386237991947
0,0.0,26.384762713560917
0,0.0,26.36384148112005
0,0.0,26.363807938810776
0,0.0,26.359477468664004
0,0.0,26.35046539391799
0,0.0,26.34914023621858
0,0.0,26.347174758058138
0,0.0,26.342739017382193
0,0.0,26.33750219092064
0,0.0,26.31089623565205
0,0.0,26.306457855767857
0,0.0,26.299495161482355
0,0.0,26.295921707160435
0,0.0,26.290971149475432
0,0.0,26.275553920950603
0,0.0,26.263788373004356
0,0.0,26.248125669522743
0,0.0,26.23493189533271
0,0.0,26.21560245270076
0,0.0,26.21437298075272
0,0.0,26.21321362550927
0,0.0,26.19253002375098
0,0.0,26.1814419928548
0,0.0,26.132734223543544
0,0.0,26.130543690981618
0,0.0,26.127944061916917
0,0.0,26.11338240537049
0,0.0,26.105063893504617
0,0.0,26.102984546036808
0,0.0,26.101463283243415
0,0.0,26.08099614567896
0,0.0,26.079981988573543
0,0.0,26.061902547539795
0,0.0,26.05300094773861
0,0.0,26.040938850321474
0,0.0,26.00921486501699
0,0.0,26.001256635194935
0,0.0,25.991989682755392
0,0.0,25.984811589827352
0,0.0,25.984302086232343
0,0.0,25.969345369129094
0,0.0,25.95908519999732
0,0.0,25.954331059524634
0,0.0,25.931063262083295
0,0.0,25.92958848392871
0,0.0,25.92933777960744
0,0.0,25.918289219636854
0,0.0,25.91259638763472
0,0.0,25.878640453480497
0,0.0,25.87373181063991
0,0.0,25.872523629743835
0,0.0,25.862078950055263
0,0.0,25.849746738562576
0,0.0,25.842812541401898
0,0.0,25.842516467634002
0,0.0,25.816774702867274
0,0.0,25.816762109573602
0,0.0,25.786964995324357
0,0.0,25.7845126538521
0,0.0,25.78379094488771
0,0.0,25.782186574718395
0,0.0,25.764238080258217
0,0.0,25.74252286941151
0,0.0,25.73384873334478
0,0.0,25.72898929536544
0,0.0,25.728211300355515
0,0.0,25.711126635213446
0,0.0,25.685674972902284
0,0.0,25.67205803447441
0,0.0,25.661696315154245
0,0.0,25.656741876449697
0,0.0,25.655943574282038
0,0.0,25.64860749928765
0,0.0,25.638075441571498
0,0.0,25.633834988545452
0,0.0,25.621880350796967
0,0.0,25.62177131805558
0,0.0,25.61415894006502
0,0.0,25.596006505542505
0,0.0,25.59060611959392
0,0.0,25.580914047021945
0,0.0,25.559589650892317
0,0.0,25.553282745467943
0,0.0,25.55173439253926
0,0.0,25.53633038531741
0,0.0,25.527414181091103
0,0.0,25.521599116060763
0,0.0,25.517279509276126
0,0.0,25.5120194297608
0,0.0,25.511095173668565
0,0.0,25.50285169066785
0,0.0,25.50150064795862
0,0.0,25.497139024349963
0,0.0,25.49205349432965
0,0.0,25.48732154841162
0,0.0,25.48727679223408
0,0.0,25.483263181831095
0,0.0,25.482989486197884
0,0.0,25.477881979852956
0,0.0,25.474787068342113
0,0.0,25.4709625758166
0,0.0,25.467588969351475
0,0.0,25.461948313460056
0,0.0,25.459179082794844
0,0.0,25.450202534657667
0,0.0,25.448086848044447
0,0.0,25.427006507758122
0,0.0,25.41164216155144
0,0.0,25.408800320618578
0,0.0,25.401806895553694
0,0.0,25.385479909969607
0,0.0,25.382577589786813
0,0.0,25.367199014358064
0,0.0,25.367132769948483
0,0.0,25.354411323866962
0,0.0,25.352531912340755
0,0.0,25.345775931547397
0,0.0,25.317597766499873
0,0.0,25.31514116675731
0,0.0,25.302320700963715
0,0.0,25.295869052432014
0,0.0,25.286117780428786
0,0.0,25.278510126544894
0,0.0,25.262031510961936
0,0.0,25.25755098393009
0,0.0,25.248919677847518
0,0.0,25.235862642583022
0,0.0,25.22440860841649
0,0.0,25.223511999442664
0,0.0,25.222009243324173
0,0.0,25.218954947115087
0,0.0,25.214619814238535
0,0.0,25.212817047958264
0,0.0,25.193805712237058
0,0.0,25.17555096294378
0,0.0,25.16865614420787
0,0.0,25.1583745540649
0,0.0,25.15350274174915
0,0.0,25.15188944496251
0,0.0,25.14070742753074
0,0.0,25.13826713704781
0,0.0,25.13240211110463
0,0.0,25.12531004081735
0,0.0,25.123112101449298
0,0.0,25.114029196625278
0,0.0,25.107254989903776
0,0.0,25.093353708810216
0,0.0,25.091946544951103
0,0.0,25.081298496513625
0,0.0,25.06163328521772
0,0.0,25.053778451233608
0,0.0,25.05004057818149
0,0.0,25.0425593223363
0,0.0,25.036599637228505
0,0.0,25.030412650270463
0,0.0,25.02514490881336
0,0.0,25.009460163262162
0,0.0,25.00660188593348
0,0.0,24.999484959144592
0,0.0,24.997018532080258
0,0.0,24.97650158151646
0,0.0,24.9657275470228
0,0.0,24.96326942709935
0,0.0,24.95269926200637
0,0.0,24.944461435407757
0,0.0,24.940608499837023
0,0.0,24.937045301752566
0,0.0,24.931125699282116
0,0.0,24.923796107107062
0,0.0,24.91659561700604
0,0.0,24.913792264880747
0,0.0,24.892177310454493
0,0.0,24.889579359009634
0,0.0,24.883267841456917
0,0.0,24.87869848318816
0,0.0,24.875174136198574
0,0.0,24.873323651833175
0,0.0,24.871921863308636
0,0.0,24.87004027722418
0,0.0,24.86989619880964
0,0.0,24.866709821359102
0,0.0,24.866239046627314
0,0.0,24.852538066910785
0,0.0,24.852450445741596
0,0.0,24.83447979790865
0,0.0,24.82657973122042
0,0.0,24.82336621255579
0,0.0,24.820879227055507
0,0.0,24.804681268077065
0,0.0,24.746506731960718
0,0.0,24.74264769110801
0,0.0,24.72272816387644
0,0.0,24.7173563087916
0,0.0,24.716014227161793
0,0.0,24.708239237695302
0,0.0,24.690972816235206
0,0.0,24.690434611560153
0,0.0,24.684443454651856
0,0.0,24.682111924837113
0,0.0,24.673095934775322
0,0.0,24.66172524394375
0,0.0,24.656486551433133
0,0.0,24.651035979613205
0,0.0,24.64847877366543
0,0.0,24.646315770131064
0,0.0,24.636975761257386
0,0.0,24.635648528503854
0,0.0,24.621489081968733
0,0.0,24.609202132421473
0,0.0,24.597952882091658
0,0.0,24.581531995656153
0,0.0,24.567955514304526
0,0.0,24.566416713359317
0,0.0,24.53817316703304
0,0.0,24.534942064075786
0,0.0,24.53454543864187
0,0.0,24.533632353712612
0,0.0,24.525976272498216
0,0.0,24.525339053885176
0,0.0,24.5249672149811
0,0.0,24.520712588649168
0,0.0,24.519871663738158
0,0.0,24.51969250228853
0,0.0,24.519341560142074
0,0.0,24.511993792791753
0,0.0,24.472822874910445
0,0.0,24.47169255271778
0,0.0,24.46803524527303
0,0.0,24.463373999170233
0,0.0,24.462013823376907
0,0.0,24.461862028136558
0,0.0,24.45485992980524
0,0.0,24.447423225233113
0,0.0,24.43930227395279
0,0.0,24.43174524505153
0,0.0,24.428025156202423
0,0.0,24.425558043954076
0,0.0,24.42300897568267
0,0.0,24.395622951487002
0,0.0,24.394906712783595
0,0.0,24.387586718082567
0,0.0,24.387232407211997
0,0.0,24.3789819805564
0,0.0,24.362665189706377
0,0.0,24.356991491637103
0,0.0,24.349564878713245
0,0.0,24.346348653857266
0,0.0,24.342294384769943
0,0.0,24.338528866532155
0,0.0,24.335735938966742
0,0.0,24.328009416065765
0,0.0,24.305728553548974
0,0.0,24.28221095390033
0,0.0,24.277149351077938
0,0.0,24.26652214605382
0,0.0,24.262235756235594
0,0.0,24.259451974439738
0,0.0,24.258379610927953
0,0.0,24.24425293670368
0,0.0,24.23970259300068
0,0.0,24.2360679773615
0,0.0,24.234778482217745
0,0.0,24.231013480326215
0,0.0,24.227664682626088
0,0.0,24.207997858386364
0,0.0,24.190484973285784
0,0.0,24.189785179137335
0,0.0,24.181010846826613
0,0.0,24.17410832455202
0,0.0,24.1526681639036
0,0.0,24.15205913736621
0,0.0,24.14612513642527
0,0.0,24.138040169600938
0,0.0,24.137366371376466
0,0.0,24.136961113947578
0,0.0,24.135961597971793
0,0.0,24.1325729436658
0,0.0,24.131444199584717
0,0.0,24.111885909858177
0,0.0,24.107506926450924
0,0.0,24.106841080968465
0,0.0,24.105873176883783
0,0.0,24.08950772075623
0,0.0,24.08485260186634
0,0.0,24.07540055042232
0,0.0,24.06602394491962
0,0.0,24.06186039841311
0,0.0,24.059213188732713
0,0.0,24.058819041434326
0,0.0,24.056238103228985
0,0.0,24.047881980816555
0,0.0,24.045597265527437
0,0.0,24.04060576385276
0,0.0,24.0355726583867
0,0.0,24.02450742924383
0,0.0,24.021806233803517
0,0.0,23.990726838141352
0,0.0,23.986421944863558
0,0.0,23.98249407378188
0,0.0,23.981891790863905
0,0.0,23.956899848640884
0,0.0,23.951675192937913
0,0.0,23.94301968375505
0,0.0,23.935030373571767
0,0.0,23.930872850507296
0,0.0,23.913687963510665
0,0.0,23.913436370008156
0,0.0,23.91152338863786
0,0.0,23.902688420845465
0,0.0,23.87582152665287
0,0.0,23.868391776959967
0,0.0,23.8652849653983
0,0.0,23.863733784186845
0,0.0,23.860195920871625
0,0.0,23.847150415935843
0,0.0,23.843548616714944
0,0.0,23.8322690073232
0,0.0,23.809688344417008
0,0.0,23.807037387117084
0,0.0,23.80531583587909
0,0.0,23.788287414563694
0,0.0,23.78270349618586
0,0.0,23.782514590748736
0,0.0,23.781305864889802
0,0.0,23.778018163643964
0,0.0,23.771946887042073
0,0.0,23.767248984711774
0,0.0,23.748303397714924
0,0.0,23.74316561499058
0,0.0,23.74263553961377
0,0.0,23.742473888900783
0,0.0,23.73517643508088
0,0.0,23.709496465533697
0,0.0,23.70633665863792
0,0.0,23.702441033252867
0,0.0,23.694830826168797
0,0.0,23.69367706281585
0,0.0,23.69231789596223
0,0.0,23.690300359592165
0,0.0,23.685234154476937
0,0.0,23.67972427324141
0,0.0,23.660237914449805
0,0.0,23.659134402283097
0,0.0,23.655172333989697
0,0.0,23.642725978188775
0,0.0,23.63852853271248
0,0.0,23.637161272023583
0,0.0,23.627203190807872
0,0.0,23.6232335077321
0,0.0,23.60975868021202
0,0.0,23.595746978830768
0,0.0,23.59298613902163
0,0.0,23.590605131375362
0,0.0,23.588284995250778
0,0.0,23.576947816605067
0,0.0,23.5746374860198
0,0.0,23.56721927747801
0,0.0,23.560814090009668
0,0.0,23.559308169174063
0,0.0,23.548935107163373
0,0.0,23.544525289990016
0,0.0,23.53484226365771
0,0.0,23.527782297846883
0,0.0,23.527374004039167
0,0.0,23.522019436293867
0,0.0,23.52016284937864
0,0.0,23.508390288879202
0,0.0,23.50826914134806
0,0.0,23.505766399324333
0,0.0,23.49570007536713
0,0.0,23.48772135508146
0,0.0,23.484925123335746
0,0.0,23.475474446126956
0,0.0,23.462739571384166
0,0.0,23.461925356688578
0,0.0,23.456081736500398
0,0.0,23.45421247659022
0,0.0,23.4476766873272
0,0.0,23.43579279301781
0,0.0,23.43289265078392
0,0.0,23.425990886528076
0,0.0,23.421101328391245
0,0.0,23.413991984083413
0,0.0,23.396589726706093
0,0.0,23.39442943132544
0,0.0,23.389601395822524
0,0.0,23.378221518497067
0,0.0,23.371428586944266
0,0.0,23.36824533885903
0,0.0,23.366170561966843
0,0.0,23.362421095306704
0,0.0,23.359172719187775
0,0.0,23.33448336675357
0,0.0,23.330746574861912
0,0.0,23.32819715252265
0,0.0,23.313221928039436
0,0.0,23.305632189049895
0,0.0,23.30065161469239
0,0.0,23.29964757528089
0,0.0,23.278818825489058
0,0.0,23.264955138858962
0,0.0,23.252489190324226
0,0.0,23.23309194481151
0,0.0,23.23110693173057
0,0.0,23.230931679059115
0,0.0,23.22929745020796
0,0.0,23.217477329562353
0,0.0,23.21578243742708
0,0.0,23.210296354924385
0,0.0,23.206723175581086
0,0.0,23.205109673829963
0,0.0,23.18848880330242
0,0.0,23.186101235188705
0,0.0,23.184350798752057
0,0.0,23.178973783546823
0,0.0,23.16542378124423
0,0.0,23.155311020177635
0,0.0,23.14849491006277
0,0.0,23.146045447031714
0,0.0,23.140823981674373
0,0.0,23.13662758439603
0,0.0,23.125673621426014
0,0.0,23.120208312870886
0,0.0,23.11969526332897
0,0.0,23.11897991511272
0,0.0,23.105064504963764
0,0.0,23.102967833428185
0,0.0,23.09318777626608
0,0.0,23.092887743897293
0,0.0,23.082611319236772
0,0.0,23.075927680988563
0,0.0,23.064022982217853
0,0.0,23.05068058568855
0,0.0,23.03514069928795
0,0.0,23.022473030972765
0,0.0,23.000119695491335
0,0.0,22.993042243911614
0,0.0,22.9807727129007
0,0.0,22.978122493641784
0,0.0,22.974926017974994
0,0.0,22.973051461483948
0,0.0,22.97203888506636
0,0.0,22.970621090129722
0,0.0,22.94148955437638
0,0.0,22.9300150700935
0,0.0,22.9216386477433
0,0.0,22.913351055277893
0,0.0,22.882481456136055
0,0.0,22.863539042991768
0,0.0,22.854241149550116
0,0.0,22.852767329424847
0,0.0,22.848043414252242
0,0.0,22.846819274048187
0,0.0,22.832581258547588
0,0.0,22.831098302147286
0,0.0,22.83053530104897
0,0.0,22.796064250735224
0,0.0,22.790737448847786
0,0.0,22.78951082338332
0,0.0,22.788505046890666
0,0.0,22.763035349126174
0,0.0,22.756779676287817
0,0.0,22.750200272134457
0,0.0,22.742537021604118
0,0.0,22.736977396324136
0,0.0,22.736139744951313
0,0.0,22.731275661670693
0,0.0,22.729864878570286
0,0.0,22.722295603646305
0,0.0,22.715936500604627
0,0.0,22.710409651450924
0,0.0,22.70322100156608
0,0.0,22.691775866626518
0,0.0,22.660482180857205
0,0.0,22.658559823647916
0,0.0,22.654616870096717
0,0.0,22.649923713398216
0,0.0,22.643067793888378
0,0.0,22.641432159413583
0,0.0,22.63383963296347
0,0.0,22.615510695227066
0,0.0,22.615025022479095
0,0.0,22.614523631481287
0,0.0,22.611370806434618
0,0.0,22.605446070621557
0,0.0,22.59113888956232
0,0.0,22.58391039092052
0,0.0,22.577090448730413
0,0.0,22.562205926351275
0,0.0,22.548601341498053
0,0.0,22.53100090705623
0,0.0,22.528483053916865
0,0.0,22.52804634538467
0,0.0,22.524160002668033
0,0.0,22.511222350794867
0,0.0,22.50146540750275
0,0.0,22.493494610348275
0,0.0,22.485412216123628
0,0.0,22.472232267236794
0,0.0,22.464610903734652
0,0.0,22.456613163300762
0,0.0,22.45372143229609
0,0.0,22.449773428426326
0,0.0,22.44751706394887
0,0.0,22.434430385315345
0,0.0,22.433701560087023
0,0.0,22.433592280279466
0,0.0,22.427717059999164
0,0.0,22.426091432311292
0,0.0,22.42595085036679
0,0.0,22.42452652029203
0,0.0,22.423128353886927
0,0.0,22.417383728551822
0,0.0,22.406526860141877
0,0.0,22.396264919945498
0,0.0,22.39535801505582
0,0.0,22.391678267595918
0,0.0,22.378992251579135
0,0.0,22.377181741920413
0,0.0,22.37318574823409
0,0.0,22.37008944325306
0,0.0,22.361969543105843
0,0.0,22.36095599137679
0,0.0,22.35605209087328
0,0.0,22.355798770949544
0,0.0,22.353686421382555
0,0.0,22.34114045688712
0,0.0,22.33843119109982
0,0.0,22.333815856361216
0,0.0,22.321923752237
0,0.0,22.319214128330838
0,0.0,22.294207755974842
0,0.0,22.2917766342321
0,0.0,22.287962027559207
0,0.0,22.282818727032883
0,0.0,22.278172163571035
0,0.0,22.27489925124987
0,0.0,22.270101457561623
0,0.0,22.247034695690154
0,0.0,22.24578322193188
0,0.0,22.240129826993865
0,0.0,22.231935093248172
0,0.0,22.231564177258342
0,0.0,22.231159919804696
0,0.0,22.227290953364896
0,0.0,22.226986352614425
0,0.0,22.22378018879762
0,0.0,22.222860531159814
0,0.0,22.197494765226605
0,0.0,22.19477335484233
0,0.0,22.187313446878655
0,0.0,22.187023054096624
0,0.0,22.16704494891846
0,0.0,22.157673370620238
0,0.0,22.157506255331157
0,0.0,22.153706266444637
0,0.0,22.153403536863042
0,0.0,22.1442134056645
0,0.0,22.14175388648565
0,0.0,22.126194958044767
0,0.0,22.105820919220893
0,0.0,22.092823323383282
0,0.0,22.091465155329345
0,0.0,22.083756695445057
0,0.0,22.082704383674024
0,0.0,22.08120834380031
0,0.0,22.07946610536256
0,0.0,22.063214666280125
0,0.0,22.06062156237136
0,0.0,22.055933573549627
0,0.0,22.054764546399245
0,0.0,22.05450696317372
0,0.0,22.05281918289105
0,0.0,22.050357538515023
0,0.0,22.03767929695921
0,0.0,22.01414659195863
0,0.0,22.00839085322737
0,0.0,22.00736629874791
0,0.0,21.991599646195066
0,0.0,21.981895745705042
0,0.0,21.973384579527604
0,0.0,21.969161894563715
0,0.0,21.96671865461259
0,0.0,21.96271493220539
0,0.0,21.94930874550131
0,0.0,21.941096517905855
0,0.0,21.9384527817989
0,0.0,21.934593737005724
0,0.0,21.933398406568337
0,0.0,21.91798919253935
0,0.0,21.899625954021
0,0.0,21.89714515886449
0,0.0,21.890944739097094
0,0.0,21.8743830774616
0,0.0,21.87383067230699
0,0.0,21.870431948493717
0,0.0,21.85327284138103
0,0.0,21.844386491341048
0,0.0,21.819715453955233
0,0.0,21.819294908077158
0,0.0,21.81896748255161
0,0.0,21.811832568711164
0,0.0,21.810160108914754
0,0.0,21.796834297977146
0,0.0,21.794969827046994
0,0.0,21.79252110746844
0,0.0,21.787212743841273
0,0.0,21.75900200882736
0,0.0,21.75738114590979
0,0.0,21.754453038620788
0,0.0,21.748544339944395
0,0.0,21.747082821065053
0,0.0,21.74536432664323
0,0.0,21.740787025496896
0,0.0,21.73260005936905
0,0.0,21.73148566541368
0,0.0,21.720603284532075
0,0.0,21.718351455417327
0,0.0,21.71011791777212
0,0.0,21.701550042120644
0,0.0,21.70145396693109
0,0.0,21.695230268289002
0,0.0,21.689318848277814
0,0.0,21.68074818351631
0,0.0,21.6744702445742
0,0.0,21.66803552970485
0,0.0,21.665458685468153
0,0.0,21.65198196151562
0,0.0,21.642636616069634
0,0.0,21.636630266157646
0,0.0,21.629753835551284
0,0.0,21.60806780702698
0,0.0,21.605007367624722
0,0.0,21.600916075990803
0,0.0,21.599413269506158
0,0.0,21.586799817421387
0,0.0,21.586161450972725
0,0.0,21.58125710077857
0,0.0,21.575813157498963
0,0.0,21.570986640710846
0,0.0,21.56143169902638
0,0.0,21.55345622291774
0,0.0,21.55004379313933
0,0.0,21.54897180476177
0,0.0,21.548345397573836
0,0.0,21.54448214525569
0,0.0,21.542862202049914
0,0.0,21.53946986557404
0,0.0,21.53880192142054
0,0.0,21.537354423145214
0,0.0,21.533935071196517
0,0.0,21.512299157148007
0,0.0,21.51152685204891
0,0.0,21.506126613746744
0,0.0,21.499966815640768
0,0.0,21.495467868565928
0,0.0,21.495103803917953
0,0.0,21.482883010716716
0,0.0,21.4761881194599
0,0.0,21.467286012469284
0,0.0,21.463184773310033
0,0.0,21.45853301296365
0,0.0,21.42705389476755
0,0.0,21.421824470903083
0,0.0,21.421171348148142
0,0.0,21.420209308077
0,0.0,21.416729491773904
0,0.0,21.412237964758685
0,0.0,21.398037727341652
0,0.0,21.394615314890572
0,0.0,21.37242823973877
0,0.0,21.36458039787577
0,0.0,21.36433146168902
0,0.0,21.352499277539984
0,0.0,21.347589578218706
0,0.0,21.34585879793579
0,0.0,21.33892283539793
0,0.0,21.33232152857579
0,0.0,21.330773555000555
0,0.0,21.327393943579224
0,0.0,21.310686878313412
0,0.0,21.304427997998555
0,0.0,21.302172523808373
0,0.0,21.290795557465934
0,0.0,21.28999289560035
0,0.0,21.27835082178245
0,0.0,21.272817819309676
0,0.0,21.26317480367572
0,0.0,21.25238942980733
0,0.0,21.245692379991688
0,0.0,21.243360449323685
0,0.0,21.230373670113682
0,0.0,21.22258868666691
0,0.0,21.21921544152906
0,0.0,21.20318738084347
0,0.0,21.20189685490999
0,0.0,21.187931691279537
0,0.0,21.187399988895027
0,0.0,21.183644307604975
0,0.0,21.176468920885263
0,0.0,21.16800064455587
0,0.0,21.166260839748844
0,0.0,21.161504503849354
0,0.0,21.14488182681244
0,0.0,21.13877043798387
0,0.0,21.12972588100331
0,0.0,21.122552557813705
0,0.0,21.11021214034074
0,0.0,21.108560637700673
0,0.0,21.097244188960694
0,0.0,21.092948515744713
0,0.0,21.088286536968816
0,0.0,21.07265127008152
0,0.0,21.060667204339886
0,0.0,21.049996650387612
0,0.0,21.0443529424043
0,0.0,21.043109950996502
0,0.0,21.04075200622992
0,0.0,21.040613188145965
0,0.0,21.040157574853698
0,0.0,21.03641893286086
0,0.0,21.036022706877965
0,0.0,21.0316864675131
0,0.0,21.030573847745696
0,0.0,21.030027017858476
0,0.0,21.027017704185223
0,0.0,21.024196376068463
0,0.0,21.022794954074847
0,0.0,21.019926746081836
0,0.0,21.017859495627842
0,0.0,21.0039266977334
0,0.0,21.00344426213668
0,0.0,20.99840071644737
0,0.0,20.989467122103065
0,0.0,20.985984243587165
0,0.0,20.985083738473982
0,0.0,20.97808653274571
0,0.0,20.960274325093636
0,0.0,20.95582907691266
0,0.0,20.92915187166136
0,0.0,20.907591782687152
0,0.0,20.904826502686088
0,0.0,20.866047916519662
0,0.0,20.85956770431226
0,0.0,20.85448488847626
0,0.0,20.854236750029635
0,0.0,20.840787703906468
0,0.0,20.840314857925783
0,0.0,20.82471185610832
0,0.0,20.8035813884068
0,0.0,20.800075556801996
0,0.0,20.772844361276324
0,0.0,20.76800131285403
0,0.0,20.766096779704835
0,0.0,20.758291900267626
0,0.0,20.753540876216594
0,0.0,20.753532729401023
0,0.0,20.73573153683624
0,0.0,20.727510148108756
0,0.0,20.71351018123774
0,0.0,20.712978889247932
0,0.0,20.706684745132502
0,0.0,20.704145618417197
0,0.0,20.692045853849383
0,0.0,20.670777341316803
0,0.0,20.66918349901317
0,0.0,20.666646587449286
0,0.0,20.657226834636045
0,0.0,20.637395241654303
0,0.0,20.624078278609243
0,0.0,20.619033530348677
0,0.0,20.614917873718067
0,0.0,20.594166719100855
0,0.0,20.592120000649363
0,0.0,20.58908608208146
0,0.0,20.585024980780055
0,0.0,20.57907811799248
0,0.0,20.57695436253577
0,0.0,20.575977293399326
0,0.0,20.559381214597916
0,0.0,20.516320177412847
0,0.0,20.515425570310377
0,0.0,20.51127873486143
0,0.0,20.48319385712377
0,0.0,20.482832012010178
0,0.0,20.479789595121087
0,0.0,20.452817524954707
0,0.0,20.438461861158228
0,0.0,20.438004714691868
0,0.0,20.424103665000715
0,0.0,20.423766303528843
0,0.0,20.422622953004403
0,0.0,20.42048740278189
0,0.0,20.413209290261268
0,0.0,20.409539118861346
0,0.0,20.40452046986333
0,0.0,20.38198512249603
0,0.0,20.364526136706974
0,0.0,20.360689605795855
0,0.0,20.35701426279694
0,0.0,20.34773329705891
0,0.0,20.346782242009677
0,0.0,20.3465994978557
0,0.0,20.346200067063464
0,0.0,20.343630480209043
0,0.0,20.33489314155726
0,0.0,20.325112990349353
0,0.0,20.311866176280287
0,0.0,20.30120759505133
0,0.0,20.29705850451961
0,0.0,20.296149113647374
0,0.0,20.293603738628743
0,0.0,20.289480406037818
0,0.0,20.287138517846163
0,0.0,20.284320314260523
0,0.0,20.267600541830333
0,0.0,20.25958501384271
0,0.0,20.25555810157745
0,0.0,20.248552376827003
0,0.0,20.248347735423934
0,0.0,20.244450616834495
0,0.0,20.235863448604963
0,0.0,20.23240984511542
0,0.0,20.226496321848355
0,0.0,20.226288417956333
0,0.0,20.222201885290705
0,0.0,20.20513148155455
0,0.0,20.204547581155833
0,0.0,20.20150642451193
0,0.0,20.199276220174166
0,0.0,20.194577158986572
0,0.0,20.191972446337946
0,0.0,20.191812353473026
0,0.0,20.17970878104188
0,0.0,20.170894982049223
0,0.0,20.163053683013185
0,0.0,20.150837793984362
0,0.0,20.13075289026243
0,0.0,20.121869229865666
0,0.0,20.10884694137531
0,0.0,20.101957704642913
0,0.0,20.0920564328819
0,0.0,20.088741679604954
0,0.0,20.073300964825673
0,0.0,20.072857414784053
0,0.0,20.07095864772389
0,0.0,20.069482550490527
0,0.0,20.06548419766153
0,0.0,20.05125295118307
0,0.0,20.049966113122323
0,0.0,20.0438040349038
0,0.0,20.041193578588256
0,0.0,20.002556993229685
0,0.0,19.99717087452929
0,0.0,19.995321879321125
0,0.0,19.982451472360072
0,0.0,19.956157152077008
0,0.0,19.95467778271338
0,0.0,19.94007152701403
0,0.0,19.939392694776107
0,0.0,19.938132642777198
0,0.0,19.93384829624698
0,0.0,19.912914759716973
0,0.0,19.90347506123949
0,0.0,19.898240678553854
0,0.0,19.88096489620922
0,0.0,19.87683888040332
0,0.0,19.874899970125423
0,0.0,19.86518330711392
0,0.0,19.864936582775258
0,0.0,19.86202083980099
0,0.0,19.860696134204705
0,0.0,19.85496072576449
0,0.0,19.84733808937357
0,0.0,19.81974737919119
0,0.0,19.81740761373709
0,0.0,19.802560680601477
0,0.0,19.799499309270416
0,0.0,19.780382226696588
0,0.0,19.777825483773004
0,0.0,19.7775700774221
0,0.0,19.766255336439766
0,0.0,19.761204514796354
0,0.0,19.75064187941898
0,0.0,19.743921163935507
0,0.0,19.740707109056796
0,0.0,19.718203394451773
0,0.0,19.711980679618886
0,0.0,19.708280353543195
0,0.0,19.700344868076165
0,0.0,19.69360731630199
0,0.0,19.672077594273908
0,0.0,19.66422761308049
0,0.0,19.638201492111353
0,0.0,19.637314919802705
0,0.0,19.636638433871724
0,0.0,19.63614423352851
0,0.0,19.635458292792848
0,0.0,19.629996906369154
0,0.0,19.613353265078906
0,0.0,19.588637262793988
0,0.0,19.585113912609614
0,0.0,19.57733855061936
0,0.0,19.552927396281696
0,0.0,19.533963543294668
0,0.0,19.527416671764254
0,0.0,19.52461601394843
0,0.0,19.510184781194233
0,0.0,19.505799743028284
0,0.0,19.502133406951447
0,0.0,19.500249849582318
0,0.0,19.46862770720527
0,0.0,19.46801273393982
0,0.0,19.4668719082186
0,0.0,19.463640038509308
0,0.0,19.462426735157685
0,0.0,19.448662310064528
0,0.0,19.44450224808898
0,0.0,19.443280115745843
0,0.0,19.425433518692017
0,0.0,19.415692583333733
0,0.0,19.376530222599932
0,0.0,19.364872057463216
0,0.0,19.344173495789285
0,0.0,19.33814193754126
0,0.0,19.32717652661367
0,0.0,19.326665235743807
0,0.0,19.323153024258062
0,0.0,19.31816305987449
0,0.0,19.305392752765915
0,0.0,19.304540066308487
0,0.0,19.296309094249814
0,0.0,19.29368008161731
0,0.0,19.28479956535954
0,0.0,19.235321290104874
0,0.0,19.228344904133603
0,0.0,19.21920205460511
0,0.0,19.218974149746398
0,0.0,19.20561838895812
0,0.0,19.184313156341524
0,0.0,19.180834331500666
0,0.0,19.15228878569404
0,0.0,19.1497136243218
0,0.0,19.14496184099921
0,0.0,19.140771109187057
0,0.0,19.111079273397777
0,0.0,19.092703943616275
0,0.0,19.089814009003394
0,0.0,19.085544510621762
0,0.0,19.071025091828194
0,0.0,19.061613608266402
0,0.0,19.056991839288358
0,0.0,19.055384838625432
0,0.0,19.04785082423484
0,0.0,19.04503590147581
0,0.0,19.04388304073605
0,0.0,19.019592657375227
0,0.0,19.012036346277426
0,0.0,18.994058979649985
0,0.0,18.98514641666942
0,0.0,18.96528494919276
0,0.0,18.95800511113378
0,0.0,18.95016933544485
0,0.0,18.94311477905229
0,0.0,18.93624828824117
0,0.0,18.93323012760769
0,0.0,18.915439716823464
0,0.0,18.900086831801868
0,0.0,18.882708380412936
0,0.0,18.864646699916754
0,0.0,18.842308031438357
0,0.0,18.821962691275015
0,0.0,18.819962730099974
0,0.0,18.819130727838626
0,0.0,18.81896228039019
0,0.0,18.81558234548398
0,0.0,18.813829850765586
0,0.0,18.80563061956204
0,0.0,18.800516307421123
0,0.0,18.79173404863462
0,0.0,18.78703453787382
0,0.0,18.777045019716308
0,0.0,18.775963488868403
0,0.0,18.722637385503948
0,0.0,18.71824891337162
0,0.0,18.715244847951727
0,0.0,18.704391384445536
0,0.0,18.704286683569695
0,0.0,18.69447400600961
0,0.0,18.687140487214847
0,0.0,18.684140432817212
0,0.0,18.680792348229865
0,0.0,18.67671518537018
0,0.0,18.654881038810107
0,0.0,18.65341255773295
0,0.0,18.650129408518577
0,0.0,18.64907082340228
0,0.0,18.61857363150742
0,0.0,18.615464034554865
0,0.0,18.614483486970123
0,0.0,18.598443251721662
0,0.0,18.586880252554007
0,0.0,18.584832857076147
0,0.0,18.57776288774715
0,0.0,18.548231343351866
0,0.0,18.542027199244174
0,0.0,18.54004714563913
0,0.0,18.524712023954347
0,0.0,18.524574230580708
0,0.0,18.500613874744992
0,0.0,18.49560776547331
0,0.0,18.48343176758309
0,0.0,18.478133924187226
0,0.0,18.457336586490634
0,0.0,18.447427717560135
0,0.0,18.44534360097953
0,0.0,18.443020391089885
0,0.0,18.434851755717304
0,0.0,18.425189282257307
0,0.0,18.416686969081177
0,0.0,18.415608499865325
0,0.0,18.403621752638713
0,0.0,18.39806867597731
0,0.0,18.378355996605947
0,0.0,18.35389003758481
0,0.0,18.34428937809089
0,0.0,18.311590831547544
0,0.0,18.30300189285603
0,0.0,18.277648980948634
0,0.0,18.275831227828053
0,0.0,18.263062606568333
0,0.0,18.20652581823896
0,0.0,18.196293563537964
0,0.0,18.19049953828595
0,0.0,18.188382305849156
0,0.0,18.18669452384252
0,0.0,18.176489119737393
0,0.0,18.17313443059887
0,0.0,18.163229397539897
0,0.0,18.158815651407853
0,0.0,18.147217810719948
0,0.0,18.13524878653017
0,0.0,18.120204745082805
0,0.0,18.118977901975033
0,0.0,18.112314431177328
0,0.0,18.10370129264801
0,0.0,18.072497915417628
0,0.0,18.067531737774804
0,0.0,18.06582561388528
0,0.0,18.04457624849117
0,0.0,18.04247305013929
0,0.0,18.032967838972212
0,0.0,18.02609064084391
0,0.0,18.011230007967445
0,0.0,18.00799173120255
0,0.0,17.99203314896158
0,0.0,17.988918213364165
0,0.0,17.981377098144673
0,0.0,17.95700437657229
0,0.0,17.948948821636254
0,0.0,17.94893692767198
0,0.0,17.927095923570267
0,0.0,17.92233578162715
0,0.0,17.914500083618318
0,0.0,17.913842260507447
0,0.0,17.91181482506916
0,0.0,17.902341946189985
0,0.0,17.87434465768952
0,0.0,17.86014093814803
0,0.0,17.853848946303525
0,0.0,17.8420731014821
0,0.0,17.839978323314657
0,0.0,17.82399638474339
0,0.0,17.818014035292062
0,0.0,17.803285954116983
0,0.0,17.781260151548203
0,0.0,17.762354456176304
0,0.0,17.76027056543288
0,0.0,17.748628985277577
0,0.0,17.746066413951084
0,0.0,17.744906762074944
0,0.0,17.727850136590412
0,0.0,17.72066627737991
0,0.0,17.706057286920302
0,0.0,17.704717317668525
0,0.0,17.69931656591325
0,0.0,17.69929678581848
0,0.0,17.698744893204534
0,0.0,17.680663635088372
0,0.0,17.658746017453808
0,0.0,17.65024394670699
0,0.0,17.63477629868438
0,0.0,17.624582866590575
0,0.0,17.616611755951205
0,0.0,17.55715552303689
0,0.0,17.52678325386126
0,0.0,17.525348332350312
0,0.0,17.51384447039696
0,0.0,17.513225023548152
0,0.0,17.491445306817017
0,0.0,17.48275366001762
0,0.0,17.478919932941338
0,0.0,17.45518975857036
0,0.0,17.408595101875928
0,0.0,17.40850151137567
0,0.0,17.397338475778373
0,0.0,17.390865066162913
0,0.0,17.387703587055107
0,0.0,17.376293138603277
0,0.0,17.37248512838846
0,0.0,17.35350507531891
0,0.0,17.346761140810425
0,0.0,17.335579216945327
0,0.0,17.327774055828854
0,0.0,17.32393142107839
0,0.0,17.320198567244848
0,0.0,17.317295154150177
0,0.0,17.31690804196185
0,0.0,17.308600589053484
0,0.0,17.265246662295386
0,0.0,17.23489186670351
0,0.0,17.22532530336929
0,0.0,17.20635147604373
0,0.0,17.168155283372414
0,0.0,17.158943838054977
0,0.0,17.133888360829065
0,0.0,17.11900515111343
0,0.0,17.094830201807937
0,0.0,17.09081661725075
0,0.0,17.089897653614756
0,0.0,17.087672252339857
0,0.0,17.08622716871462
0,0.0,17.06680833743602
0,0.0,17.04771781867125
0,0.0,17.036277292309403
0,0.0,17.035332374087677
0,0.0,17.03424386304548
0,0.0,16.98923853296838
0,0.0,16.974891606751644
0,0.0,16.965521555028875
0,0.0,16.948215721174456
0,0.0,16.941985095495266
0,0.0,16.91507457698501
0,0.0,16.9102911558775
0,0.0,16.89874426491531
0,0.0,16.885432230111864
0,0.0,16.846998261953363
0,0.0,16.817986007761622
0,0.0,16.813310526735048
0,0.0,16.802727808041613
0,0.0,16.76820363266096
0,0.0,16.764014244586384
0,0.0,16.756460071641207
0,0.0,16.721655898358392
0,0.0,16.712358076040623
0,0.0,16.70076659242236
0,0.0,16.687877648587065
0,0.0,16.657136279142943
0,0.0,16.62738783652275
0,0.0,16.6067639588467
0,0.0,16.605854569258625
0,0.0,16.58285546910032
0,0.0,16.575280516373756
0,0.0,16.560823801907713
0,0.0,16.52332106099862
0,0.0,16.514156324232196
0,0.0,16.492954973242526
0,0.0,16.48841399960956
0,0.0,16.478861565853766
0,0.0,16.45071425534115
0,0.0,16.449998521049157
0,0.0,16.430565540984833
0,0.0,16.40101700244823
0,0.0,16.38419854280329
0,0.0,16.369832626380074
0,0.0,16.324977076171436
0,0.0,16.305074491550123
0,0.0,16.304966325660743
0,0.0,16.303903270756383
0,0.0,16.297594274716765
0,0.0,16.266070361600118
0,0.0,16.265756038380626
0,0.0,16.244350533100363
0,0.0,16.23233682760155
0,0.0,16.217395027414156
0,0.0,16.210425370692974
0,0.0,16.204662664455345
0,0.0,16.189466439124914
0,0.0,16.188944405324936
0,0.0,16.165553738281993
0,0.0,16.14546831341345
0,0.0,16.134149194398802
0,0.0,16.11763874841471
0,0.0,16.10765885204404
0,0.0,16.106220049464056
0,0.0,16.08990898321131
0,0.0,16.089278686028152
0,0.0,16.076165516277094
0,0.0,16.06020641323381
0,0.0,16.032637707836805
0,0.0,16.010370146717257
0,0.0,16.009039370375113
0,0.0,15.997364356038341
0,0.0,15.994470979301228
0,0.0,15.983281487288123
0,0.0,15.963121318989309
0,0.0,15.958792685247664
0,0.0,15.938524517894372
0,0.0,15.928819868442725
0,0.0,15.9157986783644
0,0.0,15.852926408006311
0,0.0,15.8476620293281
0,0.0,15.808984890088333
0,0.0,15.80165463312174
0,0.0,15.79453751670832
0,0.0,15.793505781235483
0,0.0,15.729812355851188
0,0.0,15.726288639267478
0,0.0,15.725308264254682
0,0.0,15.709287874338328
0,0.0,15.700290909907256
0,0.0,15.659706499828829
0,0.0,15.644915550106894
0,0.0,15.616925466043785
0,0.0,15.578574842541737
0,0.0,15.562715359507134
0,0.0,15.527303559137565
0,0.0,15.514630044857872
0,0.0,15.504480370317635
0,0.0,15.500214218280982
0,0.0,15.495682090479399
0,0.0,15.49331918877674
0,0.0,15.482843550974774
0,0.0,15.480113534583436
0,0.0,15.4719021717135
0,0.0,15.468162555804266
0,0.0,15.437142832220452
0,0.0,15.42163049224646
0,0.0,15.395944781913796
0,0.0,15.380673874782287
0,0.0,15.341047724978244
0,0.0,15.306357035880529
0,0.0,15.2811663071367
0,0.0,15.239349640486349
0,0.0,15.195739564825963
0,0.0,15.168554622394831
0,0.0,15.15959134607566
0,0.0,15.150239256258786
0,0.0,15.077393331472289
0,0.0,15.070031578822563
0,0.0,15.058590550892431
0,0.0,15.04923708601852
0,0.0,14.956327095039585
0,0.0,14.945544251050826
0,0.0,14.876586192761653
0,0.0,14.86664674895825
0,0.0,14.860226653132376
0,0.0,14.844622290835023
0,0.0,14.832449854599801
0,0.0,14.759463354651572
0,0.0,14.744387548059603
0,0.0,14.72800840955755
0,0.0,14.691162204305407
0,0.0,14.662615113341538
0,0.0,14.649687079503632
0,0.0,14.518030685842637
0,0.0,14.489267591777848
0,0.0,14.450494922652581
0,0.0,14.433931175722762
0,0.0,14.386449997377104
0,0.0,14.340090086886377
0,0.0,14.326565356129397
0,0.0,14.28967202941834
0,0.0,14.207777813897062
0,0.0,14.121634153750152
0,0.0,14.090509680811085
0,0.0,14.05169331116186
0,0.0,14.047947091588956
0,0.0,13.996809205062057
0,0.0,13.958445922909052
0,0.0,13.944577381428655
0,0.0,13.913012231700115
0,0.0,13.912270092344697
0,0.0,13.910282940510836
0,0.0,13.827342081373555
0,0.0,13.810188079176525
0,0.0,13.748508720103613
0,0.0,13.718487891219148
0,0.0,13.668730588135087
0,0.0,13.625453139127218
0,0.0,13.623215176801208
0,0.0,13.618241007338709
0,0.0,13.610251999884687
0,0.0,13.59623321691345
0,0.0,13.55302116161263
0,0.0,13.54681569627568
0,0.0,13.546291439293904
0,0.0,13.488105776967096
0,0.0,13.480996339027417
0,0.0,13.472232903714344
0,0.0,13.414373227056267
0,0.0,13.344023091756005
0,0.0,13.300454996000864
0,0.0,13.251793364010451
0,0.0,13.248229450640403
0,0.0,13.132579068703542
0,0.0,13.110417724215807
0,0.0,12.957666224741523
0,0.0,12.955709036426759
0,0.0,12.933886730777461
0,0.0,12.896325745215306
0,0.0,12.821886484508328
0,0.0,12.716794404401853
0,0.0,12.667997986070084
0,0.0,12.662954482923222
0,0.0,12.537554926249049
0,0.0,12.533760955316213
0,0.0,12.506691959933445
0,0.0,12.443920900328312
0,0.0,12.404990866760242
0,0.0,12.067674324484713
0,0.0,11.907791694779451
0,0.0,11.872101264182318
0,0.0,11.86458444600637
0,0.0,11.739067800926732
0,0.0,11.665733533468135
0,0.0,11.644740320156217
0,0.0,11.604699305378897
0,0.0,11.498822975235974
0,0.0,11.483391922828801
0,0.0,11.341535702138055
0,0.0,11.299540559594403
0,0.0,11.272458617767269
0,0.0,11.119693733218975
0,0.0,10.675380577954565
0,0.0,10.572710558086337
0,0.0,10.442386646428877
0,0.0,10.181123795181316
0,0.0,10.095491743882523
0,0.0,10.05965271205482
0,0.0,8.006300369123283
