,Carcinoma_AGSCC_2_10_tumorales_linfoides.csv,Carcinoma_AGSCC_2_11_tumorales_linfoides.csv,Carcinoma_AGSCC_2_12_tumorales_linfoides.csv,Carcinoma_AGSCC_2_13_tumorales_linfoides.csv,Carcinoma_AGSCC_2_14_tumorales_linfoides.csv,Carcinoma_AGSCC_2_15_tumorales_linfoides.csv,Carcinoma_AGSCC_2_16_tumorales_linfoides.csv,Carcinoma_AGSCC_2_17_tumorales_linfoides.csv,Carcinoma_AGSCC_2_18_tumorales_linfoides.csv,Carcinoma_AGSCC_2_19_tumorales_linfoides.csv,Carcinoma_AGSCC_2_1_tumorales_linfoides.csv,Carcinoma_AGSCC_2_20_tumorales_linfoides.csv,Carcinoma_AGSCC_2_21_tumorales_linfoides.csv,Carcinoma_AGSCC_2_22_tumorales_linfoides.csv,Carcinoma_AGSCC_2_23_tumorales_linfoides.csv,Carcinoma_AGSCC_2_24_tumorales_linfoides.csv,Carcinoma_AGSCC_2_25_tumorales_linfoides.csv,Carcinoma_AGSCC_2_26_tumorales_linfoides.csv,Carcinoma_AGSCC_2_27_tumorales_linfoides.csv,Carcinoma_AGSCC_2_28_tumorales_linfoides.csv,Carcinoma_AGSCC_2_29_tumorales_linfoides.csv,Carcinoma_AGSCC_2_2_tumorales_linfoides.csv,Carcinoma_AGSCC_2_30_tumorales_linfoides.csv,Carcinoma_AGSCC_2_31_tumorales_linfoides.csv,Carcinoma_AGSCC_2_32_tumorales_linfoides.csv,Carcinoma_AGSCC_2_33_tumorales_linfoides.csv,Carcinoma_AGSCC_2_34_tumorales_linfoides.csv,Carcinoma_AGSCC_2_35_tumorales_linfoides.csv,Carcinoma_AGSCC_2_36_tumorales_linfoides.csv,Carcinoma_AGSCC_2_37_tumorales_linfoides.csv,Carcinoma_AGSCC_2_38_tumorales_linfoides.csv,Carcinoma_AGSCC_2_39_tumorales_linfoides.csv,Carcinoma_AGSCC_2_3_tumorales_linfoides.csv,Carcinoma_AGSCC_2_40_tumorales_linfoides.csv,Carcinoma_AGSCC_2_4_tumorales_linfoides.csv,Carcinoma_AGSCC_2_5_tumorales_linfoides.csv,Carcinoma_AGSCC_2_6_tumorales_linfoides.csv,Carcinoma_AGSCC_2_7_tumorales_linfoides.csv,Carcinoma_AGSCC_2_8_tumorales_linfoides.csv,Carcinoma_AGSCC_2_9_tumorales_linfoides.csv,Carcinoma_FAHNSCC_14_1_tumorales_linfoides.csv,Carcinoma_FAHNSCC_14_2_tumorales_linfoides.csv,Carcinoma_FAHNSCC_14_3_tumorales_linfoides.csv,Carcinoma_FAHNSCC_14_4_tumorales_linfoides.csv,Carcinoma_FAHNSCC_14_5_tumorales_linfoides.csv,Carcinoma_FAHNSCC_15_1_tumorales_linfoides.csv,Carcinoma_FAHNSCC_15_2_tumorales_linfoides.csv,Dysplasia-HG_FAHNSCC_15_1_tumorales_linfoides.csv,Dysplasia-HG_FAHNSCC_15_2_tumorales_linfoides.csv,Dysplasia-HG_FAHNSCC_15_3_tumorales_linfoides.csv,Dysplasia-HG_FAHNSCC_15_4_tumorales_linfoides.csv,Dysplasia-LG_FAHNSCC_15_1_tumorales_linfoides.csv,Dysplasia-LG_FAHNSCC_15_2_tumorales_linfoides.csv,Dysplasia-Stroma_FAAGSCC_13_1_tumorales_linfoides.csv,Dysplasia-Stroma_FAAGSCC_13_2_tumorales_linfoides.csv,Dysplasia-Stroma_FAAGSCC_13_3_tumorales_linfoides.csv,Dysplasia-Stroma_FAAGSCC_13_4_tumorales_linfoides.csv,Dysplasia-Stroma_FAAGSCC_13_5_tumorales_linfoides.csv,Dysplasia-Stroma_FAAGSCC_13_6_tumorales_linfoides.csv,Dysplasia-Stroma_FAAGSCC_13_7_tumorales_linfoides.csv,Dysplasia-Stroma_FAAGSCC_13_8_tumorales_linfoides.csv,Dysplasia_FAAGSCC_13_1_tumorales_linfoides.csv,Dysplasia_FAAGSCC_13_2_tumorales_linfoides.csv,Dysplasia_FAAGSCC_13_3_tumorales_linfoides.csv,Dysplasia_FAAGSCC_13_4_tumorales_linfoides.csv,Stroma_ad_Carcinoma-Dysplasia_FAHNSCC_14_1_tumorales_linfoides.csv,Stroma_ad_Carcinoma_AGSCC_2_10_tumorales_linfoides.csv,Stroma_ad_Carcinoma_AGSCC_2_1_tumorales_linfoides.csv,Stroma_ad_Carcinoma_AGSCC_2_2_tumorales_linfoides.csv,Stroma_ad_Carcinoma_AGSCC_2_3_tumorales_linfoides.csv,Stroma_ad_Carcinoma_AGSCC_2_4_tumorales_linfoides.csv,Stroma_ad_Carcinoma_AGSCC_2_5_tumorales_linfoides.csv,Stroma_ad_Carcinoma_AGSCC_2_6_tumorales_linfoides.csv,Stroma_ad_Carcinoma_AGSCC_2_7_tumorales_linfoides.csv,Stroma_ad_Carcinoma_AGSCC_2_8_tumorales_linfoides.csv,Stroma_ad_Carcinoma_AGSCC_2_9_tumorales_linfoides.csv,Stroma_ad_Carcinoma_FAHNSCC_14_1_tumorales_linfoides.csv,Stroma_ad_Carcinoma_FAHNSCC_14_2_tumorales_linfoides.csv,Stroma_ad_Carcinoma_FAHNSCC_14_3_tumorales_linfoides.csv,Stroma_ad_Carcinoma_FAHNSCC_15_1_tumorales_linfoides.csv,Stroma_ad_Carcinoma_FAHNSCC_15_2_tumorales_linfoides.csv,Stroma_ad_Dysplasia-HG_FAHNSCC_15_1_tumorales_linfoides.csv,Stroma_ad_Dysplasia-HG_FAHNSCC_15_2_tumorales_linfoides.csv,Stroma_ad_Dysplasia-HG_FAHNSCC_15_3_tumorales_linfoides.csv,Stroma_ad_Dysplasia_FAAGSCC_13_10_tumorales_linfoides.csv,Stroma_ad_Dysplasia_FAAGSCC_13_11_tumorales_linfoides.csv,Stroma_ad_Dysplasia_FAAGSCC_13_1_tumorales_linfoides.csv,Stroma_ad_Dysplasia_FAAGSCC_13_2_tumorales_linfoides.csv,Stroma_ad_Dysplasia_FAAGSCC_13_3_tumorales_linfoides.csv,Stroma_ad_Dysplasia_FAAGSCC_13_4_tumorales_linfoides.csv,Stroma_ad_Dysplasia_FAAGSCC_13_5_tumorales_linfoides.csv,Stroma_ad_Dysplasia_FAAGSCC_13_6_tumorales_linfoides.csv,Stroma_ad_Dysplasia_FAAGSCC_13_7_tumorales_linfoides.csv,Stroma_ad_Dysplasia_FAAGSCC_13_8_tumorales_linfoides.csv,Stroma_ad_Dysplasia_FAAGSCC_13_9_tumorales_linfoides.csv,Stroma_ad_Dysplasia_FAHNSCC_14_1_tumorales_linfoides.csv,Stroma_ad_Dysplasia_FAHNSCC_14_2_tumorales_linfoides.csv,Stroma_ad_Dysplasia_FAHNSCC_14_3_tumorales_linfoides.csv,Stroma_ad_Dysplasia_FAHNSCC_14_4_tumorales_linfoides.csv
Carcinoma_AGSCC_2_10_tumorales_linfoides.csv,0.0,1522.6988452906483,1353.355299622932,1155.1707753655992,975.6766358533357,900.9228676738904,891.1043402994834,896.1012237536694,843.0534163815383,1190.872362400881,3162.7959126639857,1442.1653150122152,1144.3460987020328,938.0501936165763,745.5005752318853,1646.592658183019,1765.2122708676661,1351.9763206954397,1362.7748014469585,736.3787889152696,1022.2883036019429,2949.2032261747595,633.9974219086363,945.7661870660814,1944.1144246689869,1551.6269924290034,1454.6920448587532,2320.687626504907,1068.483338004026,838.286968220377,1505.5673184672776,1716.6183648495025,2663.521879682149,1434.0931622781386,967.3230968773448,1145.656701958854,984.9426290461332,1108.788855199662,921.6197989273828,759.8012625650017,1394.297019289692,1606.653085025658,1965.9998070350666,2504.0988498445795,2038.4641134892875,3010.21488070557,3928.440950205135,1474.5866037068097,3296.340026462117,4424.5378323588375,3945.274383389807,3916.332167118793,3749.056134691786,1905.2557348732505,3438.555934547277,3060.9968465820134,3541.629397694912,2313.550682608837,3471.1497264509003,2553.4554063441756,4055.9088905927433,4230.868627333647,4549.448779474293,2975.951919968016,1606.1132425714604,3144.6536181553356,3441.673249076287,4448.99981505124,4448.036246343686,4023.8843870252094,3866.789673473757,3966.866966163897,4039.737450812818,3970.324329711005,4018.9619006702646,4082.73740553493,3171.844127642371,3357.0064746377025,3366.254065337731,4286.1368344679195,4527.720870553965,4185.6275253154045,4266.4054928914065,4421.405690682354,4831.571015508971,3890.2949181135737,4125.068895225564,4114.462232738837,5519.1584421071175,inf,5062.844612200191,5485.223893911378,5736.591093419263,5315.273509787642,4456.505294912338,4446.056125013276,3718.959495416856,3349.4348064834744,3913.387985393808
Carcinoma_AGSCC_2_11_tumorales_linfoides.csv,1522.6988452906483,0.0,1618.5281777258724,990.6427773418877,1528.7964938666114,1544.6477393131468,1190.3386175449652,1816.151480686106,1425.204155435379,1171.2368398411313,2417.3306876547463,1678.9669267907636,1897.2187649647688,1478.441382159503,1463.5656597536597,1968.0612455922728,1889.4523319653517,1404.271332196116,1542.8864959947489,1552.4600896164434,1081.2209310997616,2135.2147660402766,1495.8551519178357,1335.6820868011157,2003.2641730626358,1238.9246693688963,1140.9156695080667,1779.2964322714772,1659.0672873602375,1351.1003305185538,1013.5281402922909,1331.8647000593344,1989.1652242482053,1845.8576862327218,1119.0261856251852,1055.7661814312323,1419.2137926953992,1091.5182962224087,1104.0666874983012,1249.0369762525665,1277.9129763010887,1365.3431168413156,1537.409600985255,1832.3413151628315,1383.337726137892,2174.081895474939,3018.861754091872,1425.151704188189,2452.2257173185335,3459.83673655031,3032.0185290956715,3066.805774117207,2893.11286833683,1193.9292344221815,2630.6256447508003,2259.457531306812,2687.873177616077,1882.4106309670765,2624.653901763731,1812.591035468136,3249.2021864634626,3508.282950949243,3774.5901543907435,2205.0132200649464,1278.5406153013237,2451.3391353440134,2838.9275133995143,4163.962701850463,4154.670207750482,3746.0784801064738,3563.1376544701666,3540.070192529941,3705.47618423713,3561.7660504265514,3707.340046271252,3809.5459473172587,2506.3680011031765,2743.2104652533367,2638.4333105875003,3686.2524791654496,4212.9029596469245,3552.980168774837,3606.8032190992244,4095.263539239189,4551.582753413909,3510.592318873872,3896.7707308387157,3828.117300950632,5206.835070047448,inf,4732.201915410565,5016.035658538394,5186.370018838423,4869.745474167703,4200.0017276298295,3912.4788990134307,3024.668061553181,2763.930497257952,3279.500015623708
Carcinoma_AGSCC_2_12_tumorales_linfoides.csv,1353.355299622932,1618.5281777258724,0.0,1425.9092169410594,784.0567728576298,1002.9053670760275,1429.073135118303,1853.1026154294611,1000.6494612462081,1696.0711617274228,2689.8226421880413,1205.6526313534387,1019.9211612912384,1335.3366750799273,1351.023540725879,2519.7584952667025,2483.6046069267895,742.6529228410475,795.530935712725,1171.4713732778284,1178.4727244894727,2433.7867801077327,1294.024993612813,1723.8591948894486,2658.9474936899715,1134.0266576074403,1228.9324193768048,1485.2363671573132,1185.7061656615629,1487.5896916487936,1821.9305605241716,1318.2686029627394,1933.0490218937678,2268.779361055555,1445.1377304680868,1631.803913975493,1600.1499834723436,1691.1076021768579,1388.6127874389326,1270.858928467371,1853.6225445196774,2017.0193037784702,2402.832870681773,1806.2158789081989,2210.516756465995,2971.7832512493587,3804.4164475573702,935.3754020330791,2757.623107924509,4015.489698255158,3573.3561390529985,3839.4152559320682,3640.5358327414488,1835.803401744865,3462.053618829065,3063.129479799833,3466.693886610314,2751.4863650266775,3322.0719766873103,2507.2025926519054,3862.8060053559852,3421.2897911981336,3877.668436331211,2371.499483635379,1248.149543076696,3195.279223992495,3596.8227625845693,4645.59976239141,4644.636193683856,4224.597271372509,4056.497906875208,4192.267277833699,4233.918503591047,4193.978602032548,4221.570717972575,4279.3373528751,3233.022312233425,3406.181167685858,3382.873364049459,4499.087782293667,4711.74261014353,4383.274863213953,4420.7483794082655,4648.930206315718,5028.17096284914,4111.147385587057,4321.668842565733,4311.524824385065,5751.929705657656,inf,5279.652279580377,5708.8258376082495,5955.3132213178105,5536.575227236735,4649.863974022001,4655.2755575469155,3819.352424779253,3437.2208906903215,4116.481660543668
Carcinoma_AGSCC_2_13_tumorales_linfoides.csv,1155.1707753655992,990.6427773418877,1425.9092169410594,0.0,1282.9633022578246,1307.7717136875353,929.8583863288237,1467.2658087940679,1197.3809357020868,955.6743408104151,2709.316367611631,1546.1089167231946,1662.412898120387,1376.5432425093225,1220.2702499324032,1729.5437598096273,1681.3071321520529,1310.4669393207082,1411.7827441214233,1284.4673648435444,952.3355661379045,2428.19568635728,1170.4482849344301,1037.7663832434014,1853.0798300948895,1255.42869654456,1153.6680205749738,1981.7047634895794,1427.930921273977,1005.1127603752336,1029.1496383955043,1380.9170755777716,2239.2940504607923,1561.2485167149453,879.5291856992895,972.62523243248,1067.503803840247,981.5887915512237,913.2465755965503,951.5786185494785,1197.0168811421363,1362.3313669411164,1695.360145914538,2025.7808974457412,1714.7255597958165,2553.349049951771,3397.440547841805,1348.648648079512,2779.0223688363917,3829.326925784584,3369.6787884239934,3404.773170856867,3278.983288084521,1465.0851619554162,2937.6488326826147,2558.1329881520624,3080.7749249413096,1973.3148354414773,2971.207129411203,2062.4527336766278,3572.10426519428,3769.6712733964296,4068.224738846271,2503.25541846664,1322.741776373938,2826.327634498805,3137.3315157308307,4341.081432068728,4357.090093145261,3934.926616735167,3734.5567006838396,3772.5243432830703,3881.62960325628,3799.9448006711696,3900.3353358603267,4012.5970851524353,2887.134712445484,3094.3386051145576,3028.6443874883175,3989.9468146461404,4411.103761758478,3886.1122287510807,3994.663959722929,4276.901393865801,4741.085327582402,3740.6687283683173,4087.1752539703357,4035.025158324973,5389.641186140712,inf,4954.254434489109,5286.811518494283,5481.444657047852,5122.973402701834,4401.126250588288,4250.826514780689,3412.382122664502,3103.950696607991,3667.246851179416
Carcinoma_AGSCC_2_14_tumorales_linfoides.csv,975.6766358533357,1528.7964938666114,784.0567728576298,1282.9633022578246,0.0,829.7973748368337,1111.7466981339326,1399.496722083742,751.9255744433295,1411.5660071831667,2837.1507511621444,1125.94307713435,860.8765012271351,1086.6782694794654,1052.3581524249137,2092.8157133539626,2090.87575729418,912.8637329346329,928.7690032248944,889.7618378284623,996.304491698736,2667.925119709975,952.2903336073629,1390.2595507424573,2282.3700990871826,1236.7773345055211,1194.3983051317218,1798.2408989480632,1074.4433542366085,1142.9505822880667,1653.0557924465522,1412.9283629188833,2232.8085323710916,1858.1022105678398,1230.190253513158,1417.693027511554,1234.2930978554489,1384.1218367860004,1117.953500894186,949.9021678665696,1579.569709539023,1752.8449053730615,2150.0571602677055,2139.5028443582514,2085.46884619258,2957.524700323189,3860.8665653928433,1000.3625389343422,2997.7593242440385,4190.312005730094,3733.4413077950553,3845.420818561923,3673.469835020547,1794.3191149633801,3449.874512509484,3044.779945251733,3482.9089891421404,2522.060317236654,3383.089898927585,2470.8307007612093,3940.611805926389,3755.799763045148,4159.7411346899735,2642.9216368447196,1333.460742740109,3137.3521346758203,3503.9492182372683,4454.498867042235,4453.535298334682,4033.496376023332,3887.5333192125127,4032.961185674607,4055.200886198759,4028.0763920025925,4030.469822623399,4088.236457525924,3172.677233660173,3368.8845930012085,3353.9922627929845,4379.575475984487,4529.940336876831,4268.880061341043,4339.255660523391,4464.71945488197,4837.070067499972,3956.6288931459853,4130.567947216558,4119.874067050062,5574.5286365911725,inf,5088.551384231211,5547.150390068472,5824.689920472952,5392.323480337441,4459.0805296263015,4524.940752243519,3750.7818931909987,3377.7280761298734,4013.0704740866636
Carcinoma_AGSCC_2_15_tumorales_linfoides.csv,900.9228676738904,1544.6477393131468,1002.9053670760275,1307.7717136875353,829.7973748368337,0.0,1164.976588092094,1272.749819016859,761.9783157146753,1436.3234356179378,3033.1889708723647,1018.3727771642052,835.6208709887661,837.6388650369454,846.8723855340817,2169.48368650592,2214.4164999266286,1105.1734630042654,1011.8807929161769,749.60139708052,1079.9781340544514,2802.776241038561,849.0254629436187,1336.9232726051227,2385.7279759701323,1385.7313748648137,1335.6806860223326,1980.2867341001622,786.7727650181563,1173.8654854460233,1689.2009136988192,1544.6863226044475,2424.308299240748,1874.6785556277073,1170.395604153556,1361.827557301402,1263.91844546805,1392.9512021644928,1104.7047462644334,993.0898661085059,1665.2751036429881,1849.6760850301773,2267.7235134246807,2311.380659321063,2144.9631264125483,3047.3222314478935,3953.834553080939,1238.1314994828012,3139.7799858109183,4326.491486095813,3856.5427519174063,3942.3472862841973,3769.096991188371,1934.379551371948,3515.2670577118297,3137.4898792762388,3596.1195998047947,2625.028337182851,3486.319775839435,2601.887723762226,4075.2257219588937,3981.8593007135037,4359.033562732355,2785.184438926462,1566.7724361002092,3234.885299172005,3585.7245523362612,4640.183956422861,4639.220387715307,4209.616326663215,4046.882778540333,4157.7360778382035,4223.2155623994095,4156.136617623009,4200.259240520418,4273.921546906548,3241.7328489047886,3463.015213027609,3408.920974810506,4467.135604862198,4701.052444386949,4327.281563657889,4403.569886627427,4618.750961347035,5017.325017855982,4079.044886131571,4316.253036597182,4305.462631134602,5703.736061143475,inf,5254.076176193161,5676.909319466667,5906.661289535464,5485.648829445454,4644.263693461202,4620.821857588924,3799.233006643199,3460.5856805701437,4085.328432674664
Carcinoma_AGSCC_2_16_tumorales_linfoides.csv,891.1043402994834,1190.3386175449652,1429.073135118303,929.8583863288237,1111.7466981339326,1164.976588092094,0.0,1053.651697905627,1008.9585823407647,829.4431368280964,3052.086289173277,1724.0240330407707,1477.01502610811,1244.412626206659,1040.944492864805,1331.7950372474352,1373.6831976008425,1355.4382156662894,1501.032073784865,1080.9731224392706,1014.0668256810693,2762.11672811544,855.7792030745236,791.3477188117523,1512.443402736153,1467.0950989006244,1420.946312927065,2316.2781659998664,1424.9412487338457,705.9598044482677,1097.3198187296032,1705.447111861645,2512.0836654774716,1224.5632178375192,754.5579307991925,870.3265329636483,846.321467702284,831.4262799102687,756.7776107113127,687.0435170186271,906.9430258584309,1087.417558608211,1565.9280677538575,2300.713585187804,1722.2479687298207,2778.937786489692,3723.767318066952,1419.7296246079052,3125.8872614209363,4241.762821601944,3735.475668538994,3687.0897905582583,3565.5872226994343,1653.3192510500467,3252.3212580426816,2806.5791492807325,3334.9297629342914,1878.9196485921912,3261.455110912483,2341.702217394321,3869.329296651785,4146.983019340357,4446.03068789627,2793.227030811823,1416.9274306142552,2887.5487750527964,3226.320629196172,4269.453233286541,4268.489664578987,3838.225571812587,3675.0587521878765,3798.260087224881,3854.1706307735285,3791.3390373529323,3833.303085457643,3903.1908237702323,2909.3013633708097,3149.692502857312,3128.1593315270725,4128.581196255947,4339.487520231339,4005.8322857416397,4077.762120434426,4251.109875890503,4650.368862793207,3715.9263619563526,3945.5223134608664,3935.3673372564667,5358.809442756938,inf,4887.120021130385,5322.349353473805,5571.953662807916,5145.15453280835,4275.969443436518,4273.995310533153,3486.904931019022,3139.892095057369,3754.9253453112738
Carcinoma_AGSCC_2_17_tumorales_linfoides.csv,896.1012237536694,1816.151480686106,1853.1026154294611,1467.2658087940679,1399.496722083742,1272.749819016859,1053.651697905627,0.0,1225.0007405387028,1284.4070352382569,3678.1502775681,1867.5233550935998,1525.6785373395921,1249.0947829126462,1040.021330007779,1362.6607951778167,1599.9500884476543,1832.547782572569,1864.7743087395274,1093.0334460027295,1425.2132230478562,3448.9555984382323,891.0041386363187,969.9775722687659,1703.5163482781024,2069.2827923821674,1914.590735592582,2860.387666657322,1432.1420392882587,1001.2310597101297,1636.664488272994,2240.8476565197197,3199.60557821668,1139.3697384410896,1150.2696148151526,1294.9099972905458,1075.2725284916282,1206.3653866355762,1158.8193743225079,1018.1481713119332,1348.7179394131538,1546.7028383985592,2005.4592115429903,3013.302016744181,2224.778248273171,3342.478723182494,4274.744710511255,1993.5528746349848,3796.7646697897158,4873.49688390133,4365.073461536429,4224.915571458849,4144.665251053219,2273.3863482683632,3782.8584429007383,3383.7402579279105,3875.1548584830084,2343.858805751189,3866.81933775883,2927.4618848065033,4459.012554857381,4809.224498961488,5110.830618798488,3494.143925684734,2095.874168951261,3375.7458631865775,3616.295986477854,4548.784219428504,4537.956446436543,4127.6443050920425,3957.366373884497,4095.341637253255,4132.386646123319,4090.6935552819396,4109.2582192940345,4182.521809912194,3396.686621768788,3628.466411938258,3609.103042203234,4452.731177311025,4621.38219001347,4314.528899875872,4440.3205701959805,4532.871037973694,4916.497565438441,4018.31104266464,4224.853299602827,4211.657868702168,5632.5312536065585,inf,5148.219522264632,5609.412155786819,5873.792846735837,5454.1435727534235,4556.1975652961855,4573.559651506961,3895.0358257918215,3566.130590567551,4083.582585466705
Carcinoma_AGSCC_2_18_tumorales_linfoides.csv,843.0534163815383,1425.204155435379,1000.6494612462081,1197.3809357020868,751.9255744433295,761.9783157146753,1008.9585823407647,1225.0007405387028,0.0,1271.5232993991015,2805.3594394348065,1143.152876982173,962.2326425206642,929.236315453168,879.3993508848795,1962.0501836382632,2003.8581457273044,1071.762999356499,1031.8514908053176,704.4299276419617,886.4130700792033,2669.832945382373,775.0428945113774,1191.207979999435,2170.0460593017833,1242.1463359543473,1171.0482310963878,1968.1608635651266,963.3816944359238,1067.4776663019297,1468.4425577442062,1417.1790649852683,2317.092102795017,1688.3770717188886,1024.2390779205016,1199.8382872681632,1103.131545575257,1197.213289726452,934.2685821292711,832.8294926035546,1542.6987387878414,1737.4011037230189,2062.024431512396,2183.98881993991,1959.5840574615222,2844.363288293981,3738.8310592327143,1188.1996143647348,2996.2434526173734,4139.027071331642,3667.552531108568,3730.958317428189,3563.91835882883,1693.6833190264447,3306.952020537109,2892.9538265284828,3363.1555646628476,2400.879876549852,3291.8107786925716,2381.6969748961146,3828.692282853603,3855.9142598756994,4185.748464505725,2651.687698932566,1348.0037206405214,3016.2452812066554,3393.926504998288,4470.051083346159,4469.087514638606,4046.862816385657,3876.244385812717,3997.1718714187127,4055.2065541270294,4007.5348180561405,4046.0220389273222,4103.788673829848,3044.0989642083814,3230.397424037051,3218.2535080762277,4292.70785095164,4536.7410089912555,4157.593215236895,4200.891376778826,4470.341156880766,4852.622283803898,3911.7355193295625,4146.1201635204825,4136.3013253505615,5568.293140291882,inf,5099.646426478497,5523.462306502543,5743.845710521141,5334.452835930416,4474.547260419894,4451.879810935062,3614.74545619768,3258.29901568538,3899.027812951125
Carcinoma_AGSCC_2_19_tumorales_linfoides.csv,1190.872362400881,1171.2368398411313,1696.0711617274228,955.6743408104151,1411.5660071831667,1436.3234356179378,829.4431368280964,1284.4070352382569,1271.5232993991015,0.0,2960.730459664576,1895.6344055943744,1801.1064530183642,1398.5601306068388,1268.0587926263902,1276.0554083987483,1224.1329556116482,1564.604070839781,1711.5813312064704,1347.720465962104,1218.586662736742,2738.348056943153,1119.9356103253306,851.9605674715374,1382.6460946124714,1500.7900822842337,1533.3429904485624,2404.2553662239357,1633.2196286505673,876.1042887467988,1011.0744806605737,1781.2153864315835,2521.8980184521424,1086.698588662675,850.1498469743813,844.4311478733969,975.5998952082139,845.4322342586759,786.3423335536914,960.377294131383,940.521748007583,1047.3137257122303,1421.6269576222305,2259.8984030998613,1560.6407228003159,2631.327873584865,3577.687839803298,1599.838246610376,3040.425178496952,4092.8640052380642,3641.717811698334,3545.8488285431654,3415.8236228748597,1587.0990325403486,3076.3771713182036,2660.3714592032557,3198.7203952358936,1766.7100757450628,3141.003267507268,2255.5690532927842,3740.4066423652926,4137.933666199117,4336.87321328572,2723.331817436995,1519.132778292643,2764.2521117640995,3111.7392750901254,4247.620646106304,4243.440810616493,3819.991065640022,3647.3941277073836,3730.740637655903,3829.4359887122155,3733.768758071433,3816.101353667496,3881.358236589991,2797.6505551097903,3036.3647952912,2957.9866454487797,4037.9795321655974,4317.625599293388,3902.751011663797,3981.0878753139013,4227.713337368428,4621.823658246063,3665.46618208768,3923.689726280625,3913.2889793719205,5302.496887548118,inf,4849.370511005009,5252.753743137805,5487.1156196132115,5079.6626172914375,4253.702269608707,4206.116008601456,3355.2632183653755,3025.7904236007726,3659.180177174314
Carcinoma_AGSCC_2_1_tumorales_linfoides.csv,3162.7959126639857,2417.3306876547463,2689.8226421880413,2709.316367611631,2837.1507511621444,3033.1889708723647,3052.086289173277,3678.1502775681,2805.3594394348065,2960.730459664576,0.0,2753.7101287103023,3198.385016037081,2909.431235236866,3086.7405010456037,3879.482824912687,3650.611870523355,2600.4029593690525,2516.962378121557,3029.3195441926077,2589.6157464149546,1250.2384909756877,3159.9693632250014,3132.557051154233,3813.574395163954,2049.63028312772,2169.4857015375196,1940.327224969292,3081.91837184894,3191.051831560279,2616.131792003532,2016.069846302466,1538.7874316097123,3684.998351021276,2935.177461437109,2930.938074165604,3234.571209471271,2919.017674252782,2800.355890055717,2957.09836619049,3215.694913820358,3129.5018938917883,2913.511504059388,1650.160820652687,2190.5003180712492,1830.838366278258,1788.3952363366466,2218.974987069786,1348.1522366016738,1905.5339930030548,1851.9356854292382,2201.88760949922,1683.1448724255931,1954.8155604859396,2393.66729103846,2389.4300723635865,2159.1364977345665,3047.723061613325,2261.027147985834,2086.877387216398,2262.155656277869,2195.155473427283,2313.264962393599,1435.4006163164581,2019.353045200469,2609.301700301498,2974.071923192809,4417.718340378202,4410.825498028639,4025.2098238601143,3747.55429151225,3576.5208543278304,3893.764578406083,3833.4691267637836,3965.2242232826384,4091.45170974539,2672.526729246175,2753.4137672050656,2637.3090039559743,3609.9342504561314,4443.47138957439,3337.34312794778,3345.7964575023466,4250.968217280801,4812.972739526782,3657.429909340807,4138.5768418518,4095.2051411716047,5406.536683190965,inf,4991.699686832498,5101.178261486441,5027.944577105272,4953.374924542887,4467.168898947194,3849.549499954107,2867.1298269649924,2799.688403566178,3075.648849645729
Carcinoma_AGSCC_2_20_tumorales_linfoides.csv,1442.1653150122152,1678.9669267907636,1205.6526313534387,1546.1089167231946,1125.94307713435,1018.3727771642052,1724.0240330407707,1867.5233550935998,1143.152876982173,1895.6344055943744,2753.7101287103023,0.0,1047.2542957231067,1175.0886932283695,1310.896467162046,2737.394306324597,2743.3709883658303,1293.7410978118216,986.2891993869723,1216.657818116807,1235.5751730657475,2616.634836905938,1418.3207087133594,1831.011197612303,2911.488755338217,1413.8998500270907,1225.5621918863017,1685.8607776437473,1038.9895457929465,1781.4991258537484,1966.6745448530883,1342.915555066976,2319.068150510994,2447.6351429532615,1667.6333179696999,1821.8519576710692,1794.5529173945238,1730.6157067229879,1547.2379110441327,1503.370880140855,2243.036722226676,2383.033956735586,2599.156573956978,2314.8588075036173,2249.5072715845454,2901.9636579820594,3675.881909893642,1296.2049682246093,2923.289549103927,4035.054999069235,3660.955060916736,3753.717538531989,3564.127516683379,2009.2444375903053,3276.944180216892,3065.1202353568665,3366.7532916603545,2888.903642978703,3335.807185506448,2445.2024756720934,3820.146211193727,3591.591951720551,4075.59455063405,2681.275937357862,1731.4894745588554,3201.8218413792183,3529.322949236447,4725.420467276813,4695.059312557167,4323.0552430969465,4084.6565186278785,4105.145088991276,4248.657950243709,4142.999550716811,4265.162753756778,4385.695114691005,3278.8684332925145,3468.832420332732,3396.014331377552,4333.047395250581,4756.828271225183,4200.246636913173,4302.08051616027,4617.575841733084,5089.510585110196,4081.424337790271,4450.731801691528,4402.142076579317,5735.783193543938,inf,5291.308398101349,5587.548469191733,5806.409066497905,5456.739765711141,4767.177276233846,4555.57614307562,3729.0750988379114,3463.62896320016,3995.596915869314
Carcinoma_AGSCC_2_21_tumorales_linfoides.csv,1144.3460987020328,1897.2187649647688,1019.9211612912384,1662.412898120387,860.8765012271351,835.6208709887661,1477.01502610811,1525.6785373395921,962.2326425206642,1801.1064530183642,3198.385016037081,1047.2542957231067,0.0,1122.4259103062993,1142.142856747575,2421.1860791398485,2471.7621390892705,1195.939078971748,1100.3513471171184,947.490554632646,1343.775606487204,2976.4424084527072,1109.4792173961844,1667.8845896588266,2657.352570713786,1632.9660823121458,1551.0478325761078,2056.877779387719,974.6569775863903,1423.7579983153455,2080.969933033056,1745.3215345152394,2571.2906516402763,2184.4100220834634,1525.5182997495658,1749.9186994829442,1536.762458884397,1752.1411721295515,1481.4217760527122,1249.8533609058243,1961.0718537677692,2158.6276805466177,2591.9296293385905,2502.356962378367,2472.3888521392796,3279.767300749406,4182.58207309599,1309.5628783497768,3359.913780441336,4532.642568289573,4056.3087513110536,4155.837577127171,4005.846724908652,2216.763374815434,3738.876507907673,3382.971538621942,3805.2929780692493,2967.8518551002167,3714.6425587241947,2824.222040102873,4262.69523586319,4022.97810684956,4475.148372568932,2985.269149233276,1770.3604267906335,3450.0027050004037,3795.532656900115,4753.6144076861,4752.650838978546,4332.611916667196,4175.273835040321,4310.405116024297,4346.771044371962,4312.003184340458,4329.585363267263,4387.351998169788,3480.9803332550046,3655.121489958336,3654.781256153817,4652.012889109196,4823.099032321047,4530.619139434901,4606.2169359172185,4759.436563059159,5136.185608143834,4235.271585274167,4429.683487860421,4420.692616502311,5873.5327202576955,inf,5387.666924875068,5839.104041383701,6093.992724591911,5668.683820035999,4757.462277178093,4799.005745673674,4024.2819119005944,3652.1874605263765,4280.817865688623
Carcinoma_AGSCC_2_22_tumorales_linfoides.csv,938.0501936165763,1478.441382159503,1335.3366750799273,1376.5432425093225,1086.6782694794654,837.6388650369454,1244.412626206659,1249.0947829126462,929.236315453168,1398.5601306068388,2909.431235236866,1175.0886932283695,1122.4259103062993,0.0,788.0143281711071,2106.108165700915,2150.877715441464,1378.0917724577728,1264.3430761810857,898.947204841337,1146.1048791206995,2747.7220364031996,918.2785525875743,1267.7153408886988,2338.622144865174,1439.7061698343582,1362.8763395555502,2150.0233806619262,913.4069786693841,1247.0584467639535,1603.8155553132576,1585.1443099419253,2525.749053336486,1806.9670320753505,1200.436148213683,1335.337539895782,1248.0651361451455,1343.8981534873737,1093.8143821615834,1043.3356054927665,1725.6966027439596,1896.394353355122,2105.9305527022257,2472.3569348782103,1956.417832012916,2805.799972201473,3713.879688989982,1474.8385940985831,3111.5719783037803,4184.214825877981,3715.6323453646337,3672.9171282882894,3532.234488040013,1800.4315010483642,3263.03721253174,2994.5414024807505,3336.113400655481,2504.5403299415234,3325.9848789497264,2465.9116993424213,3861.4158930490894,3998.625473641845,4345.1481914694505,2846.43845960624,1707.1707330868724,3037.753550474073,3302.885329474966,4491.245455008762,4476.842849465958,4067.835372981958,3884.302833969927,3890.8875909878784,4062.5006635403292,3953.9295118224336,4054.2785723805996,4135.414724831402,3009.751223412911,3258.741260406762,3181.58602954686,4166.76991191678,4545.735481260087,4034.0345746218973,4079.367638131395,4445.963736030471,4868.180056236174,3846.552478228407,4177.746214522035,4160.912315912876,5515.475887920332,inf,5073.485333749731,5402.587048969282,5598.16743203668,5227.28907047998,4505.588052927578,4298.628816690721,3505.778324484609,3201.8327698959715,3795.6495039175893
Carcinoma_AGSCC_2_23_tumorales_linfoides.csv,745.5005752318853,1463.5656597536597,1351.023540725879,1220.2702499324032,1052.3581524249137,846.8723855340817,1040.944492864805,1040.021330007779,879.3993508848795,1268.0587926263902,3086.7405010456037,1310.896467162046,1142.142856747575,788.0143281711071,0.0,1877.846665868734,2005.4155414742938,1316.6545950981465,1272.5937085277078,775.3837480837013,1065.387205054104,2883.6774938195513,771.0404187515946,1013.3535177808558,2137.0612880929275,1514.0306862941277,1357.9362960722747,2166.8199335866466,921.0167783224122,1046.8623984903777,1562.1661878112066,1604.2603113582165,2560.349149493556,1604.5764329419244,1005.0082567859736,1190.035800341671,1099.8836812965815,1141.3342602461505,1011.7787300352027,860.0812614975102,1529.8119982710546,1738.6640373973094,2028.93210942148,2482.646920618566,1988.0420913444748,2971.4416734490796,3845.6988229053977,1437.1668705744428,3225.195790205656,4332.353018307812,3899.6227788255687,3866.108246932636,3689.7810669346113,1895.809032548276,3354.038986495901,3060.5574626206526,3471.325489481495,2400.538973301012,3492.2357716659944,2501.918945932501,4003.757804104069,4106.335875215287,4458.299737007415,2903.487739723342,1697.4240491259425,3125.148520286305,3454.060070259983,4483.780132754795,4479.04732356574,4051.780459962493,3900.1340935242943,3942.303591493964,4057.8510080404712,3986.081479354679,4040.8554247439915,4117.517723238483,3130.883216791662,3348.8925544296626,3274.827572491532,4212.598418737919,4546.987295148886,4075.48070073965,4200.742657550929,4440.203192836862,4862.800755187276,3889.291274282421,4159.849212929116,4150.464150113153,5526.667492530301,inf,5075.199058969349,5462.974145799493,5678.644072416544,5285.864770105486,4488.14873290663,4396.657322939156,3624.2494398572385,3310.862433142783,3852.721590555713
Carcinoma_AGSCC_2_24_tumorales_linfoides.csv,1646.592658183019,1968.0612455922728,2519.7584952667025,1729.5437598096273,2092.8157133539626,2169.48368650592,1331.7950372474352,1362.6607951778167,1962.0501836382632,1276.0554083987483,3879.482824912687,2737.394306324597,2421.1860791398485,2106.108165700915,1877.846665868734,0.0,748.191664526455,2465.702667722804,2610.2518346929332,1937.7366351786247,1965.511875377974,3622.772379895567,1632.9594460980927,1263.6174577536626,751.8111973339638,2468.2363437018244,2443.0361454359163,3395.805489608031,2381.380941673689,1312.3121677370336,1602.818354905509,2721.8814608265834,3481.6764453866294,787.0370481689428,1445.6773494941879,1386.7320326760248,1444.186240241343,1330.800066330184,1527.7059148219937,1533.3996178934003,1143.297828785978,1224.334279707639,1508.8687616123816,3157.966179555292,2058.418704391795,3216.5888081646326,4137.06543704571,2449.621072261294,3882.401200873733,4861.65948478445,4336.45274446377,4058.010645927011,4055.044587796924,2339.3275088818536,3596.7411233731073,3186.280585790277,3725.3888885027764,1789.0662550535908,3730.127747015617,2879.9199628175984,4342.4928020084635,5072.599357101045,5271.579802096769,3616.454912718748,2336.8506366309443,3120.6481310155195,3323.5922791978383,4164.501367947843,4163.537799240289,3743.498876928937,3607.660150134623,3775.854742544127,3769.326761296576,3746.657937776955,3740.4723235290044,3798.2389584315283,3145.838238893998,3387.325582029851,3414.279390907811,4157.772163137999,4260.087279393061,4036.751436296273,4152.35064324429,4185.051707163459,4547.072568405581,3694.751343879968,3840.5704481221624,3832.457227798646,5327.477436118058,inf,4798.5538851368165,5280.1611103926425,5574.83839133559,5142.937746990003,4172.188931794199,4282.989152714119,3642.7696841669576,3340.314602808226,3784.1180686338903
Carcinoma_AGSCC_2_25_tumorales_linfoides.csv,1765.2122708676661,1889.4523319653517,2483.6046069267895,1681.3071321520529,2090.87575729418,2214.4164999266286,1373.6831976008425,1599.9500884476543,2003.8581457273044,1224.1329556116482,3650.611870523355,2743.3709883658303,2471.7621390892705,2150.877715441464,2005.4155414742938,748.191664526455,0.0,2447.473770668431,2584.2214704957,2071.1583105452473,1979.052203986338,3405.4205852039295,1731.312983716076,1428.4062577688,709.2751362229579,2347.760692261473,2413.341627166903,3304.0423126971386,2458.164211249335,1355.6742142942637,1513.0064967843036,2652.163176887699,3294.365248898152,911.1572095988844,1487.4376666388125,1450.1326086313327,1477.2158130249372,1393.9495056839964,1511.1050494223268,1579.4333684883072,1101.384826930362,1088.8603598084155,1405.6566618277336,2916.5633757872442,1797.7942125084119,2939.6047729948,3892.1391096193793,2375.5588001477536,3615.389996062974,4562.588514673337,4062.4381894232715,3818.532086910236,3788.490420942906,2166.5016991604202,3343.5307036573527,2909.188055539454,3502.153040069007,1619.8269819338454,3456.3781979366413,2621.882456757364,4085.802831864114,4863.632137604019,4982.393181042751,3355.626047290729,2259.665962852201,2882.822443369809,3194.492707436779,4123.615320373466,4122.651751665911,3698.964743902875,3569.781114280739,3713.495326503684,3728.218264201196,3696.9320900938696,3699.5862759546285,3757.352910857154,2916.0992288300067,3189.86366735104,3176.3024244672615,4083.4733024492075,4217.6567309294,3965.526505569072,4064.303040704705,4138.715928072814,4506.186520831201,3640.1523598948734,3799.684400547787,3793.747735806179,5250.762761460522,inf,4752.246322751646,5219.542145855908,5515.6961561955095,5083.46032792295,4130.100844242759,4214.294901705329,3474.120495038774,3139.3073456865664,3716.8473960977826
Carcinoma_AGSCC_2_26_tumorales_linfoides.csv,1351.9763206954397,1404.271332196116,742.6529228410475,1310.4669393207082,912.8637329346329,1105.1734630042654,1355.4382156662894,1832.547782572569,1071.762999356499,1564.604070839781,2600.4029593690525,1293.7410978118216,1195.939078971748,1378.0917724577728,1316.6545950981465,2465.702667722804,2447.473770668431,0.0,811.7243905683177,1179.5998997828708,1121.8704562720293,2296.5451063555884,1340.6880225999791,1608.4074224502933,2591.4935110419874,987.8041043866632,1102.1593115155224,1422.4743306365392,1202.7353238318974,1446.508643337288,1677.4628215198863,1209.5817064887788,1856.239401732559,2228.161501981509,1362.4052772070884,1492.943824250831,1554.377588980513,1579.0465039754038,1295.871463966911,1206.631625725888,1757.348078922852,1920.1708943538997,2275.6538126226374,1690.0130132910908,2022.082032585474,2777.673348013402,3658.9220826587916,916.9706097055347,2647.6990834805993,3893.6555437444545,3455.8145395170295,3695.15946406115,3453.9467795639684,1702.4455445695078,3285.226546498085,2880.7666173477483,3299.414191475589,2616.938229628408,3185.8760015659736,2400.232723114304,3724.3376822248983,3401.064540314517,3813.119277460278,2261.184132107918,1148.9536155646038,3028.3601749989953,3503.2197182689474,4617.083709486829,4616.120140779275,4195.511024902556,4025.073871305484,4097.910599013791,4201.210362454431,4124.763510297977,4192.945245750543,4250.821299970521,3096.2160625700203,3266.032328210386,3185.3496190622736,4384.808254285088,4681.731497335091,4245.883812880496,4285.569378212061,4604.814096008414,4999.654909944563,4039.4373854991336,4293.152789661154,4283.1348558365935,5694.383574299678,inf,5242.0324507457735,5645.811906370486,5843.196512241449,5437.409863302837,4621.539851280459,4556.775822132249,3669.3331389174946,3314.38590769016,3983.8400665523454
Carcinoma_AGSCC_2_27_tumorales_linfoides.csv,1362.7748014469585,1542.8864959947489,795.530935712725,1411.7827441214233,928.7690032248944,1011.8807929161769,1501.032073784865,1864.7743087395274,1031.8514908053176,1711.5813312064704,2516.962378121557,986.2891993869723,1100.3513471171184,1264.3430761810857,1272.5937085277078,2610.2518346929332,2584.2214704957,811.7243905683177,0.0,1180.2938032906438,1150.144823838807,2262.243871047183,1361.2830433912034,1689.9461610655226,2741.8248798857894,1027.0129910126973,1060.2860176935947,1380.891728942058,1087.7640482273068,1613.9254662269045,1761.6787740423147,1146.9624085135135,1849.9167561975935,2351.4546490482417,1472.056063092495,1585.9118401920546,1676.678641165546,1648.6819837584312,1381.3167217796076,1319.485010694947,1976.4088283011135,2114.1396188502836,2396.500409343956,1786.7163409884804,2067.6361135608317,2761.7729620497375,3561.0586597877996,955.5160287193349,2621.8240371156794,3804.9425262093378,3396.774918572421,3642.0722146063,3387.6513577386104,1713.4736443997654,3212.7656550457527,2873.253058738855,3215.3866924741255,2709.419009045222,3164.748808425054,2359.1936983576556,3622.387632305547,3321.107578989476,3732.632015308194,2261.5289551943315,1254.6168764876288,3029.3965731998896,3495.8372854935296,4622.258076473601,4618.580199905614,4189.470804758984,4023.9385899058448,4092.1209018658583,4193.680393092915,4116.765612458892,4187.752542566424,4254.63522666361,3088.1208611182797,3247.923931318656,3145.0894717400483,4347.829985761397,4687.642482198237,4190.971524833945,4255.060455780758,4587.628867959169,5004.8183199019795,4017.142082629653,4299.535534538632,4284.272093877738,5672.885547764373,inf,5232.086044567198,5627.293956122117,5814.322298103053,5428.937178075255,4628.377805194861,4533.727861660654,3612.1383654112665,3293.7059754794177,3937.6691317667273
