Unnamed: 0,CellID,Hoechst_1,CD4,FOXP3,PD-L1,Vimentin,Hoechst_2,IBA1,SOX2,PD-1,Hoechst_3,CD163,PAN-CK,gH2AX,Hoechst_4,TIM3,CD11c,CD8a,Hoechst_5,E-cadherin,CD66b,CD20,Hoechst_6,Ki67,p-S6,CD31,Hoechst_7,CD45RO,HLA-DBP1,NKG2A,CD45_2,X_centroid,Y_centroid,Area,MajorAxisLength,MinorAxisLength,Eccentricity,Solidity,Extent,Orientation,Sample,Condition,Replicate,imageid,phenotype,Delete,TDA
29,39,8278.85416666667,177.027777777778,81.5787037037037,605.946759259259,20.7685185185185,2212.52777777778,410.055555555556,205.694444444444,954.6875,3729.85416666667,419.539351851852,1116.86342592593,996.872685185185,2688.98611111111,373.513888888889,132.863425925926,1007.39583333333,2484.45138888889,1187.50925925926,397.863425925926,965.613425925926,1970.27777777778,939.428240740741,2013.58796296296,576.891203703704,1140.98842592593,310.293981481481,118.12962962963,1008.99768518519,413.460648148148,13557.9560185185,8514.5462962963,432,24.8095820942685,22.3128625968962,0.437199175463016,0.968609865470852,0.785454545454545,0.174583357481567,FAHNSCC_15,HN,1,FAHNSCC_15,Ki67+ tumor cells,,carcinoma_in_situ_FAHNSCC_15_2
51,71,14918.9171374765,289.118644067797,108.239171374765,611.05461393597,62.0320150659134,3953.84934086629,762.28813559322,216.719397363465,958.536723163842,6300.93973634652,505.932203389831,1715.47269303202,960.93220338983,4621.91525423729,512.09604519774,195.634651600753,1027.5329566855,4037.75141242938,1081.12429378531,404.474576271186,972.472693032015,3721.76271186441,547.442561205273,1877.11299435028,574.248587570622,1852.50282485876,366.898305084746,136.870056497175,1027.49529190207,423.273069679849,13661.6290018832,8780.38606403013,531,29.8801340412569,22.6920605525224,0.650581585082003,0.968978102189781,0.756410256410256,-0.640991938126736,FAHNSCC_15,HN,1,FAHNSCC_15,tumor cells,,carcinoma_in_situ_FAHNSCC_15_2
54,75,14299.585106383,181.481382978723,85.7619680851064,596.702127659574,19.1023936170213,3307.31382978723,495.88164893617,245.178191489362,955.980053191489,5473.89494680851,436.833776595745,1012.80319148936,1270.16090425532,3328.96276595745,389.214095744681,144.815159574468,1123.80585106383,2457.73670212766,1132.96941489362,398.682180851064,1035.15159574468,1896.35239361702,5511.55984042553,1958.88164893617,572.002659574468,844.003989361702,272.70079787234,111.014627659574,998.496010638298,410.779255319149,13407.9082446809,8656.41489361702,752,32.8795410059133,29.1332974252392,0.463567589788995,0.970322580645161,0.785788923719958,0.0463743867763538,FAHNSCC_15,HN,1,FAHNSCC_15,Ki67+ tumor cells,,carcinoma_in_situ_FAHNSCC_15_2
98,129,8576.65137614679,117.003440366972,68.8348623853211,600.003440366972,28.6261467889908,2027.66972477064,467.534403669725,224.911697247706,953.947247706422,3004.62958715596,398.685779816514,758.454128440367,1089.13302752294,2012.12385321101,369.457568807339,163.346330275229,1108.15366972477,1563.83486238532,694.11123853211,381.014908256881,1008.69266055046,1249.58142201835,275.581422018349,2796.58371559633,582.442660550459,779.139908256881,276.586009174312,118.504587155963,987.735091743119,411.135321100918,14137.873853211,9199.43119266055,872,36.239819284057,30.774053788345,0.528106889760721,0.973214285714286,0.803686635944701,-0.185119143228272,FAHNSCC_15,HN,1,FAHNSCC_15,tumor cells,,carcinoma_in_situ_FAHNSCC_15_2
117,153,6273.30535714286,139.267857142857,86.9232142857143,602.346428571429,10.4607142857143,1397.41785714286,460.332142857143,246.871428571429,963.348214285714,2282.95178571429,411.571428571429,2330.48928571429,979.898214285714,1865.41428571429,401.544642857143,162.019642857143,1039.43928571429,1396.65357142857,1623.70178571429,407.533928571429,1020.70714285714,991.8125,452.783928571429,3450.61607142857,578.169642857143,854.339285714286,303.6625,116.678571428571,999.603571428571,416.278571428571,14054.6821428571,8150.69642857143,560,28.8299039122543,25.0069114446791,0.497620435736477,0.97053726169844,0.714285714285714,-0.643648772630412,FAHNSCC_15,HN,1,FAHNSCC_15,tumor cells,,carcinoma_in_situ_FAHNSCC_15_2
120,156,10746.8288159772,125.944365192582,70.3908701854494,599.138373751783,17.8388017118402,2607.57489300999,451.300998573467,264.363766048502,958.699001426534,3893.5577746077,393.064194008559,1158.38516405136,1218.22111269615,2616.12553495007,371.122681883024,159.566333808845,1066.00142653352,2003.37660485021,899.062767475036,383.299572039943,1120.12696148359,1447.93437945792,11178.3067047076,1571.68901569187,575.677603423681,698.37089871612,225.694721825963,101.554921540656,979.115549215406,407.172610556348,13555.9757489301,9047.49928673324,701,33.4215037233282,26.7554722841801,0.599270463127365,0.979050279329609,0.817016317016317,1.35690798249442,FAHNSCC_15,HN,1,FAHNSCC_15,Ki67+ tumor cells,,carcinoma_in_situ_FAHNSCC_15_2
166,210,9273.24639769452,237.939481268012,81.1253602305476,599.492795389049,18.1541786743516,1981.30403458213,528.208933717579,267.64265129683,961.818443804035,3144.31700288184,524.402017291066,2027.30403458213,997.038904899135,2264.91930835735,443.478386167147,162.743515850144,1076.88616714697,1618.78242074928,1541.12968299712,395.958213256484,954.21325648415,1171.90489913545,387.466858789625,5156.32276657061,578.527377521614,984.21613832853,341.942363112392,124.083573487032,1012.02593659942,416.082132564842,14427.6772334294,8576.34870317003,694,30.5918197277862,28.9833147509216,0.319991475366452,0.976090014064698,0.797701149425287,1.06571276621451,FAHNSCC_15,HN,1,FAHNSCC_15,tumor cells,,carcinoma_in_situ_FAHNSCC_15_2
167,211,15158.4816247582,193.317214700193,78.9709864603482,607.00580270793,18.8607350096712,3714.95744680851,482.727272727273,209.044487427466,949.497098646035,5743.57253384913,469.835589941973,1019.91295938104,980.51837524178,4526.00773694391,377.181818181818,123.564796905222,990.187620889749,3457.14506769826,1227.76789168279,388.061895551257,976.912959381044,3067.2746615087,3738.53771760155,2452.77562862669,580.1083172147,1474.61508704062,332.479690522244,120.276595744681,1016.65377176015,417.591876208898,14349.3191489362,8702.20889748549,517,26.7763562325276,24.5977031882682,0.395106797342297,0.966355140186916,0.795384615384615,0.399734489218489,FAHNSCC_15,HN,1,FAHNSCC_15,Ki67+ tumor cells,,carcinoma_in_situ_FAHNSCC_15_2
174,219,10817.5925925926,161.91975308642,85.6399176954732,603.72633744856,16.0699588477366,2128.18312757202,547.310699588477,234.271604938272,955.569958847737,3307.74897119342,447.183127572017,1357.07613168724,1120.97530864198,2816.44032921811,409.246913580247,151.820987654321,1032.67695473251,1880.36419753086,1428.05967078189,420.452674897119,1083.30452674897,1330.47325102881,11824.7633744856,1909.02880658436,571.337448559671,977.191358024691,326.106995884774,125.261316872428,1009.48971193416,416.868312757202,13653.1563786008,8152.11522633745,486,26.3686429321253,23.5260214221884,0.451646649082096,0.972,0.747692307692308,0.911203025252688,FAHNSCC_15,HN,1,FAHNSCC_15,Ki67+ tumor cells,,carcinoma_in_situ_FAHNSCC_15_2
223,278,12776.4021543986,182.917414721724,77.9317773788151,597.278276481149,15.1149012567325,1227.91561938959,395.529622980251,170.752244165171,937.67684021544,5328.58527827648,401.183123877917,1512.93536804309,981.62118491921,4003.14003590664,373.552962298025,123.780969479354,994.520646319569,3368.55834829443,1061.68043087971,396.687612208259,973.118491921005,3144.21543985637,2285.78096947935,1658.2118491921,576.032315978456,1525.30341113106,314.448833034111,118.737881508079,1018.52962298025,416.032315978456,13127.6122082585,8836.22082585278,557,30.4497421497176,23.3744847212457,0.640879535298197,0.970383275261324,0.768275862068966,0.612817013141811,FAHNSCC_15,HN,1,FAHNSCC_15,Ki67+ tumor cells,,carcinoma_in_situ_FAHNSCC_15_2
252,314,13880.4874141876,176.29061784897,92.5308924485126,608.361556064073,20.5858123569794,3252.92677345538,495.235697940503,239.302059496568,958.192219679634,5317.32036613272,410.869565217391,1153.38443935927,1146.88329519451,3559.35697940503,428.878718535469,139.675057208238,1096.25629290618,2360.31350114416,1579.74599542334,392.826086956522,1089.72082379863,1767.58581235698,603.057208237986,2158.81693363844,573.118993135012,910.727688787185,271.338672768879,113.752860411899,1002.99084668192,411.263157894737,13621.3935926773,8693.09839816934,437,26.6334397866605,20.9147504042007,0.619138754400583,0.971111111111111,0.791666666666667,-0.959320452613782,FAHNSCC_15,HN,1,FAHNSCC_15,tumor cells,,carcinoma_in_situ_FAHNSCC_15_2
273,339,7234.56277695716,176.772525849335,71.3264401772526,602.483013293944,15.9069423929099,1591.36189069424,455.796159527326,245.342688330871,956.138847858198,2715.54948301329,420.01329394387,1748.89660265879,1091.19793205318,1944.81979320532,364.341211225997,158.68094534712,1109.11964549483,1594.37813884786,740.831610044313,396.413589364845,1049.32496307238,1065.63515509601,1602.6765140325,3160.4047267356,573.589364844904,815.078286558346,267.09305760709,109.836041358936,979.258493353028,410.104874446086,13679.5982274742,8541.35155096012,677,32.1850596715856,26.8184808407039,0.552883302476913,0.968526466380544,0.789044289044289,-0.0648457264764937,FAHNSCC_15,HN,1,FAHNSCC_15,Ki67+ tumor cells,,carcinoma_in_situ_FAHNSCC_15_2
285,353,8378.91736694678,171.606442577031,76.6652661064426,612.378151260504,360.422969187675,2415.23949579832,585.680672268908,178.848739495798,957.488795518207,3688.14565826331,508.070028011205,149.169467787115,974.745098039216,2670.95238095238,419.263305322129,191.850140056022,1091.09523809524,1991.07843137255,533.014005602241,381.759103641457,976.235294117647,1499.83193277311,207.151260504202,1320.12464985994,621.093837535014,753.198879551821,264.852941176471,154.696078431373,995.047619047619,409.278711484594,14271.1582633053,9575.42156862745,714,37.8021285560736,24.0578471316683,0.771346720375878,0.97275204359673,0.762820512820513,-1.20961208425664,FAHNSCC_15,HN,1,FAHNSCC_15,stromal cells,,carcinoma_in_situ_FAHNSCC_15_2
306,375,11700.3699515347,160.959612277868,72.3198707592892,598.906300484653,21.3392568659128,2705.78190630048,470.174474959612,238.791599353796,956.975767366721,3889.7253634895,412.201938610662,972.583198707593,1173.44426494346,2696.5169628433,354.533117932149,154.263327948304,1096.96607431341,1845.75282714055,1152.31987075929,385.91760904685,1126.40226171244,1268.74313408724,3632.62843295638,2834.85945072698,581.32310177706,766.387722132472,250.282714054927,117.906300484653,981.476575121163,409.888529886914,14491.8836833603,8662.95961227787,619,29.3786084438183,26.8401995674899,0.406621543375378,0.976340694006309,0.762315270935961,-0.707344455062515,FAHNSCC_15,HN,1,FAHNSCC_15,Ki67+ tumor cells,,carcinoma_in_situ_FAHNSCC_15_2
308,377,8747.48478701826,288.632860040568,97.3225152129817,602.789046653144,16.551724137931,2038.44421906694,422.608519269777,210.123732251521,955.296146044625,3168.69574036511,382.831643002028,2984.44016227181,961.817444219067,2382.54361054767,366.476673427992,136.829614604462,1003.22312373225,2193.79918864097,759.160243407708,386.369168356998,984.217038539554,1775.43002028398,394.716024340771,1251.9878296146,576.896551724138,947.283975659229,286.32860040568,116.359026369168,1002.51926977688,411.470588235294,13381.7789046653,9313.67951318459,493,26.5187260291516,23.705833440209,0.44821045833668,0.972386587771203,0.758461538461538,-1.04256775133155,FAHNSCC_15,HN,1,FAHNSCC_15,tumor cells,,carcinoma_in_situ_FAHNSCC_15_2
321,391,9841.35322580645,160.116129032258,85.1403225806452,595.577419354839,19.641935483871,2396.40483870968,464.979032258065,255.827419354839,955.95,3679.92419354839,432.659677419355,1141.62096774194,1228.84677419355,2358.97741935484,371.9,160.404838709677,1107.79838709677,1705.67741935484,1106.38870967742,395.132258064516,1025.94032258065,1206.76612903226,3443.83225806452,4244.93225806452,583.998387096774,820.646774193548,273.575806451613,109.611290322581,995.437096774194,412.427419354839,14472.5209677419,8639.59838709677,620,30.9440857246366,25.5616591438755,0.56358276555186,0.977917981072555,0.791826309067688,-0.647281097925829,FAHNSCC_15,HN,1,FAHNSCC_15,Ki67+ tumor cells,,carcinoma_in_situ_FAHNSCC_15_2
325,396,7797.48190476191,273.211428571429,105.687619047619,603.300952380952,8.4952380952381,1437.73714285714,490.428571428571,281.146666666667,964.302857142857,2146.09523809524,420.794285714286,4261.80952380952,1073.25714285714,1981.13714285714,374.651428571429,158.586666666667,1013.70476190476,1424.17142857143,1253.98666666667,414.64,1147.09333333333,1006.58857142857,1247.1219047619,1179.17523809524,572.512380952381,864.299047619048,291.062857142857,111.306666666667,984.824761904762,415.350476190476,13520.4933333333,8101.70476190476,525,27.467191480974,24.3724656144874,0.461134799449986,0.963302752293578,0.747863247863248,-0.79527596367168,FAHNSCC_15,HN,1,FAHNSCC_15,Ki67+ tumor cells,,carcinoma_in_situ_FAHNSCC_15_2
369,446,7425.40401785714,162.477678571429,64.9017857142857,600.776785714286,18.9508928571429,1818.06919642857,391.513392857143,194.640625,945.669642857143,2870.00446428571,377.352678571429,2082.45089285714,1000.48660714286,2190.37053571429,342.256696428571,121.685267857143,971.383928571429,2114.16294642857,887.004464285714,384.834821428571,991.002232142857,1893.04241071429,427.080357142857,1628.69866071429,577.151785714286,1033.578125,282.506696428571,112.785714285714,993.808035714286,412.267857142857,13422.2120535714,9495.85491071429,448,29.7418470015277,19.2170452067568,0.763228921474491,0.963440860215054,0.785964912280702,1.51991928752648,FAHNSCC_15,HN,1,FAHNSCC_15,tumor cells,,carcinoma_in_situ_FAHNSCC_15_2
427,511,15117.5292792793,183.268018018018,96.4797297297297,602.612612612613,18.8513513513514,4213.0472972973,538.896396396396,244.405405405405,949.027027027027,5627.7027027027,448.454954954955,924.157657657658,1015.15990990991,4072.68468468468,418.213963963964,151.101351351351,1039.92567567568,3329.83558558559,1303.22972972973,407.637387387387,996.024774774775,2708.27702702703,8266.37387387387,1512.07882882883,577.182432432432,1235.87387387387,338.623873873874,128.400900900901,1025.39864864865,414.885135135135,13053.7522522523,8892.74774774775,444,26.9382140612736,21.0012661900476,0.626266929086494,0.96943231441048,0.776223776223776,-0.522283573173542,FAHNSCC_15,HN,1,FAHNSCC_15,Ki67+ tumor cells,,carcinoma_in_situ_FAHNSCC_15_2
433,519,8953.11821705426,173.666666666667,72.7732558139535,599.600775193798,15.1124031007752,2205.31201550388,494.073643410853,244.68023255814,949.841085271318,3547.38565891473,423.232558139535,2179.21705426357,1123.96317829457,2662.09496124031,393.782945736434,188.255813953488,1058.6007751938,2085.68604651163,921.767441860465,398.697674418605,1137.6511627907,1622.7519379845,430.044573643411,2444.84496124031,575.453488372093,962.418604651163,287.443798449612,116.773255813953,991.048449612403,412.864341085271,14140.4399224806,8458.58333333333,516,27.0668704848952,24.2760002727225,0.44225408113617,0.960893854748603,0.763313609467456,-0.45086547956132,FAHNSCC_15,HN,1,FAHNSCC_15,tumor cells,,carcinoma_in_situ_FAHNSCC_15_2
437,524,8892.0218579235,159.697632058288,77.4134790528233,598.892531876138,17.5173041894353,2192.64116575592,435.071038251366,245.663023679417,947.422586520947,3602.51730418944,392.837887067395,1552.61384335155,1188.37704918033,2610.62659380692,389.03825136612,145.925318761384,1077.05282331512,2168.04918032787,1486.65391621129,396.748633879781,1015.05464480874,1619.21675774135,621.52276867031,2010.35701275046,574.287795992714,872.528233151184,263.382513661202,109.098360655738,992.564663023679,410.060109289618,13513.4553734062,8539.56830601093,549,30.4043486317884,23.0697255677547,0.651365621761401,0.963157894736842,0.769985974754558,1.52586044412649,FAHNSCC_15,HN,1,FAHNSCC_15,tumor cells,,carcinoma_in_situ_FAHNSCC_15_2
461,549,10248.4624277457,332.649325626204,97.3217726396917,602.277456647399,15.2678227360308,2321.73795761079,509.516377649326,198.314065510597,949.001926782274,3670.10019267823,411.531791907515,4552.87090558767,945.410404624278,3041.63969171484,415.150289017341,133.11753371869,951.038535645472,2870.81888246628,959.452793834297,395.664739884393,957.086705202312,2567.6936416185,303.946050096339,2318.17341040462,576.489402697495,1470.5183044316,338.637764932563,125.200385356455,1001.90944123314,417.129094412331,13337.4258188825,9049.95183044316,519,27.4132752966189,24.1538477639965,0.472929264593334,0.975563909774436,0.800925925925926,-0.271669925603573,FAHNSCC_15,HN,1,FAHNSCC_15,tumor cells,,carcinoma_in_situ_FAHNSCC_15_2
467,555,24772.6428571429,482.625,155.133928571429,603.8125,40.8035714285714,5604.5,663.580357142857,241.3125,1001.375,8940.49107142857,552.026785714286,225.910714285714,955.8125,9571.65178571429,514.169642857143,188.75,1123.94642857143,6988.24107142857,796.544642857143,425.625,945.803571428571,6789.20535714286,401.053571428571,1155.77678571429,728.660714285714,3520.79464285714,410.455357142857,148.892857142857,1014.17857142857,436.383928571429,14527.6964285714,8221.98214285714,112,14.4627674887309,9.88101609227953,0.730227854989946,0.918032786885246,0.746666666666667,-0.0174316013475905,FAHNSCC_15,HN,1,FAHNSCC_15,Unknown,,carcinoma_in_situ_FAHNSCC_15_2
481,575,7789.04482225657,157.867078825348,84.8794435857805,608.109737248841,12.1236476043277,1821.55950540958,439.823802163833,212.511591962906,954.228748068006,3104.88408037094,395.831530139104,2466.75734157651,976.367851622875,2955.95054095827,386.958268933539,128.595054095827,945.295208655332,2299.84389489954,1578.27047913447,404.995363214838,964.663060278207,2156.68778979907,364.669242658424,2750.91808346213,574.809891808346,1368.17774343122,341.627511591963,122.109737248841,1006.03245749614,421.075734157651,14354.9675425039,8346.54714064915,647,31.1334538972954,26.5501827776428,0.52226002744282,0.970014992503748,0.77299880525687,-0.390550352777398,FAHNSCC_15,HN,1,FAHNSCC_15,tumor cells,,carcinoma_in_situ_FAHNSCC_15_2
514,610,7660.06235294118,149.297647058824,74.7105882352941,607.795294117647,20.7623529411765,1834.29882352941,445.150588235294,218.612941176471,952.712941176471,2750.15647058824,395.250588235294,996.409411764706,1010.02705882353,2047.67294117647,372.405882352941,176.783529411765,1111.41529411765,1511.13294117647,790.075294117647,387.923529411765,1078.38470588235,1074.14235294118,308.503529411765,3244.72470588235,577.942352941177,812.749411764706,276.897647058824,113.277647058824,982.116470588235,411.441176470588,14107.7376470588,8792.2,850,34.1352862393738,32.1585195565471,0.335359515281668,0.971428571428571,0.735930735930736,0.112791595543316,FAHNSCC_15,HN,1,FAHNSCC_15,tumor cells,,carcinoma_in_situ_FAHNSCC_15_2
522,619,5736.18825910931,163.86032388664,71.497975708502,597.876518218624,16.6234817813765,1427.7024291498,382.627530364373,175.115384615385,938.404858299595,2227.39068825911,357.234817813765,1972.16194331984,944.639676113361,1809.57489878542,371.991902834008,118.425101214575,974.382591093117,1756.09311740891,1508.47975708502,379.048582995951,1035.99190283401,1513.12955465587,452.248987854251,2478.08502024292,578.491902834008,941.641700404858,277.168016194332,115.230769230769,1000.45951417004,410.894736842105,13759.3461538462,9235.43724696356,494,27.8965940866534,22.5441149408761,0.589002177113524,0.970530451866405,0.791666666666667,-0.574558966733677,FAHNSCC_15,HN,1,FAHNSCC_15,tumor cells,,carcinoma_in_situ_FAHNSCC_15_2
561,665,4817.94192377495,183.511796733212,70.8638838475499,597.194192377496,15.448275862069,1204.09074410163,416.26497277677,234.593466424682,946.177858439202,1932.79673321234,370.424682395644,1897.68965517241,984.894736842105,1366.32486388385,351.068965517241,152.268602540835,1063.8275862069,1135.30490018149,729.878402903811,389.052631578947,961.970961887477,796.502722323049,241.417422867514,3979.07259528131,577.916515426497,762.633393829401,267.012704174229,117.849364791289,997.898366606171,407.655172413793,13191.5607985481,9216.56442831216,551,28.1645093278868,24.9887018022556,0.461306581241964,0.973498233215548,0.756868131868132,-0.259836765277248,FAHNSCC_15,HN,1,FAHNSCC_15,tumor cells,,carcinoma_in_situ_FAHNSCC_15_2
572,676,14354.734375,170.591517857143,79.7924107142857,602.888392857143,25.3683035714286,3356.43080357143,483.359375,208.109375,954.09375,5028.06696428572,459.084821428571,1331.94196428571,982.558035714286,3947.64955357143,414.872767857143,129.341517857143,1077.26785714286,2905.04910714286,1266.49107142857,394.602678571429,1110.01116071429,2420.24107142857,600.075892857143,4280.41964285714,587.216517857143,1103.05580357143,300.537946428571,126.834821428571,1011.56919642857,414.265625,14539.6026785714,8655.859375,448,25.0379294043253,22.8037246039411,0.412920241501595,0.967602591792657,0.811594202898551,-0.979546509178324,FAHNSCC_15,HN,1,FAHNSCC_15,tumor cells,,carcinoma_in_situ_FAHNSCC_15_2
574,678,14079.6940133038,276.538802660754,98.2372505543237,608.984478935699,314.827050997783,3781.977827051,482.359201773836,196.084257206208,998.008869179601,5523.62749445676,446.075388026608,214.913525498891,948.272727272727,3893.76274944568,718.270509977827,234.90022172949,991.80044345898,3384.87583148559,573.219512195122,389.419068736142,975.252771618625,2867.26829268293,267.292682926829,1339.66740576497,580.288248337029,878.330376940133,259.807095343681,112.013303769401,984.886917960089,409.376940133038,13628.0376940133,9279.73835920177,451,30.8026226196985,18.7797519002923,0.792647427068919,0.951476793248945,0.695987654320988,-0.664092668199411,FAHNSCC_15,HN,1,FAHNSCC_15,stromal cells,,carcinoma_in_situ_FAHNSCC_15_2
631,738,10015.6469622332,185.766830870279,93.1576354679803,602.412151067324,26.8571428571429,2167.74548440066,486.451559934319,240.090311986864,956.110016420361,3125.84236453202,406.449917898194,1382.21346469622,1059.97208538588,2248.91297208539,363.596059113301,159.492610837438,1109.2380952381,1723.46798029557,766.518883415435,386.625615763547,1121.17405582923,1174.91789819376,332.91789819376,3095.74876847291,577.174055829228,785.111658456486,256.461412151067,108.545155993432,978.133004926108,409.540229885058,14152.7192118227,8786.78489326765,609,29.9615619547389,25.9388103454729,0.500500491786584,0.968203497615262,0.777777777777778,-0.568098937919291,FAHNSCC_15,HN,1,FAHNSCC_15,tumor cells,,carcinoma_in_situ_FAHNSCC_15_2
656,768,13538.899691358,148.694444444444,76.2962962962963,603.930555555556,46.483024691358,3125.3487654321,483.733024691358,231.791666666667,953.791666666667,4856.99074074074,400.779320987654,767.507716049383,1061.62037037037,3415.07561728395,370.20987654321,162.558641975309,1072.68209876543,2508.43827160494,988.79012345679,387.126543209877,1048.80401234568,1857.0262345679,15993.1188271605,2222.06790123457,574.918209876543,825.87962962963,261.677469135803,111.854938271605,986.742283950617,408.229938271605,13647.6157407407,8828.41203703704,648,30.5179692834168,27.068625345852,0.461820617202493,0.967164179104478,0.771428571428572,-1.00359670172962,FAHNSCC_15,HN,1,FAHNSCC_15,Ki67+ tumor cells,,carcinoma_in_situ_FAHNSCC_15_2
700,819,7327.9689608637,140.039136302294,62.2361673414305,603.327935222672,15.3819163292848,1755.61808367072,499.400809716599,264.095816464238,966.133603238866,2764.30904183536,473.249662618084,1391.02834008097,1021.8286099865,2358.24696356275,408.647773279352,173.57624831309,1089.38191632928,1607.2334682861,1306.93522267206,397.411605937922,991.685560053981,1132.01619433198,371.439946018893,2642.04318488529,577.5330634278,883.395411605938,294.595141700405,115.730094466937,998.292847503374,415.457489878543,14380.1686909582,8435.71929824561,741,31.9949118831009,29.5990690464628,0.37967970331971,0.969895287958115,0.746975806451613,1.07251142408342,FAHNSCC_15,HN,1,FAHNSCC_15,tumor cells,,carcinoma_in_situ_FAHNSCC_15_2
703,823,9786.11689961881,314.570520965693,99.0952986022872,601.43583227446,8.98729351969504,1959.51334180432,472.391359593393,289.747141041931,960.353240152478,3022.06861499365,418.592121982211,1270.93900889454,1033.31385006353,2465.42185514612,383.07623888183,161.099110546379,1009.5501905972,1829.61753494282,800.252858958069,409.972045743329,988.045743329098,1292.03176620076,365.731893265565,2555.29479034308,573.448538754765,878.316391359593,300.165184243964,116.362134688691,991.125794155019,414.904701397713,13811.4218551461,8137.06988564168,787,36.576628569849,27.7134054626117,0.652625436210689,0.969211822660098,0.76930596285435,-0.95513053013849,FAHNSCC_15,HN,1,FAHNSCC_15,tumor cells,,carcinoma_in_situ_FAHNSCC_15_2
705,825,14911.0494505495,238.03663003663,88.0018315018315,602.46336996337,20.2252747252747,3522.21062271062,528.57326007326,261.199633699634,948.289377289377,5339.77289377289,449.602564102564,1222.58241758242,1127.87912087912,4016.78205128205,371.807692307692,158.135531135531,1059.95604395604,2802.34615384615,710.305860805861,386.153846153846,968.694139194139,2439.67582417582,670.846153846154,1898.24542124542,580.115384615385,1062.99084249084,284.875457875458,115.974358974359,985.35347985348,413.32967032967,14157.7142857143,8968.95238095238,546,29.3079075898936,23.8114720325349,0.583018390086898,0.975,0.78,0.400854298117519,FAHNSCC_15,HN,1,FAHNSCC_15,tumor cells,,carcinoma_in_situ_FAHNSCC_15_2
729,851,9181.50894085282,204.543328748281,82.4938101788171,600.712517193948,46.5116918844567,2119.69325997249,433.650618982118,246.935350756534,957.136176066025,3371.02751031637,392.119669876204,1309.33012379642,1365.83631361761,2178.70839064649,357.686382393398,155.281980742779,1093.38927097662,1679.46217331499,657.972489683631,380.262723521321,1033.25859697387,1141.7386519945,8528.09353507565,1077.61348005502,575.920220082531,686.665749656121,233.821182943604,103.169188445667,972.199449793673,407.678129298487,13490.1746905089,9243.74690508941,727,32.6494057418558,28.4048587148191,0.493058438046869,0.974530831099196,0.786796536796537,1.54342449061579,FAHNSCC_15,HN,1,FAHNSCC_15,Ki67+ tumor cells,,carcinoma_in_situ_FAHNSCC_15_2
740,867,20062.679941003,166.435103244838,81.7758112094395,598.057522123894,23.1283185840708,4534.83775811209,526.690265486726,260.699115044248,953.370206489676,6741.2005899705,458.70796460177,725.719764011799,1170.86578171091,4401.06932153392,380.812684365782,165.272861356932,1146.17994100295,3018.58112094395,976.647492625369,390.840707964602,1081.72271386431,2224.06784660767,15879.4026548673,3139.77581120944,577.314159292035,830.480825958702,258.629793510325,109.001474926254,985.985250737463,408.153392330384,14219.6578171091,8766.83333333333,678,30.1460738320741,28.6757823218042,0.308489458854896,0.969957081545064,0.807142857142857,0.138279531071584,FAHNSCC_15,HN,1,FAHNSCC_15,Ki67+ tumor cells,,carcinoma_in_situ_FAHNSCC_15_2
744,871,11227.0205223881,250.554104477612,88.3936567164179,596.96828358209,19.580223880597,2600.61567164179,483.973880597015,268.65671641791,954.610074626866,3925.06716417911,421.236940298508,1451.78731343284,1116.32089552239,3000.12686567164,373.106343283582,162.046641791045,1100.77425373134,1859.31529850746,1094.55223880597,383.705223880597,1122.92164179104,1350.07276119403,800.352611940299,2167.77985074627,575.94776119403,797.154850746269,258.236940298508,110.246268656716,987.699626865672,410.817164179104,14201.1865671642,8843.22201492537,536,26.8861975864892,25.3958853262359,0.328311195045194,0.96229802513465,0.763532763532764,0.567207539201042,FAHNSCC_15,HN,1,FAHNSCC_15,Ki67+ tumor cells,,carcinoma_in_situ_FAHNSCC_15_2
765,896,8440.26763110307,174.343580470163,77.3978300180832,597.708860759494,16.1826401446655,2000.74141048825,419.305605786618,231.132007233273,955.446654611212,3217.9746835443,372.242314647378,1582.96925858951,1034.41772151899,2220.56600361664,372.958408679928,147.088607594937,1017.5424954792,1735.60759493671,855.390596745027,384.446654611212,1022.83544303797,1215.15732368897,446.517179023508,1510.9095840868,570.515370705244,779.678119349005,255.396021699819,109.940325497288,982.855334538879,409.546112115732,13544.3779385172,9077.50813743219,553,28.5073883218989,24.738649112174,0.496917461496341,0.965095986038394,0.759615384615385,0.643334806552916,FAHNSCC_15,HN,1,FAHNSCC_15,tumor cells,,carcinoma_in_situ_FAHNSCC_15_2
766,897,9228.33608247423,193.678350515464,87.7567010309278,602.408247422681,14.4185567010309,2015.23092783505,488.659793814433,217.99175257732,949.222680412371,3274.09896907217,494.915463917526,1047.91340206186,1015.10309278351,2773.84329896907,402.663917525773,136.525773195876,1014.68865979381,2393.91340206186,1809.72164948454,405.387628865979,967.744329896907,2075.10927835052,1218.25773195876,5809.88041237113,575.832989690722,1347.16082474227,342.488659793814,123.478350515464,1025.21443298969,420.329896907217,14431.8164948454,8379.62680412371,485,30.562799052456,20.3196538209448,0.746977565780655,0.971943887775551,0.76984126984127,-1.3088124956788,FAHNSCC_15,HN,1,FAHNSCC_15,Ki67+ tumor cells,,carcinoma_in_situ_FAHNSCC_15_2
771,902,16310.1389728097,147.702416918429,72.0483383685801,606.037764350453,19.4909365558912,3461.68731117825,533.913897280967,258.779456193354,959.531722054381,5071.32628398792,479.85498489426,583.336858006042,1101.06948640483,3475.46827794562,385.202416918429,193.551359516616,1149.17673716012,2308.4335347432,912.179758308157,387.196374622357,976.173716012085,1705.74320241692,337.107250755287,4109.55438066465,580.012084592145,907.299093655589,276.930513595166,120.752265861027,1001.22960725076,410.095166163142,14141.2598187311,8714.76132930514,662,30.5116472150198,27.6504314988777,0.422794770145262,0.969253294289898,0.762672811059908,0.257400571356857,FAHNSCC_15,HN,1,FAHNSCC_15,tumor cells,,carcinoma_in_situ_FAHNSCC_15_2
772,903,9279.04938271605,169.396825396825,74.3544973544974,601.231040564374,10.4109347442681,2157.42504409171,476.483245149912,250.585537918871,954.238095238095,3370.96649029982,421.201058201058,1414.69312169312,1154.70723104056,2938.3721340388,359.026455026455,157.984126984127,1036.27513227513,1954.11992945326,1070.61375661376,411.564373897707,1160.86419753086,1500.41622574956,10615.8571428571,3695.42504409171,577.135802469136,870.756613756614,286.303350970018,114.186948853616,994.957671957672,415.243386243386,14331.2592592593,8311.7266313933,567,30.3391248692681,23.8257205367213,0.619098460268943,0.959390862944162,0.756,1.22203994279189,FAHNSCC_15,HN,1,FAHNSCC_15,Ki67+ tumor cells,,carcinoma_in_situ_FAHNSCC_15_2
787,921,23443.8587570621,344.841807909605,104.757062146893,608.005649717514,126.310734463277,6244.5197740113,670.497175141243,220.022598870057,959.830508474576,8671.43502824859,540.994350282486,146.723163841808,971.661016949153,6020.74011299435,375.751412429379,134.056497175141,993.101694915254,5537.65536723164,564.717514124294,395.723163841808,954.033898305085,5361.07344632768,254.175141242938,940.333333333333,843.197740112994,1994.31073446328,339.853107344633,139.033898305085,1011.96610169492,422.604519774011,14591.9661016949,9252.81920903955,177,17.2127253481502,13.1275769660105,0.646791391074068,0.951612903225806,0.7375,-0.592317729686644,FAHNSCC_15,HN,1,FAHNSCC_15,stromal cells,,carcinoma_in_situ_FAHNSCC_15_2
795,931,11947.1879350348,191.385150812065,98.8027842227378,606.638051044084,15.0649651972158,3312.09048723898,484.264501160093,227.069605568445,955.092807424594,5081.20649651972,420.357308584687,1337.9373549884,982.194895591647,3744.38283062645,391.647331786543,157.779582366589,993.883990719258,3137.4222737819,687.030162412993,401.078886310905,975.881670533643,2647.94663573086,329.102088167053,1563.48027842227,575.07192575406,1218.70533642691,311.373549883991,119.691415313225,1001.10672853828,415.603248259861,13319.8909512761,9190.3758700696,431,24.9242398470721,22.0498747920576,0.466206518984287,0.959910913140312,0.753496503496504,-0.103661443170422,FAHNSCC_15,HN,1,FAHNSCC_15,tumor cells,,carcinoma_in_situ_FAHNSCC_15_2
834,978,8216.64660194175,207.914563106796,96.1766990291262,607.112621359223,15.031067961165,1959.87378640777,534.011650485437,296.514563106796,963.046601941748,3018.36893203884,404.093203883495,1949.74368932039,966.955339805825,1984.44660194175,397.332038834951,215.326213592233,1056.85631067961,1563.89126213592,931.26213592233,389.563106796117,957.92427184466,1138.65825242718,273.135922330097,3670.58058252427,577.343689320388,878.809708737864,301.240776699029,127.559223300971,988.293203883495,412.060194174757,13273.1669902913,9099.19611650485,515,28.4715668551911,23.045534736068,0.587226333334334,0.977229601518026,0.799689440993789,-0.321975816974828,FAHNSCC_15,HN,1,FAHNSCC_15,tumor cells,,carcinoma_in_situ_FAHNSCC_15_2
843,987,9475.26638477801,132.446088794926,62.8837209302326,602.594080338266,19.8900634249471,2230.48625792812,440.725158562368,220.558139534884,948.22621564482,3282.02959830867,431.00422832981,881.484143763214,1073.51374207188,2078.73572938689,384.372093023256,145.820295983087,1043.71247357294,1616.48625792812,1095.34038054968,387.596194503171,1008.05285412262,1145.85623678647,3860.70613107822,1984.00422832981,576.086680761099,722.678646934461,252.012684989429,106.892177589852,992.775898520084,408.139534883721,13482.9725158562,9489.75687103594,473,27.1028171714338,22.2309028933298,0.572014866636426,0.967280163599182,0.796296296296296,-1.48949077966718,FAHNSCC_15,HN,1,FAHNSCC_15,Ki67+ tumor cells,,carcinoma_in_situ_FAHNSCC_15_2
852,996,18869.1386861314,182.015815085158,85.3041362530414,608.343065693431,20.5729927007299,4345.37834549878,525.687347931873,262.217761557178,956.647201946472,6519.15085158151,476.712895377129,1144.80170316302,1440.56447688564,4385.47688564477,394.400243309002,155.772506082725,1069.83454987835,3019.05352798054,1057.47931873479,396.711678832117,1061.03892944039,2238.77858880779,21813.697080292,3216.50364963504,581.928223844282,972.261557177616,296.088807785888,114.823600973236,1004.91119221411,412.874695863747,14483.6289537713,8591.85766423358,822,37.8288159527893,27.8227130643039,0.677535658126116,0.968197879858657,0.766076421248835,-1.33299501803842,FAHNSCC_15,HN,1,FAHNSCC_15,Ki67+ tumor cells,,carcinoma_in_situ_FAHNSCC_15_2
860,1004,10845.922705314,238.785024154589,75.2342995169082,598.142512077295,14.0144927536232,2822.52173913044,432.062801932367,223.927536231884,956.57729468599,4424.99033816425,368.480676328502,2328.37922705314,1001.3115942029,3015.73671497585,367.466183574879,138.606280193237,1016.34541062802,2863.27777777778,850.207729468599,387.913043478261,984.461352657005,2327.84299516908,438.270531400966,1454.2270531401,575.971014492754,976.579710144928,260.731884057971,111.282608695652,982.910628019324,410.480676328502,13212.1473429952,9244.23913043478,414,25.2591332798952,20.8741080176634,0.563085818808464,0.965034965034965,0.752727272727273,-0.418773527885219,FAHNSCC_15,HN,1,FAHNSCC_15,tumor cells,,carcinoma_in_situ_FAHNSCC_15_2
919,1073,8515.87909836066,239.303278688525,84.327868852459,596.581967213115,16.0061475409836,2033.46926229508,396.088114754098,216.206967213115,953.180327868852,3155.94057377049,364.475409836066,2345.2356557377,1087.11885245902,2139.60245901639,363.086065573771,144.633196721311,1007.80737704918,1948.18032786885,693.959016393443,387.622950819672,1015.23975409836,1529.45696721311,1321.67418032787,1557.34016393443,578.28893442623,804.661885245902,261.266393442623,108.625,984.145491803279,411.649590163934,13322.5901639344,9454.70696721312,488,26.0982463944107,23.854075446572,0.405690166223751,0.970178926441352,0.7808,0.984045778829464,FAHNSCC_15,HN,1,FAHNSCC_15,Ki67+ tumor cells,,carcinoma_in_situ_FAHNSCC_15_2
925,1079,14436.9381294964,173.519424460432,87.6776978417266,604.362589928058,21.1985611510791,3517.03021582734,473.841726618705,240.556834532374,953.876258992806,5530.37841726619,439.658992805755,948.056115107914,1311.24028776978,3480.21151079137,349.805755395683,148.638848920863,1092.38417266187,2561.35107913669,897.597122302158,391.438848920863,1238.43884892086,1863.82877697842,11710.4561151079,3064.73237410072,583.54964028777,794.838848920863,248.584172661871,105.755395683453,981.995683453238,409.031654676259,14413.9798561151,8678.64604316547,695,32.405354511671,27.3383791669362,0.536912850769079,0.966620305980528,0.775669642857143,0.342736613526551,FAHNSCC_15,HN,1,FAHNSCC_15,Ki67+ tumor cells,,carcinoma_in_situ_FAHNSCC_15_2
942,1098,11102.1949685535,203.840670859539,95.0293501048218,602.568134171908,15.1299790356394,2581.26624737946,491.295597484277,238.752620545073,953.488469601677,4077.64360587002,419.840670859539,1177.19077568134,978.842767295598,2856.38155136268,370.303983228512,166.471698113208,1101.97693920335,2245.96855345912,896.203354297694,404.763102725367,1074.49685534591,1641.74213836478,489.779874213837,1720.21383647799,576.243186582809,888.771488469602,279.025157232704,112.976939203354,991.756813417191,412.40251572327,13347.9161425577,8607.18238993711,477,25.3650803326064,23.9641898375995,0.327731508716932,0.977459016393443,0.795,-0.205581761198925,FAHNSCC_15,HN,1,FAHNSCC_15,tumor cells,,carcinoma_in_situ_FAHNSCC_15_2
953,1112,13140.4699186992,179.287804878049,79.8325203252033,604.147967479675,16.6943089430894,2051.70731707317,712.019512195122,223.49593495935,937.513821138211,4362.66829268293,401.972357723577,1261.20975609756,1056.52520325203,2923.61138211382,375.930081300813,154.29756097561,1082.96097560976,2105.10731707317,1067.3674796748,398.354471544715,1111.4243902439,1518.10406504065,413.221138211382,2074.73495934959,574.2,875.70406504065,280.411382113821,114.035772357724,990.756097560976,410.565853658537,13310.4357723577,8746.24552845529,615,31.2369986440314,25.1785141836588,0.591850434210645,0.9609375,0.739182692307692,0.268929461290868,FAHNSCC_15,HN,1,FAHNSCC_15,tumor cells,,carcinoma_in_situ_FAHNSCC_15_2
1016,1184,9938.08108108108,199.219219219219,90.4624624624625,603.977477477478,11.4414414414414,2171.31081081081,505.684684684685,281.42042042042,962.187687687688,3137.81831831832,421.761261261261,2396.30630630631,1227.22672672673,2469.34384384384,356.545045045045,147.615615615616,1011.89339339339,1725.43693693694,933.657657657658,416.774774774775,1120.88738738739,1201.08108108108,16145.9369369369,2146.5990990991,574.719219219219,787.061561561562,271.827327327327,110.282282282282,987.993993993994,413.695195195195,13508.8663663664,8157.42642642643,666,30.4211521453016,27.9614883279809,0.393916420268692,0.973684210526316,0.76551724137931,-0.912244338843858,FAHNSCC_15,HN,1,FAHNSCC_15,Ki67+ tumor cells,,carcinoma_in_situ_FAHNSCC_15_2
1046,1219,14431.7338308458,399.883084577114,119.004975124378,603.067164179105,18.2189054726368,3849.13184079602,592.455223880597,224.803482587065,949.646766169154,5948.07960199005,439.562189054726,3003.0223880597,950.825870646766,4496.8184079602,411.870646766169,148.539800995025,959.497512437811,3857.75621890547,711.176616915423,398.13184079602,997.23631840796,3399.39054726368,333.495024875622,1240.82089552239,578.243781094527,1581.95771144279,343.467661691542,129.982587064677,997.504975124378,418.594527363184,13352.039800995,8952.4104477612,402,23.2898459065558,22.0378815691562,0.323453114253792,0.95260663507109,0.75992438563327,0.767189435090798,FAHNSCC_15,HN,1,FAHNSCC_15,tumor cells,,carcinoma_in_situ_FAHNSCC_15_2
1058,1231,10568.9149888143,241.93288590604,86.3736017897092,601.615212527964,17.496644295302,2394.48993288591,495.720357941834,239.519015659955,955.111856823266,3655.79194630872,417.96644295302,1898.42729306488,986.026845637584,2496.56599552573,341.447427293065,147.158836689038,1025.38031319911,2133.48993288591,734.185682326622,392.026845637584,1007.52348993289,1662.30201342282,340.572706935123,2818.91722595078,576.744966442953,1057.53691275168,300.219239373602,117.796420581655,989.767337807606,414.897091722595,14327.8031319911,8575.85458612975,447,25.4638077784408,22.3707982183637,0.477681458850102,0.978118161925602,0.812727272727273,-0.204995714113568,FAHNSCC_15,HN,1,FAHNSCC_15,tumor cells,,carcinoma_in_situ_FAHNSCC_15_2
1095,1270,23865.1065830721,248.636363636364,78.7492163009404,606.507836990596,211.278996865204,6253.31661442006,798.379310344828,240.084639498433,971.470219435737,9133.12225705329,576.394984326019,151.175548589342,957.962382445141,8250.97178683386,438.943573667712,147.92789968652,1182.52978056426,5907.5329153605,682.777429467085,410.310344827586,969.166144200627,5550.37617554859,323.169278996865,5885.56426332288,1610.34796238245,1765.88714733542,372.062695924765,134.76802507837,1041.05642633229,420.66144200627,14624.3636363636,9086.36363636364,319,21.892871114649,18.5433645635304,0.531585412803479,0.975535168195719,0.7975,-0.785398163397448,FAHNSCC_15,HN,1,FAHNSCC_15,stromal cells,,carcinoma_in_situ_FAHNSCC_15_2
1111,1286,15133.544973545,287.92328042328,111.07671957672,619.838624338624,570.452380952381,4166.39947089947,683.679894179894,200.119047619048,954.526455026455,5631.70105820106,641.187830687831,148.820105820106,963.560846560847,3456.01587301587,417.955026455026,259.338624338624,1074.0873015873,2739.2037037037,546.92328042328,385.375661375661,983.730158730159,2515.75396825397,230.18253968254,1040.31746031746,643.666666666667,923.092592592593,298.042328042328,209.849206349206,1000.15608465608,415.505291005291,14557.8835978836,9258.90740740741,378,24.433793643895,19.9175760771018,0.579228662845513,0.964285714285714,0.75,-1.3704082354889,FAHNSCC_15,HN,1,FAHNSCC_15,stromal cells,,carcinoma_in_situ_FAHNSCC_15_2
1125,1303,6802.35093167702,178.616459627329,87.6304347826087,598.504658385093,17.0248447204969,832.329192546584,372.052795031056,201.627329192547,989.590062111801,2651.99844720497,381.748447204969,1775.31211180124,953.285714285714,2013.7748447205,364.093167701863,161.982919254658,1058.03105590062,1510.89130434783,788.639751552795,401.32298136646,1096.05279503106,1038.07608695652,322.347826086957,1691.45186335404,574.052795031056,853.085403726708,289.273291925466,113.265527950311,995.003105590062,413.975155279503,13172.0590062112,8676.92236024845,644,29.7724760725418,27.600640209481,0.374932221488957,0.966966966966967,0.765755053507729,-0.689873590845737,FAHNSCC_15,HN,1,FAHNSCC_15,tumor cells,,carcinoma_in_situ_FAHNSCC_15_2
1138,1316,7635.16748768473,200.174876847291,94.1625615763547,598.21921182266,16.2389162561576,2154.53694581281,460.788177339902,230.34236453202,951.187192118227,3322.13300492611,407.669950738916,2174.83004926108,981.913793103448,2375.96305418719,380.229064039409,155.822660098522,1014.39408866995,1780.27832512315,974.054187192118,392.509852216749,950.692118226601,1266.05418719212,308.386699507389,2474.84729064039,573.879310344828,873.613300492611,282.854679802956,112.972906403941,982.507389162562,412.147783251232,13422.3891625616,8855.17980295567,406,24.0265349247595,21.5278939635227,0.444044084520963,0.959810874704492,0.738181818181818,0.124394117149243,FAHNSCC_15,HN,1,FAHNSCC_15,tumor cells,,carcinoma_in_situ_FAHNSCC_15_2
1182,1363,7629.48735632184,232.273563218391,84.6896551724138,603.241379310345,13.3747126436782,2131.17011494253,443.632183908046,205.988505747126,953.142528735632,3396.47816091954,399.013793103448,3342.06206896552,1028.05977011494,2291.27586206897,354.572413793103,130.816091954023,986.954022988506,2018.55172413793,820.041379310345,403.744827586207,986.816091954023,1630.0,344.193103448276,1936.0275862069,575.167816091954,1008.76781609195,305.793103448276,117.795402298851,1007.75172413793,414.777011494253,13326.3977011494,8495.32183908046,435,25.2633162239193,21.9350113721138,0.496117442207788,0.953947368421053,0.756521739130435,-1.2059179838903,FAHNSCC_15,HN,1,FAHNSCC_15,tumor cells,,carcinoma_in_situ_FAHNSCC_15_2
1242,1438,8829.53432282004,134.233766233766,74.9294990723562,602.027829313544,15.443413729128,2096.09833024119,444.283858998145,226.111317254174,955.773654916512,3307.71243042672,428.775510204082,2285.1038961039,1081.00371057514,2911.76066790353,362.541743970315,144.458256029685,1007.12430426716,2051.69573283859,1487.86456400742,406.371057513915,1033.48608534323,1751.68645640074,8097.21892393321,3259.25788497217,574.795918367347,1023.72356215213,298.0,117.773654916512,1006.47309833024,415.638218923933,14342.5231910946,8180.00927643785,539,29.8939780637309,23.0463480087031,0.63691245125914,0.971171171171171,0.816666666666667,-0.0829707753145022,FAHNSCC_15,HN,1,FAHNSCC_15,Ki67+ tumor cells,,carcinoma_in_situ_FAHNSCC_15_2
1266,1465,19327.7227722772,356.825082508251,107.056105610561,605.50495049505,147.557755775578,4882.14191419142,622.353135313531,211.594059405941,961.069306930693,6990.0198019802,499.534653465347,149.782178217822,954.323432343234,6435.94059405941,416.759075907591,204.135313531353,1173.7095709571,4598.24422442244,585.666666666667,397.778877887789,964.254125412541,4735.24422442244,256.405940594059,1781.72937293729,924.828382838284,1369.58085808581,295.597359735974,129.914191419142,995.805280528053,413.874587458746,14553.6864686469,9291.43894389439,303,21.2678174904792,18.1842768654399,0.51860529194194,0.961904761904762,0.765151515151515,-1.5372175037978,FAHNSCC_15,HN,1,FAHNSCC_15,stromal cells,,carcinoma_in_situ_FAHNSCC_15_2
1278,1478,27394.9471947195,398.805280528053,115.815181518152,616.135313531353,251.940594059406,6627.79867986799,837.204620462046,267.693069306931,970.80198019802,10317.4686468647,743.699669966997,181.211221122112,948.633663366337,9022.38283828383,502.056105610561,218.273927392739,1278.71947194719,5621.59075907591,812.993399339934,425.643564356436,1034.52145214521,5300.39273927393,386.019801980198,7189.51155115512,1286.08910891089,1328.71947194719,373.290429042904,143.161716171617,1041.47524752475,420.102310231023,14791.9933993399,8662.56765676568,303,21.8138327538414,17.7508497112407,0.58122510960671,0.949843260188088,0.765151515151515,1.31877350832688,FAHNSCC_15,HN,1,FAHNSCC_15,stromal cells,,carcinoma_in_situ_FAHNSCC_15_2
1284,1489,19984.3911564626,246.380952380952,93.6836734693878,605.057823129252,183.479591836735,5235.09183673469,612.744897959184,207.598639455782,948.571428571429,7428.06462585034,486.619047619048,152.595238095238,974.034013605442,5840.03741496599,386.333333333333,179.455782312925,1058.36054421769,4114.17346938776,577.224489795918,393.326530612245,977.772108843538,3765.52040816327,238.741496598639,997.418367346939,727.482993197279,896.15306122449,254.982993197279,118.979591836735,995.965986394558,410.792517006803,14571.8299319728,9271.81972789116,294,20.9648039698357,17.8957022939745,0.52091763401863,0.967105263157895,0.773684210526316,-1.1195670119511,FAHNSCC_15,HN,1,FAHNSCC_15,stromal cells,,carcinoma_in_situ_FAHNSCC_15_2
1286,1491,13441.2204861111,215.614583333333,90.6267361111111,603.404513888889,15.6128472222222,3364.12673611111,524.003472222222,254.402777777778,957.701388888889,5213.23958333333,420.557291666667,2217.60763888889,1027.95138888889,3836.32465277778,372.333333333333,156.840277777778,1033.38368055556,3201.88541666667,687.369791666667,394.991319444444,1057.93576388889,2817.26388888889,328.517361111111,2223.60590277778,577.157986111111,1496.92361111111,322.972222222222,123.586805555556,1004.32986111111,416.923611111111,13305.7309027778,8917.90798611111,576,28.0860305386766,26.1351770094464,0.366190067863335,0.964824120603015,0.761904761904762,1.06113413972798,FAHNSCC_15,HN,1,FAHNSCC_15,tumor cells,,carcinoma_in_situ_FAHNSCC_15_2
1328,1540,10354.4728813559,206.2,84.535593220339,607.018644067797,207.061016949153,3046.60338983051,758.783050847458,238.361016949153,951.094915254237,5061.86271186441,453.494915254237,1551.48474576271,1117.29491525424,3044.82881355932,423.16779661017,154.593220338983,1106.27457627119,2451.35254237288,1159.75254237288,398.084745762712,1030.78813559322,1759.98644067797,792.123728813559,1970.30338983051,572.483050847458,919.71186440678,269.996610169492,127.715254237288,993.833898305085,413.181355932203,13490.0220338983,8477.92711864407,590,28.4742835045494,26.5027734438919,0.365626308513141,0.975206611570248,0.81043956043956,1.53550195489733,FAHNSCC_15,HN,1,FAHNSCC_15,Ki67+ tumor cells,,carcinoma_in_situ_FAHNSCC_15_2
1378,1597,10337.3626760563,180.200704225352,81.7147887323944,599.640845070423,10.4577464788732,2295.7323943662,464.658450704225,240.792253521127,956.345070422535,3729.37323943662,416.933098591549,1894.52464788732,1011.85915492958,3173.19718309859,355.658450704225,133.390845070423,987.334507042254,2297.17605633803,1436.59154929577,413.088028169014,1012.74295774648,1753.62323943662,4771.60563380282,1899.44014084507,569.735915492958,1061.36267605634,302.778169014085,117.845070422535,998.109154929578,416.950704225352,13750.0845070423,8230.57042253521,284,23.0432949597807,15.7093849658084,0.731600644843305,0.949832775919732,0.771739130434783,-1.41262402663187,FAHNSCC_15,HN,1,FAHNSCC_15,Ki67+ tumor cells,,carcinoma_in_situ_FAHNSCC_15_2
1407,1628,9323.89565217391,260.210869565217,83.1608695652174,599.054347826087,15.9978260869565,2086.1,481.417391304348,260.636956521739,953.313043478261,3075.27391304348,409.228260869565,2153.06739130435,1043.07826086957,2081.74782608696,384.434782608696,151.204347826087,1065.3347826087,1705.65434782609,971.039130434783,386.736956521739,1158.45,1298.76739130435,1044.71956521739,2076.02826086957,575.180434782609,863.310869565217,283.858695652174,113.584782608696,1002.38043478261,412.223913043478,13849.1195652174,8973.02173913043,460,25.8996316240826,22.6650219859457,0.48392437608428,0.970464135021097,0.798611111111111,0.776833301567103,FAHNSCC_15,HN,1,FAHNSCC_15,Ki67+ tumor cells,,carcinoma_in_situ_FAHNSCC_15_2
1410,1631,21777.0,302.21472392638,91.8343558282209,605.576687116565,117.883435582822,5263.29447852761,1280.20245398773,231.79754601227,968.21472392638,7635.41717791411,654.282208588957,160.59509202454,943.226993865031,5219.54601226994,511.656441717791,601.343558282209,1315.85889570552,4294.24539877301,632.828220858896,2377.33742331288,976.319018404908,3542.41717791411,452.711656441718,8295.00613496933,1039.06134969325,1026.28220858896,335.98773006135,125.398773006135,1033.9018404908,410.625766871166,14415.8466257669,9024.34969325153,163,15.9300554126229,13.0199854855414,0.576181111140185,0.953216374269006,0.776190476190476,-1.016096714857,FAHNSCC_15,HN,1,FAHNSCC_15,neutrophils,,carcinoma_in_situ_FAHNSCC_15_2
1438,1666,8863.49436090226,145.037593984962,69.890977443609,604.355263157895,14.5676691729323,2376.23684210526,488.045112781955,205.966165413534,941.46992481203,3951.26315789474,411.445488721805,3631.39661654135,938.610902255639,3365.29887218045,355.706766917293,125.039473684211,887.172932330827,2921.00939849624,760.84962406015,401.68984962406,941.889097744361,2615.37781954887,357.652255639098,1349.0545112782,576.624060150376,1733.22180451128,344.278195488722,122.437969924812,988.283834586466,424.550751879699,14263.9116541353,8454.5977443609,532,33.7138047305656,20.1722873326556,0.801242990729369,0.955116696588869,0.745098039215686,-0.101421758257778,FAHNSCC_15,HN,1,FAHNSCC_15,tumor cells,,carcinoma_in_situ_FAHNSCC_15_2
1479,1715,9520.9647696477,210.785907859079,86.2926829268293,605.254742547426,13.8428184281843,2520.06775067751,427.90243902439,210.322493224932,943.566395663957,4074.60433604336,378.317073170732,2714.17886178862,988.265582655826,2784.48238482385,358.086720867209,125.10027100271,1014.69647696477,2511.62330623306,952.474254742547,398.948509485095,968.20054200542,2068.35230352304,655.89701897019,1334.40921409214,576.921409214092,1247.89701897019,304.485094850949,114.940379403794,1005.26287262873,413.319783197832,13323.9295392954,8532.31436314363,369,23.2461050991777,20.2372441613788,0.492053533636228,0.968503937007874,0.798701298701299,-0.610978515445249,FAHNSCC_15,HN,1,FAHNSCC_15,tumor cells,,carcinoma_in_situ_FAHNSCC_15_2
1488,1724,9464.08866995074,287.598522167488,106.044334975369,604.386699507389,11.0443349753695,2184.10344827586,522.142857142857,255.886699507389,957.06157635468,3405.01477832512,442.532019704434,956.886699507389,1042.56896551724,2762.96305418719,422.591133004926,163.305418719212,964.152709359606,2034.13793103448,1166.07389162562,419.655172413793,1002.29802955665,1439.1157635468,5664.1724137931,2098.81773399015,575.440886699507,1057.08128078818,363.899014778325,128.108374384236,1000.84482758621,420.635467980296,13962.2586206897,8152.18226600985,406,27.0026581366739,19.1692895318058,0.704298657852296,0.973621103117506,0.821862348178138,1.3770634192814,FAHNSCC_15,HN,1,FAHNSCC_15,Ki67+ tumor cells,,carcinoma_in_situ_FAHNSCC_15_2
1495,1731,10725.5381526104,142.220883534137,64.640562248996,601.807228915663,19.2730923694779,2550.56626506024,448.895582329317,212.29718875502,948.323293172691,3913.73293172691,426.082329317269,2882.63654618474,1024.0421686747,2950.75100401606,390.951807228916,133.35140562249,1024.80120481928,2333.58634538153,1459.54618473896,404.395582329317,1030.61044176707,1964.79317269076,1262.90963855422,2400.65662650602,582.385542168675,1058.95381526104,301.204819277108,121.349397590361,1013.77710843374,414.212851405623,14443.921686747,8602.3734939759,498,28.7625135335795,22.0909532103157,0.640393853499532,0.968871595330739,0.741071428571429,1.15137621553785,FAHNSCC_15,HN,1,FAHNSCC_15,Ki67+ tumor cells,,carcinoma_in_situ_FAHNSCC_15_2
1499,1735,8959.62427745665,231.725433526012,83.9161849710983,608.060693641619,12.7485549132948,1893.10404624277,500.471098265896,238.482658959538,957.011560693642,2999.36416184971,486.346820809249,1113.96531791908,1012.61560693642,2331.40751445087,479.289017341041,163.965317919075,971.078034682081,1858.42196531792,1879.4450867052,411.586705202312,984.549132947977,1417.50867052023,1252.1387283237,7040.6387283237,582.725433526012,1076.29190751445,354.343930635838,125.696531791908,1024.12427745665,419.471098265896,14457.1531791908,8147.92485549133,346,28.4298652696159,15.5193184805308,0.837862827837857,0.947945205479452,0.745689655172414,1.5183798892539,FAHNSCC_15,HN,1,FAHNSCC_15,Ki67+ tumor cells,,carcinoma_in_situ_FAHNSCC_15_2
1501,1738,9635.16061185468,286.118546845124,89.0554493307839,601.225621414914,16.6577437858509,2325.99617590822,516.275334608031,275.778202676864,951.032504780115,3625.24474187381,421.579349904398,2334.31931166348,1031.2638623327,2685.61950286807,376.969407265774,175.623326959847,1075.99426386233,1875.06500956023,858.621414913958,387.210325047801,990.23326959847,1372.43403441683,367.110898661568,2562.30592734226,572.315487571702,862.661567877629,276.76673040153,111.860420650096,979.388145315488,410.351816443595,13768.9961759082,8883.05736137667,523,29.2001441673092,22.8181446714137,0.623981075078082,0.968518518518519,0.784107946026987,-0.201499256720205,FAHNSCC_15,HN,1,FAHNSCC_15,tumor cells,,carcinoma_in_situ_FAHNSCC_15_2
1503,1740,8963.13417190776,218.475890985325,85.2138364779874,598.375262054507,16.6708595387841,2162.81132075472,443.687631027254,227.253668763103,951.069182389937,3371.94758909853,388.16142557652,1539.30398322851,1017.72746331237,2331.73794549266,370.874213836478,158.232704402516,997.75890985325,2016.28511530398,826.763102725367,388.276729559749,1047.26205450734,1512.66457023061,2091.95387840671,1324.29140461216,577.696016771488,807.972746331237,266.259958071279,108.501048218029,980.010482180294,408.970649895178,13248.2767295597,9426.11740041929,477,25.1874636060557,24.1696305433767,0.281402941411357,0.973469387755102,0.795,0.635624045844515,FAHNSCC_15,HN,1,FAHNSCC_15,Ki67+ tumor cells,,carcinoma_in_situ_FAHNSCC_15_2
1506,1744,6738.88693467337,119.756281407035,70.8793969849246,600.042713567839,17.2889447236181,1541.84673366834,431.452261306533,204.582914572864,949.082914572864,2442.24874371859,411.577889447236,870.321608040201,1038.56281407035,1909.08291457286,393.510050251256,153.248743718593,1088.84924623116,1379.62311557789,1358.5,383.409547738694,1078.03015075377,1032.07286432161,564.871859296482,2369.23869346734,577.502512562814,778.93216080402,267.268844221106,109.924623115578,1001.36432160804,408.929648241206,13951.4522613065,8956.21608040201,398,25.0695029727381,20.2998334673078,0.586785851574637,0.966019417475728,0.753787878787879,-0.53770908971752,FAHNSCC_15,HN,1,FAHNSCC_15,tumor cells,,carcinoma_in_situ_FAHNSCC_15_2
1530,1769,8873.46851851852,122.001851851852,68.7814814814815,597.425925925926,16.0185185185185,2120.48888888889,410.383333333333,211.983333333333,949.994444444444,3508.31111111111,360.498148148148,1421.66481481482,987.394444444444,2297.02962962963,323.705555555556,153.361111111111,1087.72592592593,1822.93333333333,685.488888888889,388.748148148148,972.012962962963,1365.82222222222,393.487037037037,2749.68148148148,576.596296296296,870.659259259259,270.814814814815,110.25,996.45,409.985185185185,13526.5833333333,8749.06851851852,540,27.749299199326,25.2873372559539,0.411790795516721,0.96085409252669,0.741758241758242,1.3192353936459,FAHNSCC_15,HN,1,FAHNSCC_15,tumor cells,,carcinoma_in_situ_FAHNSCC_15_2
1536,1775,10245.0030487805,191.871951219512,85.6371951219512,601.015243902439,23.5121951219512,2127.85670731707,489.243902439024,220.128048780488,946.518292682927,3251.25914634146,407.381097560976,670.743902439024,1102.14024390244,2786.79573170732,393.018292682927,165.091463414634,1054.37195121951,1794.49390243902,1201.58231707317,387.734756097561,1082.64634146341,1394.78963414634,853.289634146341,2753.56707317073,577.609756097561,904.396341463415,295.896341463415,118.164634146341,999.734756097561,411.899390243902,14108.7926829268,9011.93597560976,328,24.1075184726733,17.3564112919418,0.694017183245919,0.961876832844575,0.759259259259259,-1.50590175577615,FAHNSCC_15,HN,1,FAHNSCC_15,Ki67+ tumor cells,,carcinoma_in_situ_FAHNSCC_15_2
1550,1789,5366.36942675159,95.6815286624204,69.5764331210191,604.082802547771,24.4585987261147,1303.65286624204,439.191082802548,201.633757961783,953.391719745223,2177.94585987261,374.907643312102,1251.3025477707,952.608280254777,1587.7898089172,426.028662420382,130.984076433121,1050.76433121019,1276.60828025478,1466.03821656051,384.522292993631,960.96178343949,937.726114649682,321.926751592357,2451.55732484076,573.254777070064,837.589171974522,283.866242038217,122.875796178344,1004.72929936306,409.550955414013,13797.7579617834,8787.29299363057,314,21.0495755207635,18.9979735098231,0.4306170153746,0.966153846153846,0.786967418546366,-0.410249753497667,FAHNSCC_15,HN,1,FAHNSCC_15,tumor cells,,carcinoma_in_situ_FAHNSCC_15_2
1551,1791,9237.29245283019,164.266037735849,78.6264150943396,598.209433962264,52.4716981132075,1221.96981132075,430.718867924528,190.075471698113,904.68679245283,3353.30188679245,361.949056603774,1975.59811320755,1077.05660377358,2379.8679245283,431.943396226415,152.439622641509,1111.02452830189,1773.04905660377,1517.32830188679,391.181132075472,1204.54716981132,1229.94528301887,696.390566037736,1376.72830188679,575.5,726.796226415094,243.490566037736,114.928301886792,986.888679245283,411.003773584906,13189.1358490566,8615.94716981132,530,30.2185527904794,22.4009997925565,0.671174319382088,0.968921389396709,0.761494252873563,-0.420426653081791,FAHNSCC_15,HN,1,FAHNSCC_15,tumor cells,,carcinoma_in_situ_FAHNSCC_15_2
1572,1815,30860.9457831325,427.692771084337,138.39156626506,616.94578313253,210.644578313253,7117.25301204819,890.765060240964,242.21686746988,962.927710843374,10357.5722891566,559.680722891566,204.427710843374,962.728915662651,7765.01807228916,530.289156626506,255.072289156627,985.415662650602,6344.31927710843,665.120481927711,399.765060240964,951.289156626506,5974.1265060241,303.39156626506,3592.07228915663,987.174698795181,1963.40963855422,347.506024096386,141.373493975904,1025.40963855422,419.433734939759,13709.2409638554,9456.72891566265,166,16.3821119991824,12.9085256873111,0.615720438543697,0.959537572254335,0.798076923076923,1.42587610407613,FAHNSCC_15,HN,1,FAHNSCC_15,stromal cells,,carcinoma_in_situ_FAHNSCC_15_2
1584,1827,13629.2357512953,154.326424870466,88.4300518134715,604.562176165803,15.8341968911917,3524.41450777202,498.735751295337,237.290155440415,951.847150259067,5726.08808290155,426.668393782383,941.865284974093,1118.84455958549,3772.17098445596,372.290155440415,162.80829015544,1000.28497409326,3213.29015544041,773.30310880829,393.89378238342,1001.31347150259,2742.65025906736,623.930051813472,2976.33160621762,576.738341968912,1455.75388601036,318.251295336788,121.0,996.660621761658,415.886010362694,14255.6968911917,8566.19170984456,386,24.169628584775,20.3515483445222,0.539430958226149,0.974747474747475,0.797520661157025,0.787559013456058,FAHNSCC_15,HN,1,FAHNSCC_15,tumor cells,,carcinoma_in_situ_FAHNSCC_15_2
1639,1888,11131.5553505535,188.40221402214,80.1974169741697,601.274907749077,16.5719557195572,2693.05350553506,465.5,234.457564575646,955.839483394834,4285.25092250923,423.225092250923,2673.06273062731,977.682656826568,2960.0295202952,370.341328413284,157.867158671587,1045.90036900369,2259.88191881919,835.773062730627,391.016605166052,1051.42435424354,1861.22878228782,389.673431734317,3729.5221402214,577.20110701107,1004.17158671587,295.880073800738,117.315498154982,984.643911439114,412.830258302583,14406.5,8616.92804428044,542,29.410953878462,23.5164548998517,0.60055758222146,0.967857142857143,0.772079772079772,0.667317729942558,FAHNSCC_15,HN,1,FAHNSCC_15,tumor cells,,carcinoma_in_situ_FAHNSCC_15_2
1640,1889,11552.4042179262,152.346221441125,82.390158172232,605.613356766257,18.5887521968366,2626.84710017575,542.02460456942,260.511423550088,954.391915641476,4206.67662565905,491.949033391916,888.096660808436,983.126537785589,3022.12829525483,415.100175746925,174.662565905097,1108.65377855888,2047.4165202109,979.74165202109,397.954305799649,1066.90685413005,1697.80316344464,614.822495606327,4348.25659050967,578.585237258348,1016.00175746924,314.263620386643,119.727592267135,1007.43233743409,413.952548330404,14287.7117750439,8673.18101933216,569,30.7156218967875,23.6587727345182,0.637739507235045,0.962774957698816,0.752645502645503,-0.736527780574108,FAHNSCC_15,HN,1,FAHNSCC_15,tumor cells,,carcinoma_in_situ_FAHNSCC_15_2
1672,1923,11112.6899109792,190.678041543027,86.2210682492582,603.037091988131,24.8575667655786,2631.04302670623,566.56528189911,260.075667655786,963.488130563798,3938.43026706231,464.265578635015,831.019287833828,1061.14391691395,2865.6350148368,386.191394658754,291.253709198813,1132.36201780415,1998.89169139466,885.495548961424,386.976261127597,986.783382789318,1491.11424332344,600.399109792285,2689.62017804154,585.537091988131,870.183976261128,274.850148367953,168.247774480712,994.259643916914,412.228486646884,14264.9035608309,8809.20474777448,674,30.4063098810493,28.3170157678435,0.364285088576601,0.981077147016012,0.802380952380952,-1.47665347970509,FAHNSCC_15,HN,1,FAHNSCC_15,tumor cells,,carcinoma_in_situ_FAHNSCC_15_2
1679,1930,6079.88011695906,177.853801169591,93.3260233918129,603.938596491228,103.087719298246,1364.56725146199,3420.01900584795,192.437134502924,945.709064327485,2419.27777777778,479.146198830409,804.668128654971,953.687134502924,1916.93274853801,523.337719298246,224.270467836257,1139.45175438597,1346.62719298246,2743.69005847953,394.28216374269,1002.86842105263,927.365497076023,599.733918128655,3228.58040935673,579.342105263158,877.476608187135,300.472222222222,166.68567251462,1001.55263157895,412.866959064328,14116.4078947368,8569.15935672515,684,39.5578919701671,22.1184906125858,0.829071704259359,0.967468175388968,0.75,0.255844877505967,FAHNSCC_15,HN,1,FAHNSCC_15,tumor cells,,carcinoma_in_situ_FAHNSCC_15_2
1682,1934,9636.18701298701,406.158441558442,118.820779220779,607.662337662338,16.7766233766234,2477.38181818182,541.638961038961,286.542857142857,957.036363636364,3864.28571428571,401.644155844156,3102.13766233766,969.020779220779,2652.0025974026,375.771428571429,147.94025974026,1013.05454545455,2047.1012987013,729.467532467533,388.267532467533,1029.82337662338,1530.21038961039,285.919480519481,2429.31168831169,577.966233766234,883.6,281.425974025974,114.924675324675,990.181818181818,411.192207792208,13425.8831168831,8938.77922077922,385,23.7385992785791,20.7257893536416,0.487569959781244,0.9625,0.763888888888889,-0.0693822274125899,FAHNSCC_15,HN,1,FAHNSCC_15,tumor cells,,carcinoma_in_situ_FAHNSCC_15_2
1698,1953,5472.51315789474,168.19298245614,74.280701754386,601.18201754386,18.844298245614,1295.4649122807,426.228070175439,242.664473684211,960.199561403509,2163.6798245614,367.618421052632,2000.74122807018,1007.81359649123,1616.88157894737,365.614035087719,153.688596491228,1042.26754385965,1203.04166666667,1528.70614035088,382.144736842105,948.754385964912,825.453947368421,330.609649122807,1773.50438596491,574.883771929825,789.414473684211,265.179824561404,115.640350877193,988.875,411.021929824561,14146.4210526316,8871.89035087719,456,25.1974380401761,23.0534963292847,0.403648148512379,0.962025316455696,0.762541806020067,-1.47353426399096,FAHNSCC_15,HN,1,FAHNSCC_15,tumor cells,,carcinoma_in_situ_FAHNSCC_15_2
1754,2015,7918.35555555556,200.093827160494,74.0345679012346,602.192592592593,14.162962962963,1741.93333333333,409.923456790123,186.849382716049,949.58024691358,2733.87901234568,379.698765432099,3100.88888888889,1003.45185185185,2000.19012345679,361.814814814815,122.187654320988,993.192592592593,1884.70864197531,1253.33827160494,388.38024691358,980.965432098765,1578.16296296296,436.192592592593,1823.71358024691,576.182716049383,992.723456790124,280.632098765432,120.943209876543,1004.19259259259,413.520987654321,13241.1728395062,9063.9975308642,405,24.4944065050175,21.1099485342771,0.507201816925954,0.952941176470588,0.767045454545455,0.446306832944417,FAHNSCC_15,HN,1,FAHNSCC_15,tumor cells,,carcinoma_in_situ_FAHNSCC_15_2
1838,2115,25855.2037037037,465.817901234568,127.737654320988,611.237654320988,179.657407407407,5779.0,860.027777777778,261.385802469136,980.953703703704,8879.08333333333,668.064814814815,168.62962962963,969.450617283951,7498.76543209877,458.246913580247,220.490740740741,1299.0987654321,4892.38888888889,783.425925925926,442.246913580247,980.608024691358,4825.2037037037,353.996913580247,8424.0987654321,1294.54320987654,1260.06481481481,335.41975308642,131.45987654321,1040.08950617284,414.055555555556,14830.524691358,8799.42283950617,324,22.4129982609683,18.4477078948334,0.567924329454166,0.972972972972973,0.818181818181818,1.53751440371477,FAHNSCC_15,HN,1,FAHNSCC_15,stromal cells,,carcinoma_in_situ_FAHNSCC_15_2
1871,2154,10609.2900763359,331.684478371501,106.511450381679,599.302798982188,15.3180661577608,2889.51908396947,509.201017811705,234.101781170483,958.58524173028,4405.16539440204,412.526717557252,3158.16539440204,989.847328244275,2974.01526717557,411.06106870229,140.984732824427,1020.98727735369,2445.81170483461,923.511450381679,392.552162849873,1097.29007633588,1936.06615776081,393.190839694656,2853.56234096692,576.506361323155,966.81679389313,290.651399491094,116.430025445293,987.35368956743,409.491094147583,13375.3740458015,8847.0,393,25.2215558867607,19.8509958284415,0.616870479549769,0.97037037037037,0.786,-0.162098957854575,FAHNSCC_15,HN,1,FAHNSCC_15,tumor cells,,carcinoma_in_situ_FAHNSCC_15_2
1875,2158,34775.9671361502,506.887323943662,170.953051643192,610.1220657277,319.629107981221,6880.16901408451,846.164319248826,258.671361502347,964.192488262911,10326.8169014085,591.286384976526,208.93896713615,957.535211267606,7421.0,469.145539906103,225.676056338028,1028.93427230047,6197.92018779343,678.370892018779,504.004694835681,945.164319248826,5046.9765258216,392.075117370892,2177.2676056338,678.657276995305,2145.50704225352,356.826291079812,131.422535211268,988.220657276995,421.976525821596,14596.9014084507,8585.27230046948,213,21.2231384259248,12.8345149046022,0.796421738105058,0.963800904977376,0.78021978021978,0.24403006369045,FAHNSCC_15,HN,1,FAHNSCC_15,stromal cells,,carcinoma_in_situ_FAHNSCC_15_2
1904,2188,17640.5480225989,173.350282485876,92.3145009416196,606.574387947269,19.5423728813559,3941.57062146893,519.094161958569,264.122410546139,957.028248587571,6006.96233521657,476.998116760829,1032.29190207156,1083.4538606403,4429.21280602637,407.960451977401,155.274952919021,1091.86252354049,3033.35593220339,1128.86629001883,389.68549905838,992.527306967985,2463.44444444444,957.956685499058,3799.12617702448,578.016949152542,949.920903954802,272.668549905838,111.911487758945,994.691148775895,413.195856873823,14364.1902071563,8747.9077212806,531,30.2399763656193,22.5151153301999,0.667568877648724,0.967213114754098,0.758571428571429,-0.577589402559261,FAHNSCC_15,HN,1,FAHNSCC_15,Ki67+ tumor cells,,carcinoma_in_situ_FAHNSCC_15_2
1928,2213,5916.24324324324,133.357710651828,68.4944356120827,592.434022257552,16.966613672496,1474.63434022258,392.68680445151,226.934817170111,948.842607313196,2321.57392686804,369.467408585056,868.278219395867,1048.26550079491,1627.33227344992,379.316375198728,147.577106518283,1036.45786963434,1187.47535771065,1313.88076311606,379.697933227345,1006.82829888712,809.949125596184,349.534181240064,2165.48171701113,576.052464228935,702.551669316375,249.89666136725,108.926868044515,1000.44197138315,409.519872813991,13572.5341812401,9203.51033386327,629,35.2811839522635,22.7881620035119,0.763420940096182,0.966205837173579,0.733100233100233,-1.14172253345532,FAHNSCC_15,HN,1,FAHNSCC_15,tumor cells,,carcinoma_in_situ_FAHNSCC_15_2
1930,2215,5677.61764705882,137.742214532872,68.1695501730104,599.122837370242,32.9861591695502,1525.18339100346,714.18339100346,213.264705882353,948.269896193772,2314.94290657439,406.584775086505,832.57785467128,1054.53979238754,1537.81314878893,406.231833910035,149.371972318339,1080.65570934256,1263.71626297578,1252.41349480969,380.231833910035,982.349480968858,918.612456747405,834.60553633218,2399.94636678201,579.994809688581,731.854671280277,257.71107266436,152.562283737024,992.944636678201,407.994809688581,13423.6764705882,9387.56574394464,578,28.5532753414237,25.8074677963904,0.427879821840733,0.963333333333333,0.764550264550265,-1.12897911984751,FAHNSCC_15,HN,1,FAHNSCC_15,Ki67+ tumor cells,,carcinoma_in_situ_FAHNSCC_15_2
1961,2247,12058.8556701031,266.878865979381,96.9329896907217,598.412371134021,16.7036082474227,2948.68298969072,526.20618556701,283.528350515464,954.046391752577,4538.18298969072,449.224226804124,1990.57216494845,1113.69072164948,2820.47422680412,448.54381443299,176.134020618557,1116.02577319588,1990.29896907217,1277.71649484536,393.082474226804,1021.71907216495,1483.37628865979,4471.20360824742,3410.72422680412,581.481958762887,928.139175257732,296.115979381443,119.494845360825,998.149484536082,412.528350515464,14241.9587628866,8612.09020618557,388,23.4564420702102,21.0788599144031,0.438690095379764,0.967581047381546,0.803312629399586,-0.349218271276122,FAHNSCC_15,HN,1,FAHNSCC_15,Ki67+ tumor cells,,carcinoma_in_situ_FAHNSCC_15_2
2004,2295,16653.7016317016,171.083916083916,87.5244755244755,600.797202797203,33.7296037296037,3943.31235431235,520.342657342657,247.706293706294,949.846153846154,5448.23543123543,412.265734265734,726.932400932401,1158.06060606061,3520.44988344988,366.706293706294,146.081585081585,1013.21911421911,2979.64102564103,841.601398601399,396.468531468531,987.088578088578,2432.22843822844,537.153846153846,2017.60372960373,578.652680652681,1197.92074592075,306.692307692308,122.30303030303,1003.13053613054,412.979020979021,13122.3869463869,8902.77156177156,429,26.4547333238248,20.7213266161427,0.62167559742382,0.968397291196388,0.746086956521739,0.712762053785376,FAHNSCC_15,HN,1,FAHNSCC_15,tumor cells,,carcinoma_in_situ_FAHNSCC_15_2
2055,2352,10761.8149038462,204.762019230769,88.3677884615385,598.449519230769,9.85817307692308,2109.76201923077,495.947115384615,242.447115384615,958.302884615385,3082.44471153846,449.036057692308,1833.68509615385,1040.58894230769,2753.91105769231,385.245192307692,142.375,979.132211538462,1940.85576923077,1185.93990384615,417.379807692308,1036.56490384615,1453.59134615385,16282.2980769231,2191.38461538462,577.9375,997.298076923077,346.552884615385,123.050480769231,1012.13461538462,416.716346153846,13686.0889423077,8085.69230769231,416,26.6026266798072,19.9288456537211,0.662422161988685,0.97196261682243,0.761904761904762,-0.396391583641541,FAHNSCC_15,HN,1,FAHNSCC_15,Ki67+ tumor cells,,carcinoma_in_situ_FAHNSCC_15_2
2058,2355,16556.2879581152,273.17277486911,99.6753926701571,609.277486910995,121.994764397906,4682.38219895288,688.549738219895,208.544502617801,956.696335078534,6550.51832460733,705.696335078534,200.607329842932,946.973821989529,4804.64921465969,425.099476439791,177.167539267016,985.324607329843,4167.53403141361,602.062827225131,396.219895287958,947.303664921466,4076.68586387435,266.869109947644,621.350785340314,683.287958115183,1713.4502617801,351.984293193717,188.497382198953,1019.61780104712,417.816753926702,14180.8638743456,9524.34554973822,191,18.4771897999279,13.1558959986671,0.702171953536264,0.974489795918367,0.802521008403361,-1.06184868539045,FAHNSCC_15,HN,1,FAHNSCC_15,stromal cells,,carcinoma_in_situ_FAHNSCC_15_2
2066,2366,10955.4181818182,186.381818181818,84.7131313131313,595.10101010101,21.3616161616162,2412.24848484848,443.79797979798,202.125252525253,947.127272727273,3676.32929292929,400.688888888889,1514.41212121212,1019.25252525253,2630.19191919192,426.513131313131,127.064646464646,1041.92121212121,2214.89292929293,1409.88080808081,391.030303030303,984.490909090909,1832.59393939394,562.212121212121,1533.0303030303,573.476767676768,1032.12929292929,304.284848484849,117.806060606061,1016.2101010101,412.024242424242,13494.5434343434,8845.6101010101,495,25.8955448035696,24.3639212635512,0.338812870224599,0.972495088408644,0.793269230769231,1.37162661637364,FAHNSCC_15,HN,1,FAHNSCC_15,tumor cells,,carcinoma_in_situ_FAHNSCC_15_2
2117,2423,13886.3303571429,199.491071428571,73.0059523809524,606.410714285714,527.654761904762,3562.89285714286,575.863095238095,199.907738095238,966.565476190476,5178.64583333333,506.214285714286,166.098214285714,958.08630952381,3208.50892857143,545.997023809524,182.613095238095,1275.52380952381,2798.42857142857,584.083333333333,395.931547619048,986.363095238095,2275.62202380952,254.5625,4968.52083333333,889.476190476191,841.482142857143,299.886904761905,125.449404761905,1027.78869047619,411.473214285714,13700.1577380952,9646.96428571429,336,21.7410051701388,19.7026876188863,0.422751858559165,0.973913043478261,0.842105263157895,-1.2994329579718,FAHNSCC_15,HN,1,FAHNSCC_15,stromal cells,,carcinoma_in_situ_FAHNSCC_15_2
2124,2430,7558.74850299401,200.48502994012,84.2724550898204,598.155688622755,15.4161676646707,1635.76047904192,436.784431137725,193.778443113772,952.086826347305,2767.65868263473,397.961077844311,1556.96706586826,970.517964071857,2252.16467065868,426.865269461078,120.260479041916,1046.12874251497,2003.49401197605,1761.12874251497,390.61377245509,957.107784431138,1611.78443113772,1520.14670658683,1984.61676646707,576.383233532934,1097.98203592814,309.652694610778,121.149700598802,1009.25149700599,411.488023952096,13741.9670658683,8656.34730538922,334,21.6771116942065,19.7119943988169,0.416040727380105,0.954285714285714,0.757369614512472,0.777424581351799,FAHNSCC_15,HN,1,FAHNSCC_15,Ki67+ tumor cells,,carcinoma_in_situ_FAHNSCC_15_2
2146,2457,4744.06626506024,117.876506024096,68.1626506024096,598.126506024096,36.0753012048193,1131.02710843373,553.33734939759,212.632530120482,951.496987951807,1779.45481927711,391.539156626506,935.710843373494,1021.72590361446,1387.17469879518,374.900602409639,138.123493975904,1069.50602409639,1051.48795180723,1473.78012048193,376.605421686747,968.048192771084,803.316265060241,261.557228915663,2312.26807228916,581.159638554217,744.322289156627,282.024096385542,129.831325301205,1002.6686746988,412.647590361446,14006.0602409639,9306.50602409639,332,22.5815495086518,18.7986295125149,0.554059010061654,0.967930029154519,0.794258373205742,1.26297500757643,FAHNSCC_15,HN,1,FAHNSCC_15,tumor cells,,carcinoma_in_situ_FAHNSCC_15_2
2172,2485,7635.56514382403,188.128595600677,84.0406091370558,601.945854483926,10.1150592216582,1650.17089678511,439.34179357022,232.243654822335,959.338409475465,2803.77157360406,411.319796954315,2181.14551607445,986.639593908629,2269.2165820643,398.306260575296,156.282571912014,1133.89509306261,1326.87478849408,2599.86125211506,245.377326565144,990.030456852792,1272.68189509306,367.751269035533,1736.83079526227,570.182741116751,789.575296108291,259.788494077834,108.118443316413,988.654822335025,411.502538071066,13539.6768189509,8375.79695431472,591,28.8690162400231,26.1105042261013,0.426585342363108,0.970443349753695,0.783819628647215,-0.222513564885497,FAHNSCC_15,HN,1,FAHNSCC_15,tumor cells,,carcinoma_in_situ_FAHNSCC_15_2
2206,2527,21231.2242647059,359.113970588235,107.970588235294,604.709558823529,204.169117647059,5430.84191176471,665.470588235294,219.011029411765,945.716911764706,8029.64705882353,488.893382352941,173.852941176471,939.025735294118,7330.11029411765,377.533088235294,138.959558823529,1017.93014705882,6450.85661764706,614.363970588235,396.316176470588,947.279411764706,6842.75,318.459558823529,2852.88235294118,1535.54411764706,3707.14338235294,379.794117647059,134.352941176471,1015.14705882353,433.944852941176,14373.6544117647,8920.88970588235,272,20.5382632113104,16.8545011178247,0.571446869836721,0.96797153024911,0.795321637426901,-0.635138457121266,FAHNSCC_15,HN,1,FAHNSCC_15,stromal cells,,carcinoma_in_situ_FAHNSCC_15_2
2238,2563,9388.41062801933,199.26731078905,86.9033816425121,600.967793880837,18.0450885668277,2126.92914653784,485.619967793881,211.89694041868,955.104669887278,3553.77777777778,443.275362318841,2284.27536231884,987.523349436393,2917.89210950081,417.502415458937,133.639291465378,990.204508856683,2297.54428341385,1893.54267310789,396.975845410628,991.995169082126,1965.24798711755,640.386473429952,3685.84863123994,579.19001610306,1201.7729468599,318.305958132045,123.31884057971,1024.76489533011,415.966183574879,14147.2801932367,8512.7616747182,621,31.9490613028092,24.8244880658907,0.629497990489086,0.9703125,0.770471464019851,-0.306459501610073,FAHNSCC_15,HN,1,FAHNSCC_15,tumor cells,,carcinoma_in_situ_FAHNSCC_15_2
2277,2606,7142.24907063197,273.89219330855,105.691449814126,603.671003717472,8.99814126394052,1466.63011152416,479.169144981413,264.200743494424,959.815985130112,2213.48141263941,404.862453531599,2829.39962825279,1014.78066914498,1863.59851301115,391.293680297398,153.947955390335,1033.39033457249,1310.41449814126,2036.38661710037,411.232342007435,972.208178438662,856.312267657993,325.079925650558,1196.00185873606,572.475836431227,774.875464684015,268.594795539033,108.317843866171,978.260223048327,412.46468401487,13584.7342007435,8131.87918215613,538,29.583857334728,23.1865762816747,0.621066704792174,0.962432915921288,0.747222222222222,0.168594816969414,FAHNSCC_15,HN,1,FAHNSCC_15,tumor cells,,carcinoma_in_situ_FAHNSCC_15_2
2284,2616,9156.95573770492,197.426229508197,97.1803278688525,601.331147540984,14.555737704918,2096.39836065574,531.234426229508,267.926229508197,955.352459016394,3343.96557377049,449.237704918033,1516.60491803279,1034.58852459016,2794.55245901639,452.25737704918,153.07868852459,1025.6262295082,2070.3131147541,1713.55737704918,413.736065573771,1043.40327868852,1610.32950819672,1025.45901639344,4757.83278688525,576.52131147541,926.547540983607,328.165573770492,124.714754098361,1007.5,417.2,14392.1704918033,8340.22131147541,610,31.9526711378261,24.333631224201,0.648103421808824,0.97444089456869,0.782051282051282,-1.09680220582379,FAHNSCC_15,HN,1,FAHNSCC_15,Ki67+ tumor cells,,carcinoma_in_situ_FAHNSCC_15_2
2353,2703,13762.1051454139,231.022371364653,85.5771812080537,601.75615212528,15.4563758389262,3635.82997762864,489.051454138702,208.941834451902,948.120805369128,5595.30201342282,441.856823266219,1394.98210290828,949.923937360179,4475.21029082774,445.319910514541,141.178970917226,984.489932885906,4239.59507829978,1148.82326621924,395.391498881432,955.020134228188,4280.11185682327,999.771812080537,1488.78970917226,576.859060402685,2111.19239373602,361.046979865772,127.304250559284,1016.58612975392,425.442953020134,13453.6666666667,9342.49217002237,447,26.9915503218957,21.1468616290115,0.621439338611965,0.961290322580645,0.781468531468532,0.366611632937673,FAHNSCC_15,HN,1,FAHNSCC_15,Ki67+ tumor cells,,carcinoma_in_situ_FAHNSCC_15_2
2367,2717,3918.9154589372,617.666666666667,181.038647342995,605.852657004831,10.0507246376812,926.736714975845,456.173913043478,218.297101449275,951.3961352657,1621.14975845411,379.987922705314,3270.92028985507,944.963768115942,1736.66183574879,376.891304347826,128.497584541063,886.154589371981,1445.77053140097,835.437198067633,416.777777777778,957.140096618358,1129.85990338164,340.847826086957,2048.02415458937,576.876811594203,1040.69323671498,380.490338164251,127.661835748792,993.797101449275,419.541062801932,14085.9347826087,8079.88888888889,414,24.8357615198341,21.3206833813722,0.512868689445776,0.967289719626168,0.784090909090909,0.273009159802316,FAHNSCC_15,HN,1,FAHNSCC_15,tumor cells,,carcinoma_in_situ_FAHNSCC_15_2
2457,2818,30166.5092250923,396.476014760148,118.712177121771,617.236162361624,139.140221402214,7692.9594095941,854.39483394834,236.80442804428,966.143911439114,11883.3025830258,598.535055350554,159.90405904059,952.19926199262,9057.9963099631,449.468634686347,181.166051660517,1070.36531365314,7533.67158671587,617.660516605166,409.047970479705,956.590405904059,7939.37269372694,318.527675276753,3635.26199261993,1022.88191881919,2963.0184501845,378.664206642066,145.826568265683,1022.65682656827,428.774907749078,14494.2915129151,9130.39852398524,271,21.2162093475072,16.2578752008806,0.64248888606567,0.971326164874552,0.806547619047619,-1.50884104856194,FAHNSCC_15,HN,1,FAHNSCC_15,stromal cells,,carcinoma_in_situ_FAHNSCC_15_2
2458,2820,8246.2052545156,181.794745484401,86.5862068965517,602.812807881773,16.1789819376026,1894.29064039409,414.137931034483,272.188834154351,960.871921182266,3099.16748768473,390.863711001642,1581.85550082102,1042.11165845649,2119.18062397373,366.376026272578,154.92118226601,1138.31362889984,1681.63054187192,1219.66338259442,392.541871921182,1296.36945812808,1011.08374384236,439.211822660099,2636.37602627258,571.229885057471,737.510673234811,244.725779967159,103.615763546798,980.671592775041,409.315270935961,13599.0492610837,8526.63382594417,609,30.3359122462313,25.6100251824382,0.536005057775597,0.966666666666667,0.780769230769231,0.0449739266570482,FAHNSCC_15,HN,1,FAHNSCC_15,tumor cells,,carcinoma_in_situ_FAHNSCC_15_2
2470,2832,23052.0,334.614958448753,110.476454293629,619.481994459834,275.418282548476,5344.37396121884,781.94459833795,262.157894736842,969.515235457064,8097.17174515236,702.756232686981,177.019390581717,966.105263157895,6563.60664819945,530.440443213296,204.207756232687,1335.46260387812,4973.34626038781,825.473684210526,432.351800554017,1040.54293628809,4534.93351800554,373.814404432133,8094.5595567867,1100.38504155125,1170.31024930748,358.745152354571,133.135734072022,1042.41551246537,417.617728531856,14796.2105263158,8694.16620498615,361,22.7704293592684,20.220986027325,0.459771803290574,0.960106382978723,0.745867768595041,0.778922361070493,FAHNSCC_15,HN,1,FAHNSCC_15,stromal cells,,carcinoma_in_situ_FAHNSCC_15_2
2495,2861,10537.4342431762,155.444168734491,59.4838709677419,601.151364764268,25.0942928039702,2556.56327543424,470.739454094293,242.982630272953,954.478908188586,3646.79900744417,416.109181141439,724.334987593052,1031.75682382134,2445.92555831266,426.709677419355,167.064516129032,1012.38213399504,2015.15136476427,937.615384615385,391.225806451613,1022.39205955335,1616.0794044665,6363.08188585608,1571.07196029777,586.074441687345,837.426799007444,282.158808933003,133.173697270471,1011.72952853598,414.85111662531,13520.5037220844,9609.33746898263,403,23.7659124819386,21.6504880451933,0.412430353657808,0.966426858513189,0.763257575757576,1.19762928512422,FAHNSCC_15,HN,1,FAHNSCC_15,Ki67+ tumor cells,,carcinoma_in_situ_FAHNSCC_15_2
2498,2864,11169.1241830065,189.779956427015,94.8496732026144,598.78431372549,15.0588235294118,839.037037037037,317.553376906318,183.311546840959,994.089324618736,4175.08278867102,408.60348583878,1559.50544662309,1055.66230936819,2788.12854030501,379.873638344227,163.797385620915,1130.02396514161,1926.83224400871,991.427015250545,394.305010893246,1036.36165577342,1349.71459694989,449.18954248366,2236.32897603486,574.764705882353,788.498910675381,256.23311546841,112.557734204793,993.076252723312,407.769063180828,13255.7276688453,8802.74074074074,459,24.9159578903783,23.4830042154372,0.334238529027825,0.974522292993631,0.796875,-0.9514881536886,FAHNSCC_15,HN,1,FAHNSCC_15,tumor cells,,carcinoma_in_situ_FAHNSCC_15_2
2530,2899,27773.9009009009,504.756756756757,152.90990990991,599.630630630631,285.851351351351,6247.56756756757,998.581081081081,240.297297297297,965.364864864865,8795.30630630631,631.612612612613,179.171171171171,957.900900900901,5399.01801801802,537.95945945946,945.585585585586,962.04054054054,4552.77477477477,665.351351351351,404.738738738739,951.40990990991,3920.2027027027,407.617117117117,1820.11711711712,651.540540540541,1799.67567567568,337.09009009009,189.099099099099,1008.74324324324,419.630630630631,14796.7342342342,8571.12612612613,222,23.9321689767381,12.0386761423672,0.864267073603071,0.952789699570816,0.68944099378882,1.20801283276957,FAHNSCC_15,HN,1,FAHNSCC_15,stromal cells,,carcinoma_in_situ_FAHNSCC_15_2
2552,2927,5951.58568329718,153.273318872017,73.2255965292842,597.967462039046,19.2321041214751,1521.46637744035,375.793926247289,189.56399132321,944.822125813449,2349.72668112798,373.87852494577,3045.00650759219,956.004338394794,1900.07592190889,372.802603036876,122.53579175705,973.383947939262,1735.67895878525,852.559652928417,385.605206073753,965.598698481562,1634.52711496746,318.002169197397,1302.25379609544,577.056399132321,990.759219088937,287.438177874187,115.867678958785,1005.06290672451,413.46420824295,13495.7462039046,9546.53796095445,461,24.6752863193744,23.8642812812389,0.254271407464389,0.972573839662447,0.800347222222222,0.528590334673646,FAHNSCC_15,HN,1,FAHNSCC_15,tumor cells,,carcinoma_in_situ_FAHNSCC_15_2
2566,2943,4218.44190476191,142.588571428571,75.2152380952381,602.908571428572,19.0190476190476,1177.33904761905,408.60380952381,185.39619047619,947.038095238095,1890.24761904762,396.184761904762,2705.71619047619,982.967619047619,1570.58095238095,375.198095238095,121.161904761905,994.931428571429,1459.77904761905,656.175238095238,380.565714285714,1044.33142857143,1258.82476190476,289.28380952381,3801.88380952381,575.832380952381,934.190476190476,299.569523809524,117.361904761905,1017.44952380952,411.180952380952,14015.899047619,9105.93523809524,525,26.6436093567371,25.1353347998844,0.331683402710906,0.972222222222222,0.777777777777778,1.22933428049723,FAHNSCC_15,HN,1,FAHNSCC_15,tumor cells,,carcinoma_in_situ_FAHNSCC_15_2
2586,2964,11691.5337078652,129.65543071161,74.3576779026217,600.026217228465,19.8370786516854,2825.3202247191,458.867041198502,219.728464419476,949.14606741573,4558.97378277154,395.623595505618,436.985018726592,1077.78838951311,3606.00374531835,375.001872659176,162.112359550562,1058.83707865169,2487.93071161049,760.076779026217,394.200374531835,1005.21722846442,2014.25468164794,18201.1966292135,1929.02059925094,579.619850187266,1093.73220973783,319.38202247191,132.447565543071,996.928838951311,414.829588014981,13944.3501872659,8865.48876404494,534,27.4649263685504,24.7882083805478,0.430604976324506,0.965641952983725,0.762857142857143,1.23737901037025,FAHNSCC_15,HN,1,FAHNSCC_15,Unknown,,carcinoma_in_situ_FAHNSCC_15_2
2622,3001,14804.5418994413,262.121508379888,95.1620111731844,601.262569832402,17.9343575418994,3628.36731843575,583.534916201117,215.484636871508,951.11592178771,5481.74581005587,477.515363128492,1242.54329608939,980.966480446927,4620.50139664805,496.583798882682,140.474860335196,1010.16340782123,3688.86452513966,1110.4874301676,394.645251396648,949.758379888268,3402.96508379888,1046.57402234637,1840.26117318436,576.540502793296,1734.75279329609,361.641061452514,130.180167597765,1025.83379888268,420.312849162011,13711.3561452514,8993.97765363129,716,35.492123983471,25.7754199383162,0.687452559029172,0.966261808367072,0.736625514403292,-1.35325459059522,FAHNSCC_15,HN,1,FAHNSCC_15,Ki67+ tumor cells,,carcinoma_in_situ_FAHNSCC_15_2
2623,3002,10451.3524416136,239.184713375796,85.067940552017,602.354564755839,14.1677282377919,2866.43949044586,501.764331210191,240.781316348195,954.685774946922,4978.11677282378,428.286624203822,2320.46709129512,1013.57537154989,2847.28450106157,395.208067940552,162.836518046709,1096.29723991507,2271.94692144374,991.178343949045,398.312101910828,982.006369426752,1590.22929936306,392.348195329087,1871.62845010616,575.11889596603,812.649681528662,255.174097664544,107.715498938429,973.286624203822,411.52016985138,13333.0106157113,8464.58598726115,471,25.437965718873,23.8455751052039,0.348251806605532,0.967145790554415,0.7536,1.06425584323512,FAHNSCC_15,HN,1,FAHNSCC_15,tumor cells,,carcinoma_in_situ_FAHNSCC_15_2
2635,3015,11385.8752515091,146.142857142857,80.4325955734407,602.191146881288,21.9839034205231,2704.78873239437,489.301810865191,242.684104627767,952.659959758551,3945.35613682093,463.490945674044,1034.1509054326,1019.41046277666,2675.30985915493,400.635814889336,153.249496981891,1056.87122736419,1846.18712273642,1814.36820925553,393.893360160966,1016.34004024145,1384.85513078471,535.050301810865,3734.51710261569,584.653923541248,890.816901408451,281.949698189135,118.177062374245,1019.21931589537,411.92555331992,14519.6177062374,8639.02213279678,497,28.0371349150091,22.5764833431374,0.592955762910354,0.961315280464217,0.771739130434783,1.26092997104076,FAHNSCC_15,HN,1,FAHNSCC_15,tumor cells,,carcinoma_in_situ_FAHNSCC_15_2
2647,3029,7481.07954545455,217.509090909091,70.0863636363636,603.293181818182,16.1659090909091,1552.32272727273,475.788636363636,228.111363636364,954.593181818182,2438.89318181818,442.543181818182,2520.39545454545,989.134090909091,2416.30454545455,430.629545454546,135.565909090909,986.713636363636,1753.775,1805.22954545455,412.422727272727,981.143181818182,1323.95909090909,536.818181818182,1515.87727272727,572.588636363636,976.161363636364,329.470454545455,123.084090909091,1002.05,416.229545454546,13615.8409090909,8081.05,440,26.0070135978725,21.6129025762312,0.556210702665901,0.964912280701754,0.769230769230769,0.0545894025758876,FAHNSCC_15,HN,1,FAHNSCC_15,tumor cells,,carcinoma_in_situ_FAHNSCC_15_2
2697,3085,7779.92886178862,236.772357723577,89.8861788617886,597.85162601626,9.14634146341463,1666.14634146341,455.770325203252,239.957317073171,949.451219512195,2671.72967479675,401.684959349594,3171.2662601626,1043.44918699187,2345.49796747967,379.166666666667,163.408536585366,1070.29674796748,1319.92479674797,2415.84349593496,400.932926829268,1109.98780487805,1163.15243902439,358.916666666667,2283.02845528455,571.45325203252,846.644308943089,279.813008130081,112.140243902439,988.298780487805,414.197154471545,13637.4593495935,8347.15040650406,492,25.8623320680092,24.2504581438193,0.347513870350334,0.966601178781925,0.756923076923077,-1.53453369719719,FAHNSCC_15,HN,1,FAHNSCC_15,tumor cells,,carcinoma_in_situ_FAHNSCC_15_2
2698,3086,8806.54042553192,153.170212765957,82.1127659574468,598.557446808511,16.1170212765957,2219.92978723404,428.163829787234,218.785106382979,951.163829787234,3429.21063829787,389.148936170213,1213.15744680851,1057.93617021277,2491.95744680851,372.806382978723,153.129787234043,1059.0,2108.72340425532,1222.18723404255,390.440425531915,1043.68085106383,1646.74468085106,1808.65531914894,2041.92127659574,576.308510638298,945.817021276596,272.172340425532,114.870212765957,1004.48936170213,411.897872340426,13162.5191489362,9163.91063829787,470,33.2905224153651,18.014150267016,0.840945720888968,0.961145194274029,0.791245791245791,1.4950681498463,FAHNSCC_15,HN,1,FAHNSCC_15,Ki67+ tumor cells,,carcinoma_in_situ_FAHNSCC_15_2
2706,3097,10476.8255813954,212.164728682171,91.8178294573643,603.437984496124,11.3507751937985,2370.11240310078,500.352713178295,224.990310077519,953.496124031008,3632.38953488372,422.577519379845,1676.86434108527,961.738372093023,3297.6492248062,389.730620155039,133.356589147287,932.197674418605,2516.98837209302,1283.6511627907,407.717054263566,1016.82364341085,2210.05620155039,2506.25775193798,2963.98449612403,571.612403100775,1350.51550387597,336.773255813954,123.674418604651,1007.14728682171,419.967054263566,14238.7480620155,8191.66666666667,516,30.5370469960822,21.7115889200073,0.70320033497516,0.969924812030075,0.756598240469208,-0.240664369862798,FAHNSCC_15,HN,1,FAHNSCC_15,Ki67+ tumor cells,,carcinoma_in_situ_FAHNSCC_15_2
2728,3125,8008.09756097561,179.674796747968,74.9532520325203,599.256097560976,17.5792682926829,1948.39634146341,400.823170731707,214.077235772358,946.426829268293,3076.50203252033,372.918699186992,2321.89024390244,990.640243902439,2178.7581300813,348.524390243902,137.014227642276,1018.72154471545,1918.45731707317,667.760162601626,387.439024390244,993.711382113821,1550.19105691057,507.981707317073,1451.14024390244,576.414634146341,808.957317073171,252.896341463415,108.215447154472,988.593495934959,411.128048780488,13343.4532520325,9481.05691056911,492,27.1202178935383,23.152737869728,0.520752555571265,0.970414201183432,0.792270531400966,-0.0994081004677261,FAHNSCC_15,HN,1,FAHNSCC_15,tumor cells,,carcinoma_in_situ_FAHNSCC_15_2
2746,3149,7999.69120654397,225.795501022495,86.6359918200409,600.543967280164,18.1288343558282,1840.65644171779,436.132924335378,194.366053169734,939.80163599182,2951.07975460123,378.353783231084,3765.41717791411,957.642126789366,2214.39468302659,361.110429447853,124.014314928425,948.646216768916,2077.0981595092,797.359918200409,385.355828220859,949.509202453988,1800.60531697342,288.347648261759,2049.51942740286,573.936605316973,1115.46625766871,319.877300613497,121.695296523517,1000.55623721881,414.867075664622,13857.345603272,9078.92842535787,489,25.6963451032677,24.3348175075366,0.321190110895335,0.968316831683168,0.7824,0.387993254943965,FAHNSCC_15,HN,1,FAHNSCC_15,tumor cells,,carcinoma_in_situ_FAHNSCC_15_2
2770,3177,19580.7437325905,501.041782729805,132.181058495822,606.58495821727,324.038997214485,4496.9721448468,5084.53203342618,226.534818941504,959.74930362117,6750.17270194986,763.392757660167,180.114206128134,938.370473537604,5805.91643454039,687.635097493036,1579.21727019499,1105.65459610028,4523.83286908078,634.571030640669,399.607242339833,960.874651810585,4044.6713091922,349.08356545961,3704.76880222841,713.623955431755,1727.74373259053,386.440111420613,291.618384401114,1023.85793871866,420.961002785515,13903.9080779944,9759.33983286908,359,25.6077914522279,17.9865809235591,0.711795224348313,0.97027027027027,0.787280701754386,-1.22139795323454,FAHNSCC_15,HN,1,FAHNSCC_15,M1/M0 macrophages,,carcinoma_in_situ_FAHNSCC_15_2
2790,3203,13378.1288135593,227.545762711864,85.4745762711864,600.75593220339,112.169491525424,3434.6,700.416949152542,213.596610169492,975.586440677966,5289.2779661017,609.332203389831,158.918644067797,956.108474576271,3497.42372881356,712.2,485.562711864407,1132.28474576271,2523.56271186441,607.830508474576,416.535593220339,970.545762711864,1734.96610169492,307.701694915254,3976.81694915254,747.301694915254,821.440677966102,284.294915254237,152.267796610169,1012.28474576271,410.623728813559,14721.8915254237,8789.73898305085,295,22.4209922927405,16.9175592256465,0.656252842401793,0.960912052117264,0.788770053475936,1.49645654190537,FAHNSCC_15,HN,1,FAHNSCC_15,stromal cells,,carcinoma_in_situ_FAHNSCC_15_2
2793,3206,3886.39603960396,328.950495049505,102.891089108911,602.422442244224,8.75577557755776,890.80198019802,390.547854785479,203.567656765677,955.016501650165,1550.50495049505,364.184818481848,7713.99669966997,961.920792079208,1590.12211221122,336.310231023102,119.072607260726,931.792079207921,1395.95709570957,961.158415841584,417.772277227723,954.970297029703,1075.71947194719,299.706270627063,1967.15181518152,569.316831683168,982.445544554455,310.118811881188,120.514851485149,998.155115511551,416.369636963696,13324.3630363036,8242.68316831683,303,21.05126141772,18.3596499059998,0.489256160533973,0.958860759493671,0.7575,0.873586125412993,FAHNSCC_15,HN,1,FAHNSCC_15,tumor cells,,carcinoma_in_situ_FAHNSCC_15_2
2825,3245,8082.40430107527,131.978494623656,62.9634408602151,596.729032258065,30.3956989247312,1950.46451612903,416.16559139785,226.559139784946,954.096774193548,2966.32258064516,381.752688172043,627.763440860215,1057.38279569892,2101.03010752688,380.391397849462,162.879569892473,997.098924731183,1656.76774193548,900.184946236559,384.354838709677,1007.99569892473,1322.89462365591,594.939784946237,2147.41505376344,577.313978494624,769.756989247312,269.554838709677,111.52688172043,990.683870967742,412.131182795699,13535.2924731183,9478.3311827957,465,27.6148038916945,21.5197361721264,0.626672665361485,0.972803347280335,0.790816326530612,1.45203486288355,FAHNSCC_15,HN,1,FAHNSCC_15,tumor cells,,carcinoma_in_situ_FAHNSCC_15_2
2875,3302,6912.83992805755,228.293165467626,88.410071942446,599.55035971223,13.4568345323741,1781.08273381295,474.232014388489,236.154676258993,956.591726618705,2837.97482014388,434.821942446043,1505.67625899281,989.269784172662,2195.73920863309,377.034172661871,160.079136690648,1059.99820143885,1501.05575539568,952.742805755396,400.190647482014,971.937050359712,1040.80575539568,350.951438848921,2443.35431654676,574.003597122302,831.134892086331,293.827338129496,112.755395683453,1000.35431654676,412.913669064748,13295.4442446043,8502.70143884892,556,28.673001280341,24.7265974511268,0.506286800085991,0.973730297723292,0.763736263736264,0.567962812609467,FAHNSCC_15,HN,1,FAHNSCC_15,tumor cells,,carcinoma_in_situ_FAHNSCC_15_2
2878,3305,23069.8927444795,543.091482649842,169.132492113565,632.801261829653,791.517350157729,6119.40378548896,728.391167192429,230.384858044164,983.359621451104,8362.04416403785,575.444794952681,163.160883280757,984.514195583596,6550.06624605678,561.476340694006,189.946372239748,1187.42271293375,4939.74447949527,624.687697160883,402.21451104101,1005.09148264984,4632.60883280757,271.839116719243,4655.54889589905,695.678233438486,1187.73186119874,313.738170347003,129.511041009464,1018.40694006309,415.104100946372,14531.3848580442,9350.90220820189,317,22.1344379867456,18.3484827765983,0.559313311789575,0.97239263803681,0.838624338624339,-0.233690992990016,FAHNSCC_15,HN,1,FAHNSCC_15,stromal cells,,carcinoma_in_situ_FAHNSCC_15_2
2886,3313,8187.98393574297,258.997991967872,94.6044176706827,602.833333333333,8.31124497991968,1777.99598393574,506.993975903614,292.71686746988,960.602409638554,2657.00200803213,425.327309236948,2935.83333333333,1032.44176706827,2201.74096385542,408.363453815261,148.060240963855,1056.98995983936,1417.81325301205,1797.49397590361,413.463855421687,1018.39759036145,885.110441767068,476.638554216868,1909.27108433735,571.385542168675,772.120481927711,266.600401606426,109.255020080321,992.748995983936,413.006024096386,13571.546184739,8098.87751004016,498,26.8302998065249,23.7085165055285,0.468153617896121,0.965116279069768,0.798076923076923,1.18121296724884,FAHNSCC_15,HN,1,FAHNSCC_15,tumor cells,,carcinoma_in_situ_FAHNSCC_15_2
2971,3412,9545.0756097561,138.787804878049,70.1609756097561,598.90243902439,18.309756097561,2256.77317073171,431.785365853659,202.129268292683,950.285365853658,3643.81463414634,440.080487804878,1717.40975609756,1063.00731707317,2827.9512195122,424.434146341463,122.529268292683,1039.84146341463,2358.16829268293,2136.13170731707,388.063414634146,951.924390243902,2011.33414634146,558.560975609756,3894.79024390244,573.780487804878,1138.99268292683,300.090243902439,119.843902439024,1009.33902439024,414.319512195122,14255.7634146341,8668.76341463415,410,25.6993582209582,20.3384931035832,0.611297592147683,0.957943925233645,0.780952380952381,-0.199407157396204,FAHNSCC_15,HN,1,FAHNSCC_15,tumor cells,,carcinoma_in_situ_FAHNSCC_15_2
2979,3424,6624.14313346228,289.918762088975,104.796905222437,607.516441005803,9.76402321083172,1359.23017408124,480.282398452611,256.081237911025,958.700193423598,2220.38684719536,421.816247582205,4616.13539651838,1081.99419729207,1849.85493230174,405.282398452611,156.94003868472,1040.48549323017,1039.13152804642,1816.98839458414,429.212765957447,1071.31528046422,896.036750483559,389.965183752418,2066.74661508704,568.485493230174,799.576402321083,285.901353965184,112.411992263056,991.034816247582,415.069632495164,13632.2417794971,8267.89748549323,517,28.2707938752982,23.339043965911,0.564324318472023,0.959183673469388,0.764792899408284,-0.784134290266153,FAHNSCC_15,HN,1,FAHNSCC_15,tumor cells,,carcinoma_in_situ_FAHNSCC_15_2
2993,3442,21555.4104938272,353.570987654321,108.08950617284,601.898148148148,302.188271604938,5605.28086419753,5421.19444444444,221.58024691358,960.074074074074,7707.62962962963,642.45987654321,161.447530864198,949.25,5374.40432098766,504.305555555556,857.135802469136,1084.33950617284,4053.06481481482,569.438271604938,390.685185185185,959.296296296296,3763.9537037037,316.194444444444,2143.26543209877,670.021604938272,1523.82098765432,315.666666666667,295.104938271605,1013.28395061728,415.160493827161,14419.2561728395,8947.29320987654,324,24.7910807745483,16.7792929045874,0.73614136944357,0.958579881656805,0.75,-0.327154746954022,FAHNSCC_15,HN,1,FAHNSCC_15,M1/M0 macrophages,,carcinoma_in_situ_FAHNSCC_15_2
2996,3445,14574.3277777778,128.861111111111,79.9555555555556,598.838888888889,21.5018518518519,3343.32222222222,487.842592592593,227.164814814815,951.031481481482,4826.56666666667,434.622222222222,1016.8037037037,1043.49074074074,3644.06111111111,391.138888888889,140.505555555556,1056.47037037037,2732.99814814815,1379.69259259259,385.635185185185,1065.79259259259,2344.53148148148,622.853703703704,3141.02037037037,584.553703703704,917.666666666667,265.15,115.803703703704,1000.25,411.240740740741,14445.5833333333,8827.53148148148,540,37.3823212289119,18.4512846681017,0.869698598864781,0.954063604240283,0.74792243767313,0.0470958486282136,FAHNSCC_15,HN,1,FAHNSCC_15,tumor cells,,carcinoma_in_situ_FAHNSCC_15_2
3052,3511,11523.8015075377,261.193467336683,106.266331658291,600.444723618091,19.6231155778894,2817.40954773869,519.86432160804,196.849246231156,947.070351758794,4148.95728643216,430.437185929648,1302.01256281407,969.105527638191,3526.07537688442,419.690954773869,128.072864321608,1004.38693467337,2900.86683417085,1132.87939698492,387.562814070352,959.005025125628,2818.22110552764,1343.37688442211,2969.76381909548,582.497487437186,1437.40452261307,322.575376884422,124.391959798995,1016.8391959799,416.98743718593,13951.5829145729,9164.61055276382,398,23.69376286166,21.3915061654803,0.429991794079114,0.963680387409201,0.786561264822134,0.760237802681955,FAHNSCC_15,HN,1,FAHNSCC_15,Ki67+ tumor cells,,carcinoma_in_situ_FAHNSCC_15_2
3056,3515,14553.2542694497,170.829222011385,80.1783681214421,598.476280834915,14.7381404174573,1399.44022770398,325.229601518027,190.037950664137,994.485768500949,5947.92030360531,413.017077798862,1096.54838709677,1159.53700189753,4568.28273244782,384.117647058824,140.239089184061,1031.55028462998,3257.80075901328,1355.90702087287,398.563567362429,1008.2504743833,2669.67931688805,1458.10436432638,2293.43643263757,572.770398481973,1133.5275142315,283.417457305503,114.273244781784,1002.77229601518,412.88045540797,13221.1518026565,8829.7779886148,527,32.2467567132358,20.8369193413464,0.763192653507209,0.959927140255009,0.784226190476191,-1.44137042004884,FAHNSCC_15,HN,1,FAHNSCC_15,Ki67+ tumor cells,,carcinoma_in_situ_FAHNSCC_15_2
3080,3544,34749.94,388.155,123.275,618.1775,133.725,8901.705,888.6825,261.665,974.2175,12212.7475,740.9125,174.0825,984.83,9206.0725,497.6175,215.47,1320.7575,6030.64,724.44,411.2975,984.4725,5355.9925,345.8875,9119.605,2621.1625,1375.8125,374.1325,136.9325,1058.2175,416.48,14449.435,8962.815,400,24.8053417558864,20.5776534224309,0.558409559357179,0.961538461538462,0.8,0.046388635821472,FAHNSCC_15,HN,1,FAHNSCC_15,endothelial cells,,carcinoma_in_situ_FAHNSCC_15_2
3099,3563,30902.0444444444,336.87619047619,98.8730158730159,607.126984126984,125.555555555556,6866.14603174603,943.161904761905,249.422222222222,974.187301587302,9559.1746031746,709.657142857143,161.288888888889,977.466666666667,7511.21904761905,460.053968253968,204.974603174603,1388.35238095238,5619.96507936508,718.412698412698,424.561904761905,981.663492063492,5207.87619047619,344.428571428571,6652.16190476191,1997.0126984127,1242.51746031746,348.003174603175,137.371428571429,1032.33968253968,416.68253968254,14653.8952380952,8992.7746031746,315,20.8986092167175,19.2691707678039,0.387115454409124,0.957446808510638,0.789473684210526,-0.335344313615765,FAHNSCC_15,HN,1,FAHNSCC_15,endothelial cells,,carcinoma_in_situ_FAHNSCC_15_2
3104,3568,8882.0737704918,153.284836065574,68.5348360655738,602.907786885246,11.2110655737705,1947.49385245902,458.56762295082,244.237704918033,953.772540983606,3090.9856557377,395.694672131148,2696.90983606557,1071.37704918033,2685.05327868852,352.754098360656,152.91393442623,988.325819672131,1911.27663934426,1081.67827868852,411.34631147541,1061.28893442623,1580.59631147541,1136.97131147541,2726.91598360656,576.377049180328,998.204918032787,306.004098360656,117.680327868852,994.887295081967,417.266393442623,14302.1967213115,8278.82172131148,488,27.8069768192313,22.3849713442484,0.593257486566209,0.968253968253968,0.753086419753086,0.436879029029106,FAHNSCC_15,HN,1,FAHNSCC_15,Ki67+ tumor cells,,carcinoma_in_situ_FAHNSCC_15_2
3134,3603,15851.5,226.504424778761,79.5663716814159,600.469026548673,150.96017699115,4363.45132743363,603.929203539823,199.455752212389,954.044247787611,6602.82743362832,450.796460176991,175.008849557522,954.371681415929,5085.28318584071,497.03982300885,539.889380530973,1009.95132743363,5143.6814159292,581.601769911504,401.358407079646,952.641592920354,5139.03982300885,272.601769911504,2345.4778761062,915.061946902655,2068.62831858407,350.283185840708,142.646017699115,1019.45575221239,424.823008849558,13767.4469026549,9526.03097345133,226,18.8591560828607,15.2914778567095,0.58528847040342,0.965811965811966,0.792982456140351,-1.41785108430519,FAHNSCC_15,HN,1,FAHNSCC_15,stromal cells,,carcinoma_in_situ_FAHNSCC_15_2
3152,3622,5939.68398268398,107.179653679654,67.0714285714286,598.461038961039,19.2272727272727,1503.02813852814,382.532467532468,213.636363636364,950.666666666667,2410.01948051948,395.891774891775,855.201298701299,968.11038961039,1724.64502164502,394.798701298701,137.603896103896,1045.23593073593,1481.20995670996,1236.20562770563,382.467532467532,964.677489177489,1139.79653679654,284.080086580087,2229.17965367965,577.515151515152,787.075757575758,278.861471861472,110.722943722944,1003.37445887446,411.036796536797,13518.2316017316,9358.91774891775,462,31.949581322461,18.6841538881877,0.811176640537312,0.9625,0.721875,-0.278911360036324,FAHNSCC_15,HN,1,FAHNSCC_15,tumor cells,,carcinoma_in_situ_FAHNSCC_15_2
3174,3648,8052.6004842615,159.47215496368,76.3753026634383,600.634382566586,10.9830508474576,1857.08958837772,459.581113801453,223.598062953995,950.835351089588,2943.06053268765,398.956416464891,2014.95641646489,1038.03389830509,2414.69975786925,371.285714285714,136.832929782082,926.861985472155,1888.33414043584,979.898305084746,410.878934624697,1009.0411622276,1524.0,11346.6876513317,2015.87409200968,572.888619854722,1069.85714285714,346.387409200969,124.266343825666,1010.73123486683,415.910411622276,13964.1041162228,8182.19612590799,413,25.1682526166002,20.914624141784,0.556283917156152,0.96046511627907,0.78219696969697,1.09825922216689,FAHNSCC_15,HN,1,FAHNSCC_15,Ki67+ tumor cells,,carcinoma_in_situ_FAHNSCC_15_2
3206,3689,23215.2795698925,247.862903225807,78.6935483870968,605.311827956989,348.255376344086,5760.46505376344,603.922043010753,208.58064516129,952.645161290323,8218.79838709678,500.900537634409,174.779569892473,965.610215053764,6022.84408602151,443.158602150538,169.610215053763,1149.53225806452,4706.88172043011,618.043010752688,396.034946236559,962.373655913978,4003.5752688172,282.360215053763,2618.56989247312,670.763440860215,1287.0376344086,309.177419354839,122.099462365591,1018.29569892473,414.416666666667,14226.8467741936,9029.12903225806,372,25.2784650378848,18.8477819972643,0.666386743537837,0.971279373368146,0.775,-1.1665836071817,FAHNSCC_15,HN,1,FAHNSCC_15,stromal cells,,carcinoma_in_situ_FAHNSCC_15_2
3229,3716,9758.10290237467,128.614775725594,77.7730870712401,600.290237467018,17.6253298153034,2213.86807387863,644.960422163588,221.353562005277,954.720316622691,3485.84696569921,460.559366754617,1200.44854881267,970.635883905013,3286.08970976253,409.606860158311,142.765171503958,972.079155672823,2427.19788918206,1234.09762532982,411.406332453826,966.54617414248,2133.28496042216,557.525065963061,5899.4036939314,580.44327176781,1350.38258575198,343.076517150396,123.34036939314,1022.1345646438,422.292875989446,14433.2163588391,8209.83377308707,379,24.9279561190382,19.4437721841272,0.625781193383042,0.966836734693878,0.758,-1.34487894095212,FAHNSCC_15,HN,1,FAHNSCC_15,tumor cells,,carcinoma_in_situ_FAHNSCC_15_2
3238,3725,9156.96516393443,199.41393442623,85.0553278688525,597.061475409836,17.4241803278689,2480.97336065574,449.940573770492,227.168032786885,958.575819672131,3690.53278688525,388.362704918033,1243.01639344262,1016.73565573771,2660.56762295082,385.672131147541,154.59631147541,1060.77663934426,1943.11065573771,1180.4118852459,382.967213114754,1144.48565573771,1374.05737704918,417.651639344262,2036.65163934426,576.245901639344,763.200819672131,247.190573770492,108.868852459016,982.036885245902,408.991803278689,13492.2848360656,8898.84016393443,488,28.3760428023719,21.9674472408668,0.632996431289132,0.951267056530214,0.764890282131661,0.0963465009004934,FAHNSCC_15,HN,1,FAHNSCC_15,tumor cells,,carcinoma_in_situ_FAHNSCC_15_2
3254,3745,10806.8287560582,179.479806138934,72.5654281098546,597.639741518578,14.4523424878837,2564.20355411955,462.048465266559,254.848142164782,960.371567043619,4150.3731825525,401.526655896607,1606.67689822294,1040.03877221325,2844.56381260097,366.009693053312,173.158319870759,1106.43780290792,2121.02907915994,1130.45234248788,394.171243941842,1031.42487883683,1443.61712439418,345.02746365105,1790.27302100162,572.801292407108,836.70113085622,260.954765751212,111.841680129241,995.386106623586,409.720516962843,13454.6607431341,8605.71082390953,619,35.3084598566432,22.3855348923904,0.773333711357279,0.962674961119751,0.768944099378882,0.161736748932671,FAHNSCC_15,HN,1,FAHNSCC_15,tumor cells,,carcinoma_in_situ_FAHNSCC_15_2
3260,3752,8986.49559471366,351.466960352423,99.6629955947136,600.515418502203,16.7444933920705,2346.13436123348,509.662995594714,235.36563876652,956.621145374449,3492.54405286344,416.348017621145,1738.93171806167,987.720264317181,2312.70044052863,419.348017621145,169.676211453745,1050.15198237885,1641.05947136564,1404.55286343612,388.42731277533,964.046255506608,1073.49339207048,383.973568281938,2356.48017621145,576.279735682819,771.596916299559,267.310572687225,113.986784140969,997.70704845815,406.909691629956,13486.4559471366,9002.38105726872,454,24.9119295852961,23.2072074846514,0.36356188234736,0.972162740899358,0.788194444444444,-0.962094833144443,FAHNSCC_15,HN,1,FAHNSCC_15,tumor cells,,carcinoma_in_situ_FAHNSCC_15_2
3279,3772,8837.88008130081,134.018292682927,80.3150406504065,600.50406504065,20.4756097560976,2022.7662601626,447.030487804878,198.24593495935,947.782520325203,3182.15243902439,418.646341463415,1199.90650406504,989.170731707317,2750.7337398374,406.589430894309,129.991869918699,1055.88008130081,2281.64837398374,1570.45731707317,385.89837398374,972.294715447154,1895.08333333333,726.168699186992,2241.32926829268,579.369918699187,1197.62195121951,327.619918699187,124.548780487805,1014.64430894309,416.900406504065,13982.3943089431,8784.34146341463,492,30.8907302727615,20.2804273421233,0.754307346134612,0.970414201183432,0.793548387096774,0.111352837414133,FAHNSCC_15,HN,1,FAHNSCC_15,tumor cells,,carcinoma_in_situ_FAHNSCC_15_2
3283,3777,15291.5159235669,172.027600849257,84.8768577494692,605.660297239915,24.1295116772824,3568.65180467091,534.532908704883,241.687898089172,954.870488322718,5345.03609341826,465.808917197452,1116.008492569,1013.63906581741,3996.9957537155,407.726114649682,167.250530785563,1082.0,2730.08280254777,923.910828025478,392.715498938429,1083.33121019108,2368.31210191083,496.021231422505,2908.46072186837,579.636942675159,938.649681528662,282.607218683652,118.662420382166,987.299363057325,413.611464968153,14390.2611464968,8845.9787685775,471,29.1493029684446,20.6231225195227,0.70671366403902,0.961224489795918,0.773399014778325,-0.106335405893594,FAHNSCC_15,HN,1,FAHNSCC_15,tumor cells,,carcinoma_in_situ_FAHNSCC_15_2
3306,3802,8243.14203454894,129.892514395393,70.6564299424184,601.299424184261,18.0998080614203,2105.09404990403,412.589251439539,229.391554702495,952.470249520154,3262.07293666027,385.554702495202,878.028790786948,1015.78694817658,2248.24184261036,362.195777351248,155.230326295585,1033.37236084453,1782.87907869482,1241.54318618042,378.401151631478,1054.95969289827,1445.57965451056,457.092130518234,1916.5009596929,576.180422264875,753.071017274472,248.660268714012,107.806142034549,989.253358925144,409.280230326296,13715.7389635317,9265.4971209213,521,27.6007293282827,24.2359633623198,0.4784929192917,0.959484346224678,0.744285714285714,0.178916461357247,FAHNSCC_15,HN,1,FAHNSCC_15,tumor cells,,carcinoma_in_situ_FAHNSCC_15_2
3398,3905,8837.03699136868,146.780517879162,63.5832305795314,599.971639950678,21.5400739827374,2254.42540073983,417.667077681874,188.733662145499,949.463625154131,3575.49198520345,390.997533908755,1950.47102342787,995.416769420468,2735.5709001233,423.364981504316,127.950678175092,994.270036991369,2421.69297163995,1618.37361282367,386.406905055487,969.643649815043,2232.98397040691,4315.55487053021,2004.19482120838,582.129469790382,1123.96794081381,302.258939580765,119.799013563502,1019.8261405672,413.839704069051,13430.6609124538,9642.12700369914,811,37.7532990946876,27.5393454920573,0.684028443976761,0.97125748502994,0.782818532818533,0.211202735477125,FAHNSCC_15,HN,1,FAHNSCC_15,Ki67+ tumor cells,,carcinoma_in_situ_FAHNSCC_15_2
3431,3952,8340.95400593472,146.1646884273,79.0741839762611,599.197329376855,16.4643916913947,2113.01038575668,444.827893175074,216.899109792285,956.836795252226,3539.45400593472,408.089020771513,1429.61424332344,1048.33827893175,2866.38130563798,391.550445103858,127.580118694362,1073.04005934718,2322.98367952522,1340.33976261128,396.838278931751,982.317507418398,1956.01483679525,508.155786350148,2182.50296735905,577.39762611276,1073.95400593472,300.169139465875,117.026706231454,1011.61424332344,413.062314540059,13388.9198813056,8623.58456973294,674,34.5562044253046,24.9279429724492,0.692545837790568,0.972582972582972,0.780092592592593,-1.07120402373868,FAHNSCC_15,HN,1,FAHNSCC_15,tumor cells,,carcinoma_in_situ_FAHNSCC_15_2
3461,3986,10048.8363636364,138.222727272727,69.0818181818182,601.570454545455,16.1659090909091,2172.925,460.020454545455,218.522727272727,953.534090909091,3439.97272727273,391.234090909091,1709.55227272727,1093.0,2525.64545454545,358.952272727273,145.340909090909,1055.87272727273,1791.91363636364,960.381818181818,386.825,1161.23409090909,1314.52727272727,509.831818181818,1895.29318181818,570.686363636364,775.427272727273,249.645454545455,107.722727272727,981.375,408.975,13949.5045454545,8702.81818181818,440,27.2006398382822,20.7205547883053,0.647850876932219,0.952380952380952,0.769230769230769,-0.3954236770511,FAHNSCC_15,HN,1,FAHNSCC_15,tumor cells,,carcinoma_in_situ_FAHNSCC_15_2
3535,4066,5138.62774957699,179.394247038917,78.6531302876481,604.842639593909,15.2521150592217,1293.2165820643,408.160744500846,226.857868020305,956.172588832487,2125.33671742809,416.972927241963,1242.17428087987,991.549915397631,1496.7461928934,349.527918781726,157.243654822335,1047.23519458545,1232.64128595601,651.419627749577,391.172588832487,1003.26395939086,899.121827411168,245.565143824027,2202.41624365482,577.091370558376,837.192893401015,300.835871404399,113.781725888325,988.333333333333,411.690355329949,13329.4314720812,9267.99323181049,591,30.3584838924054,24.8675466550692,0.57360783552162,0.970443349753695,0.788,0.243481398332412,FAHNSCC_15,HN,1,FAHNSCC_15,tumor cells,,carcinoma_in_situ_FAHNSCC_15_2
3546,4077,7116.77568134172,144.888888888889,78.2872117400419,602.123689727463,10.7106918238994,1530.93501048218,423.446540880503,202.127882599581,950.964360587002,2482.37735849057,357.283018867925,5896.31446540881,949.090146750524,2594.64150943396,333.995807127883,123.817610062893,895.0,1961.38993710692,781.993710691824,410.555555555556,953.685534591195,1733.1677148847,483.501048218029,1418.6142557652,570.8071278826,1262.12368972746,329.702306079665,119.62893081761,987.264150943396,420.188679245283,14153.4905660377,8269.26624737946,477,25.3268521836803,24.3380680526739,0.27669059634426,0.971486761710794,0.7632,-0.203893883694441,FAHNSCC_15,HN,1,FAHNSCC_15,tumor cells,,carcinoma_in_situ_FAHNSCC_15_2
3587,4131,19554.1428571429,384.582210242588,127.312668463612,610.393530997305,110.153638814016,4980.24797843666,863.638814016173,259.644204851752,974.377358490566,7662.21293800539,715.061994609165,170.512129380054,961.636118598383,6818.66037735849,502.21832884097,196.269541778976,1436.79514824798,4783.43935309973,799.11051212938,446.644204851752,1015.83018867925,4576.43935309973,371.67115902965,6816.41778975741,1069.32075471698,1485.28301886792,375.134770889488,136.153638814016,1046.40161725067,425.44474393531,14842.7762803235,8706.14016172507,371,22.4332136491516,21.0905427782754,0.340766172770079,0.971204188481675,0.803030303030303,-0.995879495538942,FAHNSCC_15,HN,1,FAHNSCC_15,stromal cells,,carcinoma_in_situ_FAHNSCC_15_2
3628,4177,4973.12386706949,169.320241691843,68.8791540785499,597.842900302115,16.0815709969789,1179.46827794562,403.471299093656,211.519637462236,956.392749244713,1909.16918429003,409.583081570997,2742.50755287009,970.271903323263,1990.10574018127,435.087613293051,122.746223564955,990.66163141994,1636.66163141994,3094.95468277946,413.604229607251,970.030211480362,1276.49848942598,1028.80362537764,1909.21752265861,574.531722054381,993.232628398792,322.73413897281,117.936555891239,1015.75226586103,414.954682779456,13449.1087613293,8220.37764350453,331,22.5225299089962,18.7923592379657,0.551188915343648,0.965014577259475,0.791866028708134,1.50460797774345,FAHNSCC_15,HN,1,FAHNSCC_15,Ki67+ tumor cells,,carcinoma_in_situ_FAHNSCC_15_2
3657,4211,6292.26608187135,155.678362573099,65.1842105263158,603.114035087719,13.1929824561404,1471.14035087719,423.19298245614,193.964912280702,952.929824561404,2797.52923976608,418.590643274854,2452.2485380117,973.885964912281,2164.36549707602,438.56432748538,125.093567251462,1078.04970760234,2192.97368421053,2205.94444444444,309.818713450292,977.043859649123,1672.5701754386,1915.29824561404,2780.04678362573,578.72514619883,1158.22514619883,306.657894736842,119.198830409357,993.921052631579,412.687134502924,13577.8888888889,8445.31286549708,342,21.7523202135952,20.0950172793683,0.38285055197157,0.968838526912181,0.777272727272727,1.48819912755759,FAHNSCC_15,HN,1,FAHNSCC_15,Ki67+ tumor cells,,carcinoma_in_situ_FAHNSCC_15_2
3660,4214,8998.54004576659,238.524027459954,76.6407322654462,603.608695652174,27.9656750572082,1033.33867276888,527.819221967963,185.803203661327,904.743707093822,3446.73913043478,371.942791762014,1733.31121281465,1032.21052631579,2252.96338672769,395.638443935927,142.054919908467,1059.55835240275,1807.56292906178,1202.60869565217,391.988558352403,1363.82608695652,1258.47826086957,531.929061784897,1350.08466819222,573.025171624714,734.8352402746,239.112128146453,109.347826086957,977.093821510298,406.128146453089,13148.0983981693,8620.97254004577,437,27.4471447421913,20.3229607741516,0.672122587413079,0.962555066079295,0.770723104056437,0.0030318161351423,FAHNSCC_15,HN,1,FAHNSCC_15,tumor cells,,carcinoma_in_situ_FAHNSCC_15_2
3666,4220,10044.0508905852,417.834605597964,286.577608142494,705.157760814249,21.206106870229,2701.86513994911,459.254452926209,218.569974554707,955.78117048346,4151.07124681934,390.595419847328,1700.77608142494,1022.03816793893,3216.92875318066,382.895674300254,139.147582697201,998.198473282443,2841.10941475827,971.898218829516,396.178117048346,999.389312977099,2345.0,327.343511450382,1827.70229007634,573.5368956743,1093.44529262087,284.959287531807,116.59796437659,992.519083969466,412.287531806616,13218.2875318066,9192.99236641221,393,24.853990494599,20.1740193050468,0.584072606341414,0.953883495145631,0.786,-0.0649300475619619,FAHNSCC_15,HN,1,FAHNSCC_15,tumor cells,,carcinoma_in_situ_FAHNSCC_15_2
3679,4234,7576.963878327,146.068441064639,67.7224334600761,598.420152091255,19.6425855513308,1886.78136882129,433.600760456274,211.496197718631,951.19391634981,2955.99049429658,354.781368821293,1206.87262357414,1049.87262357414,2381.33650190114,359.794676806084,145.93536121673,1072.95817490494,1829.93346007605,1636.59125475285,381.638783269962,992.712927756654,1405.59315589354,889.756653992395,1942.74524714829,577.61216730038,768.830798479087,243.720532319392,110.011406844106,980.979087452472,408.439163498099,14063.9467680608,8882.33079847909,526,31.3219459096713,21.3978868602631,0.730269136922062,0.963369963369963,0.771260997067449,1.43015495286527,FAHNSCC_15,HN,1,FAHNSCC_15,Ki67+ tumor cells,,carcinoma_in_situ_FAHNSCC_15_2
3685,4240,21174.2403846154,475.519230769231,132.423076923077,596.846153846154,146.442307692308,4043.625,762.355769230769,250.221153846154,943.346153846154,6161.09615384615,520.557692307692,390.144230769231,951.442307692308,5591.09615384615,453.163461538462,347.615384615385,886.548076923077,3699.65384615385,850.903846153846,662.365384615385,968.490384615385,2876.45192307692,411.240384615385,1040.33653846154,583.673076923077,1756.55769230769,357.740384615385,125.25,994.134615384615,418.855769230769,13694.3076923077,8181.07692307692,104,13.3658928524864,9.92535498455653,0.669748229404673,0.920353982300885,0.727272727272727,0.301128461165695,FAHNSCC_15,HN,1,FAHNSCC_15,stromal cells,,carcinoma_in_situ_FAHNSCC_15_2
3713,4270,28029.7653958944,303.970674486804,94.7771260997068,604.718475073314,155.868035190616,6831.03812316716,775.826979472141,241.093841642229,958.671554252199,9921.81818181818,652.475073313783,174.140762463343,963.41348973607,7966.04692082111,510.199413489736,198.774193548387,1233.98240469208,4977.49560117302,651.434017595308,404.035190615836,978.856304985337,4725.57771260997,321.08211143695,5907.67448680352,1278.19061583578,1095.642228739,333.774193548387,138.545454545455,1028.52785923754,415.061583577713,14331.3167155425,9046.10557184751,341,21.7729893260318,19.9806652340136,0.397317284439718,0.971509971509972,0.811904761904762,-1.33139993546049,FAHNSCC_15,HN,1,FAHNSCC_15,stromal cells,,carcinoma_in_situ_FAHNSCC_15_2
3720,4277,7229.33492822967,173.50956937799,74.5645933014354,599.38038277512,15.8253588516746,1706.23684210526,420.461722488038,239.765550239234,949.791866028708,2815.3038277512,382.99043062201,1369.62918660287,984.409090909091,2031.49043062201,381.165071770335,153.148325358852,1082.6028708134,1506.93540669856,1303.63636363636,385.607655502392,1021.41387559809,1063.42344497608,905.33971291866,2184.68181818182,575.055023923445,796.576555023923,269.311004784689,112.447368421053,990.3995215311,411.136363636364,13560.0717703349,8775.58851674641,418,26.0373992494102,20.4857082625683,0.61723337021498,0.976635514018692,0.791666666666667,0.60616063897449,FAHNSCC_15,HN,1,FAHNSCC_15,Ki67+ tumor cells,,carcinoma_in_situ_FAHNSCC_15_2
3722,4279,26430.58,431.606666666667,128.82,619.02,286.16,6795.27,827.776666666667,273.826666666667,970.493333333333,10440.0333333333,706.27,185.213333333333,962.16,7467.85333333333,486.43,199.556666666667,1304.49333333333,5954.77,849.26,429.693333333333,1045.80666666667,5558.31,391.66,7934.17,1743.50666666667,1513.5,354.366666666667,141.543333333333,1032.93333333333,421.116666666667,14786.4066666667,8647.16,300,23.0377490533294,16.7990021760632,0.684306391330683,0.949367088607595,0.767263427109974,1.55652818542688,FAHNSCC_15,HN,1,FAHNSCC_15,endothelial cells,,carcinoma_in_situ_FAHNSCC_15_2
3738,4300,8793.73199329983,169.021775544389,92.0067001675042,604.757118927973,15.4857621440536,2135.93802345059,509.458961474037,260.894472361809,953.455611390285,3290.10720268007,398.299832495812,2243.09045226131,1032.36850921273,2348.18257956449,376.053601340034,180.509212730318,1083.10217755444,1720.64489112228,764.959798994975,393.19932998325,1067.49413735343,1191.38525963149,328.475711892797,2456.69179229481,575.86432160804,853.170854271357,279.425460636516,112.634840871022,981.964824120603,411.668341708543,13671.8123953099,8699.89112227806,597,34.3978329884234,22.1717698082115,0.76454631429619,0.966019417475728,0.798128342245989,0.0538042659975147,FAHNSCC_15,HN,1,FAHNSCC_15,tumor cells,,carcinoma_in_situ_FAHNSCC_15_2
3752,4316,4816.26851851852,189.855555555556,87.8925925925926,601.7,52.6722222222222,1166.94259259259,522.985185185185,238.803703703704,950.67037037037,1935.85,380.914814814815,2056.23148148148,1000.74814814815,1250.87592592593,396.818518518519,152.661111111111,1057.01851851852,1071.17222222222,1280.4962962963,381.101851851852,952.001851851852,783.531481481482,258.381481481482,2233.8,577.898148148148,746.785185185185,267.722222222222,113.816666666667,995.590740740741,408.164814814815,13471.3314814815,9203.51111111111,540,28.0847892049103,24.5094714360734,0.488264705541341,0.966010733452594,0.771428571428572,-0.414973999115127,FAHNSCC_15,HN,1,FAHNSCC_15,tumor cells,,carcinoma_in_situ_FAHNSCC_15_2
3768,4333,13218.8671096346,198.299003322259,72.624584717608,596.933554817276,20.5681063122924,3294.23920265781,472.963455149502,238.495016611296,950.810631229236,4713.52491694352,426.421926910299,868.518272425249,989.538205980066,3171.86378737542,401.714285714286,150.558139534884,959.139534883721,2589.9634551495,817.299003322259,386.352159468439,1039.52823920266,2186.17275747508,9926.32890365449,1091.3023255814,578.777408637874,934.352159468439,274.75415282392,111.870431893688,994.033222591362,409.993355481728,13530.7574750831,9497.94019933555,301,19.9997950881707,19.1810724319397,0.283191283681075,0.961661341853035,0.792105263157895,1.24573820100871,FAHNSCC_15,HN,1,FAHNSCC_15,Ki67+ tumor cells,,carcinoma_in_situ_FAHNSCC_15_2
3769,4334,8303.27624309392,157.171270718232,84.5893186003683,596.797421731123,15.780847145488,1707.35543278085,612.316758747698,199.972375690608,920.360957642726,3194.36279926335,419.309392265193,1072.00184162063,1228.77900552486,2126.44014732965,353.055248618785,147.930018416206,1082.30570902394,1537.70349907919,1074.23388581952,398.228360957643,994.644567219153,1073.22283609576,3793.0349907919,2593.74033149171,572.020257826888,860.837937384899,289.558011049724,113.443830570902,1008.20073664825,410.709023941068,13086.5488029466,8830.88766114181,543,27.7352764882069,25.0585070348792,0.428612051145216,0.973118279569892,0.804444444444444,0.631640391133224,FAHNSCC_15,HN,1,FAHNSCC_15,Ki67+ tumor cells,,carcinoma_in_situ_FAHNSCC_15_2
3785,4351,18287.8310810811,243.565315315315,109.52027027027,601.70945945946,20.4774774774775,3975.74099099099,530.581081081081,239.427927927928,952.119369369369,6782.82882882883,449.054054054054,473.558558558559,1035.63963963964,4321.56756756757,378.189189189189,202.777027027027,1010.55630630631,3456.33333333333,728.668918918919,392.900900900901,1005.89864864865,2699.52927927928,14964.1261261261,1792.23648648649,579.436936936937,1282.40990990991,323.164414414414,132.441441441441,1010.21621621622,414.765765765766,13852.1689189189,8645.71396396396,444,28.3901405317827,19.942712820021,0.711731056983136,0.967320261437908,0.792857142857143,0.157810303024561,FAHNSCC_15,HN,1,FAHNSCC_15,Unknown,,carcinoma_in_situ_FAHNSCC_15_2
3819,4389,14070.2382716049,154.749382716049,64.0777777777778,601.518518518519,16.4888888888889,3264.90864197531,527.427160493827,241.838271604938,959.543209876543,5177.9,461.686419753086,855.425925925926,1287.24814814815,3477.17530864198,388.98024691358,175.312345679012,1104.0,2300.01234567901,875.275308641975,404.11975308642,1295.53580246914,1609.00740740741,9610.66543209876,5015.20864197531,581.041975308642,822.325925925926,268.23950617284,109.251851851852,991.70987654321,411.365432098765,14396.7012345679,8485.34197530864,810,37.7636332857345,27.3324531596784,0.690033841793499,0.971223021582734,0.775862068965517,1.21915878685904,FAHNSCC_15,HN,1,FAHNSCC_15,Ki67+ tumor cells,,carcinoma_in_situ_FAHNSCC_15_2
3869,4446,7713.24409448819,235.751968503937,81.2874015748032,603.42125984252,27.2795275590551,1539.22047244094,433.818897637795,200.074803149606,959.185039370079,2565.61811023622,403.188976377953,1709.77559055118,973.759842519685,2364.85039370079,378.641732283465,125.42125984252,972.826771653543,1934.53149606299,1330.83464566929,416.118110236221,952.893700787402,1501.09448818898,1998.38188976378,2533.78346456693,574.708661417323,1023.87401574803,306.515748031496,118.854330708661,1008.05118110236,413.165354330709,13463.3622047244,8273.47244094488,254,20.9610778272664,15.5224735447421,0.672014545078055,0.947761194029851,0.755952380952381,1.50343675698294,FAHNSCC_15,HN,1,FAHNSCC_15,Ki67+ tumor cells,,carcinoma_in_situ_FAHNSCC_15_2
3870,4447,6888.58543833581,143.934621099554,75.3610698365527,600.907875185736,15.1292719167905,1634.9925705795,419.219910846954,239.448736998514,954.757800891531,2792.75631500743,364.618127786033,2514.29717682021,1035.49331352155,2009.09806835067,329.7147102526,158.854383358098,1103.55869242199,1484.46805349183,723.462109955423,389.02823179792,1013.9985141159,994.998514115899,322.323922734027,839.035661218425,571.992570579495,748.49925705795,244.144130757801,107.500742942051,974.583952451709,407.732540861813,13418.3952451709,8579.46210995542,673,33.3268710802097,25.7924770840013,0.633278057691729,0.964183381088825,0.784382284382284,0.0664900764930449,FAHNSCC_15,HN,1,FAHNSCC_15,tumor cells,,carcinoma_in_situ_FAHNSCC_15_2
3881,4459,16456.6852207294,292.942418426104,104.287907869482,607.408829174664,354.168905950096,4445.26679462572,1531.62188099808,207.500959692898,947.1113243762,7002.24568138196,845.89443378119,217.159309021113,941.905950095969,6149.07677543186,544.26679462572,1051.03454894434,1042.47408829175,4458.56046065259,619.606525911708,400.380038387716,954.729366602687,4210.96545105566,335.936660268714,3013.32629558541,653.332053742802,1934.45873320537,352.424184261037,394.512476007678,1033.96353166987,421.293666026871,14295.1708253359,8776.06525911708,521,33.3993403372361,20.1229160362354,0.798123097793304,0.954212454212454,0.666240409207161,0.402484970075484,FAHNSCC_15,HN,1,FAHNSCC_15,stromal cells,,carcinoma_in_situ_FAHNSCC_15_2
3891,4470,8388.17647058824,207.945882352941,80.3741176470588,600.651764705882,16.9976470588235,2066.95764705882,441.287058823529,230.795294117647,952.047058823529,3128.51058823529,395.767058823529,1280.21647058824,975.322352941176,2161.67529411765,378.174117647059,152.637647058824,1034.54352941177,1763.30117647059,1034.14588235294,388.296470588235,966.315294117647,1336.54588235294,450.376470588235,1584.66117647059,575.185882352941,850.350588235294,284.736470588235,114.722352941176,1003.34823529412,411.352941176471,13369.3811764706,9449.15058823529,425,24.2363767443819,22.3695147710743,0.38486535641743,0.963718820861678,0.769927536231884,0.805715804664467,FAHNSCC_15,HN,1,FAHNSCC_15,tumor cells,,carcinoma_in_situ_FAHNSCC_15_2
3908,4488,12301.6502145923,225.062231759657,86.0858369098713,610.37339055794,535.429184549356,3255.28326180258,524.229613733906,188.890557939914,1012.57939914163,4723.23819742489,479.429184549356,164.540772532189,962.062231759657,3336.2982832618,481.369098712446,167.268240343348,4342.92703862661,2586.71673819743,550.615879828326,390.261802575107,1014.92060085837,1919.38197424893,220.770386266094,1688.59227467811,758.545064377682,680.476394849785,240.233905579399,134.736051502146,988.729613733906,405.81330472103,13692.3948497854,9675.27896995708,466,25.9676427327932,22.8955876946359,0.471816425873088,0.968814968814969,0.779264214046823,0.0473422024175776,FAHNSCC_15,HN,1,FAHNSCC_15,effector CD8+ T cells,,carcinoma_in_situ_FAHNSCC_15_2
3945,4527,7264.64675324675,308.961038961039,104.651948051948,603.98961038961,8.92727272727273,1580.0,410.444155844156,199.506493506494,954.527272727273,2658.02597402597,382.503896103896,5506.05194805195,956.550649350649,2106.78961038961,363.883116883117,118.72987012987,974.137662337662,2045.24155844156,1255.77922077922,405.818181818182,1013.29090909091,1600.16363636364,362.275324675325,1461.52207792208,572.558441558442,1096.65194805195,310.181818181818,117.587012987013,1009.54025974026,416.74025974026,13376.2545454545,8393.83116883117,385,25.0254205477119,19.6440198745096,0.619543116323493,0.9625,0.77,-0.143096929742776,FAHNSCC_15,HN,1,FAHNSCC_15,tumor cells,,carcinoma_in_situ_FAHNSCC_15_2
3953,4535,12735.7094972067,230.40782122905,92.8715083798883,603.405027932961,16.6117318435754,3206.63407821229,477.416201117319,198.282122905028,947.516759776536,5214.58379888268,384.918994413408,2201.63966480447,978.030726256983,4075.83798882682,378.617318435754,121.382681564246,976.005586592179,3603.55027932961,874.399441340782,390.377094972067,961.178770949721,3079.31843575419,569.754189944134,1936.68994413408,573.201117318436,1663.65363128492,305.988826815643,117.81843575419,997.324022346369,418.296089385475,13722.3994413408,8828.82402234637,358,23.7664693563001,19.2105475589122,0.58876447076074,0.967567567567568,0.819221967963387,0.222055466546103,FAHNSCC_15,HN,1,FAHNSCC_15,tumor cells,,carcinoma_in_situ_FAHNSCC_15_2
3985,4572,8480.81155778894,610.447236180905,172.017587939699,604.891959798995,10.2010050251256,1685.66834170854,506.359296482412,275.510050251256,957.030150753769,2499.25125628141,410.402010050251,1644.69849246231,1020.07286432161,1902.82412060302,397.276381909548,148.394472361809,958.035175879397,1346.32663316583,1273.61557788945,414.753768844221,1066.0351758794,911.087939698492,15637.6557788945,1367.34422110553,573.793969849246,804.701005025126,322.809045226131,118.346733668342,986.904522613065,413.065326633166,14029.2613065327,8080.31909547739,398,27.5446696036595,18.4488068098084,0.742561624827388,0.975490196078431,0.775828460038986,-1.322587794007,FAHNSCC_15,HN,1,FAHNSCC_15,Ki67+ tumor cells,,carcinoma_in_situ_FAHNSCC_15_2
4007,4597,13132.7354709419,147.711422845691,68.7675350701403,606.697394789579,22.7114228456914,3092.15631262525,484.74749498998,233.911823647295,952.937875751503,4725.04408817635,429.318637274549,1139.95190380762,1023.68336673347,3343.3246492986,376.034068136273,144.705410821643,1086.19238476954,2563.55310621243,892.769539078156,383.370741482966,1049.62324649299,2220.29058116232,399.194388777555,3252.45490981964,580.048096192385,971.759519038076,283.36873747495,115.298597194389,998.709418837675,412.689378757515,14368.6553106212,8822.08216432866,499,30.7873039668299,20.7027018626569,0.740149064697965,0.968932038834952,0.766513056835638,-0.198170373150974,FAHNSCC_15,HN,1,FAHNSCC_15,tumor cells,,carcinoma_in_situ_FAHNSCC_15_2
4013,4603,9908.08387096775,200.696774193548,86.4193548387097,597.217204301075,13.6645161290323,2232.55698924731,478.98064516129,246.866666666667,957.582795698925,3425.57634408602,428.221505376344,2100.35268817204,979.718279569892,3048.03655913979,398.6,153.597849462366,1013.21935483871,2108.83010752688,1637.67741935484,421.372043010753,1020.75913978495,1559.55913978495,376.34623655914,2188.08387096774,572.716129032258,959.737634408602,296.556989247312,116.808602150538,1001.32688172043,416.524731182796,13455.7548387097,8245.09892473118,465,28.3737660782648,21.0127553440121,0.67197940091525,0.966735966735967,0.745192307692308,-0.574292824777079,FAHNSCC_15,HN,1,FAHNSCC_15,tumor cells,,carcinoma_in_situ_FAHNSCC_15_2
4028,4620,11370.9491094148,171.72010178117,68.4020356234097,600.419847328244,18.2697201017812,2598.57506361323,490.704834605598,233.610687022901,955.743002544529,4282.66412213741,410.59796437659,1514.41730279898,1046.67430025445,2928.05852417303,386.748091603053,139.36641221374,1012.70737913486,2394.66666666667,854.206106870229,387.111959287532,1070.82951653944,1932.84478371501,825.12213740458,2853.87531806616,576.264631043257,1004.08396946565,287.333333333333,117.203562340967,994.173027989822,411.007633587786,13709.7938931298,8896.64122137405,393,25.2446370919734,19.8346756062475,0.618609517995481,0.967980295566502,0.786,-0.299977723924126,FAHNSCC_15,HN,1,FAHNSCC_15,Ki67+ tumor cells,,carcinoma_in_situ_FAHNSCC_15_2
4036,4631,7508.29131985731,123.016646848989,64.9060642092747,600.180737217598,17.9797859690844,1840.10820451843,462.395957193817,258.725326991677,959.705112960761,2639.35909631391,419.589774078478,1164.48989298454,1011.54102259215,1792.7146254459,391.669441141498,173.167657550535,1103.08680142687,1349.28775267539,643.900118906064,382.662306777646,1037.3305588585,970.136741973841,252.367419738407,2450.44708680143,575.424494649227,782.127229488704,281.632580261593,112.052318668252,986.072532699168,411.199762187872,13948.9096313912,9115.39952437574,841,34.5104096589353,31.0570390346565,0.436029249218007,0.972254335260116,0.772977941176471,1.23300496812101,FAHNSCC_15,HN,1,FAHNSCC_15,tumor cells,,carcinoma_in_situ_FAHNSCC_15_2
4074,4671,8393.84210526316,197.105263157895,82.1368421052632,601.256842105263,16.4252631578947,1932.58947368421,430.143157894737,202.52,948.223157894737,3160.94315789474,389.248421052632,2141.7852631579,1142.10526315789,2278.30105263158,403.265263157895,129.077894736842,1056.57684210526,1824.31368421053,1687.74315789474,388.261052631579,1035.08210526316,1363.25473684211,511.126315789474,2478.09473684211,578.633684210526,858.785263157895,276.389473684211,112.698947368421,1005.12210526316,410.711578947368,13763.8442105263,8682.09263157895,475,29.532815496396,20.6140175526062,0.716094051028658,0.965447154471545,0.737577639751553,-1.16691957355515,FAHNSCC_15,HN,1,FAHNSCC_15,tumor cells,,carcinoma_in_situ_FAHNSCC_15_2
4089,4691,9821.06335616438,136.231164383562,81.8527397260274,602.154109589041,18.9897260273973,2314.87157534247,508.222602739726,234.231164383562,956.222602739726,3447.59246575342,409.830479452055,997.991438356164,1042.00856164384,2570.94691780822,382.001712328767,157.130136986301,1073.6095890411,1994.74315068493,1140.23630136986,387.787671232877,1103.05479452055,1525.29623287671,496.082191780822,2606.85616438356,576.313356164384,857.333904109589,272.220890410959,116.337328767123,987.400684931507,410.491438356164,13999.8270547945,8761.95890410959,584,33.0370768670838,22.5720629144083,0.730199246656303,0.963696369636964,0.746803069053708,0.103069632282216,FAHNSCC_15,HN,1,FAHNSCC_15,tumor cells,,carcinoma_in_situ_FAHNSCC_15_2
4100,4702,10766.12109375,215.68359375,81.646484375,599.42578125,15.876953125,2771.888671875,479.185546875,235.521484375,953.2265625,4225.6796875,401.5,1570.625,1075.119140625,2893.7734375,385.208984375,152.03515625,1037.69921875,2199.529296875,982.876953125,388.16796875,1090.314453125,1611.0703125,4113.34375,1503.8828125,577.474609375,821.66796875,257.68359375,108.884765625,992.861328125,409.6640625,13429.783203125,8812.052734375,512,26.3706077940474,24.9445792865598,0.324389600183945,0.973384030418251,0.787692307692308,1.03508363935133,FAHNSCC_15,HN,1,FAHNSCC_15,Ki67+ tumor cells,,carcinoma_in_situ_FAHNSCC_15_2
4126,4729,5594.12643678161,119.107279693487,66.7490421455939,599.454022988506,19.1360153256705,1416.76053639847,402.003831417625,213.488505747126,947.250957854406,2190.81609195402,377.60153256705,1169.79885057471,1018.72030651341,1670.7337164751,394.775862068966,135.545977011494,1015.99233716475,1151.08429118774,1590.24712643678,378.689655172414,967.802681992337,883.484674329502,1460.8275862069,3129.48850574713,576.549808429119,758.747126436782,280.005747126437,113.793103448276,1005.75670498084,410.540229885058,13870.2490421456,9340.6877394636,522,31.5139399124461,21.1260850664175,0.742024554651025,0.959558823529412,0.732117812061711,0.282547180160409,FAHNSCC_15,HN,1,FAHNSCC_15,Ki67+ tumor cells,,carcinoma_in_situ_FAHNSCC_15_2
4137,4741,31122.8697068404,418.048859934853,108.061889250814,615.205211726384,221.524429967427,7836.62866449511,799.752442996743,244.156351791531,964.755700325733,11254.5211726384,655.814332247557,163.394136807818,947.026058631922,9063.30944625407,471.524429967427,164.364820846906,1282.70358306189,6532.28990228013,717.28990228013,413.605863192182,981.501628664495,6324.91205211726,413.061889250814,6353.91530944626,1642.12377850163,1618.18566775244,376.058631921824,140.013029315961,1034.35830618893,420.446254071661,14491.4267100977,8941.53745928339,307,20.9224019431081,18.7006613728313,0.448444968732628,0.980830670926518,0.852777777777778,1.39074787135457,FAHNSCC_15,HN,1,FAHNSCC_15,endothelial cells,,carcinoma_in_situ_FAHNSCC_15_2
4138,4743,5599.75480769231,158.831730769231,90.4134615384615,634.735576923077,10.3461538461538,1326.72355769231,425.673076923077,199.887019230769,947.725961538462,2411.31730769231,366.894230769231,4326.82451923077,944.600961538462,2243.51923076923,385.3125,125.528846153846,921.610576923077,1869.09615384615,1415.06971153846,410.560096153846,955.259615384615,1513.25,350.75,2005.59615384615,573.992788461539,1192.27163461538,336.473557692308,127.370192307692,1000.64663461538,423.086538461538,13859.7427884615,8276.96875,416,25.2457285687414,20.9826439544081,0.556068597235626,0.97423887587822,0.792380952380952,0.269192537506314,FAHNSCC_15,HN,1,FAHNSCC_15,tumor cells,,carcinoma_in_situ_FAHNSCC_15_2
4152,4762,21834.0808383234,432.952095808383,128.706586826347,616.038922155689,507.979041916168,5764.58982035928,750.763473053892,259.502994011976,967.434131736527,8949.2005988024,662.107784431138,174.793413173653,970.850299401198,6500.76646706587,433.320359281437,151.215568862275,1278.76946107784,5569.6377245509,784.347305389222,424.688622754491,983.110778443114,5201.74850299401,372.404191616766,6829.50299401198,1029.13173652695,1596.5119760479,373.943113772455,136.535928143713,1032.4251497006,422.844311377246,14762.125748503,8670.02994011976,334,22.743493595504,18.7188220044804,0.567982328449142,0.959770114942529,0.757369614512472,-0.797028171198815,FAHNSCC_15,HN,1,FAHNSCC_15,stromal cells,,carcinoma_in_situ_FAHNSCC_15_2
4169,4784,16165.8389830508,282.878531073446,87.2598870056497,608.437853107345,99.4463276836158,4204.41242937853,2492.89265536723,199.725988700565,962.598870056497,6066.74293785311,1584.83050847458,160.935028248588,996.78813559322,5393.35593220339,469.960451977401,164.774011299435,1011.37570621469,4584.47457627119,545.864406779661,387.655367231638,956.293785310734,4339.01694915254,236.389830508475,667.409604519774,650.505649717514,1448.95480225989,280.005649717514,123.511299435028,990.629943502825,415.629943502825,14374.906779661,9496.27401129943,354,21.3910294758221,21.1259045100197,0.156954797882211,0.967213114754098,0.766233766233766,-1.48229296325495,FAHNSCC_15,HN,1,FAHNSCC_15,M2 macrophages,,carcinoma_in_situ_FAHNSCC_15_2
4201,4821,7164.25203252033,245.24593495935,92.6524390243902,599.107723577236,9.60162601626016,1595.62804878049,458.845528455285,257.256097560976,966.150406504065,2668.68699186992,406.0,2609.41260162602,1061.01829268293,2168.42682926829,403.634146341463,178.884146341463,1112.06910569106,1191.20731707317,1848.25203252032,380.611788617886,1051.52845528455,1040.86585365854,341.758130081301,1915.23577235772,571.357723577236,804.918699186992,270.105691056911,109.077235772358,986.012195121951,411.867886178862,13569.0731707317,8376.64227642277,492,27.7972603585162,22.5758056250467,0.583435641785717,0.962818003913894,0.763975155279503,-0.137114842300608,FAHNSCC_15,HN,1,FAHNSCC_15,tumor cells,,carcinoma_in_situ_FAHNSCC_15_2
4203,4823,11433.5652985075,189.835820895522,88.8283582089552,603.496268656716,20.7891791044776,2971.34888059702,537.462686567164,230.690298507463,952.638059701493,4526.5,464.755597014925,577.755597014925,975.348880597015,3589.88432835821,431.30223880597,155.992537313433,1041.875,2459.90671641791,1191.18470149254,391.440298507463,1002.27985074627,1841.45335820896,512.25,2177.13246268657,577.055970149254,940.059701492537,307.458955223881,119.85447761194,1002.80223880597,413.742537313433,13667.2891791045,9016.59888059702,536,26.8397070446816,25.4807775250866,0.314164112965061,0.971014492753623,0.824615384615385,-0.387217334723881,FAHNSCC_15,HN,1,FAHNSCC_15,tumor cells,,carcinoma_in_situ_FAHNSCC_15_2
4207,4827,9980.82711442786,165.523631840796,70.2437810945274,599.727611940299,20.5111940298507,2309.66542288557,466.453980099503,235.57960199005,953.17039800995,3446.98631840796,406.471393034826,1133.25995024876,1258.9092039801,2286.75373134328,384.109452736318,156.151741293532,1042.18905472637,1979.96641791045,1003.35447761194,388.796019900498,1139.95646766169,1506.52114427861,7830.39427860697,1695.77736318408,581.442786069652,726.310945273632,245.157960199005,107.059701492537,977.847014925373,409.588308457711,13385.9664179104,9590.11567164179,804,38.4137020914011,26.6851207074897,0.719321674284518,0.961722488038278,0.729582577132486,0.304796514872385,FAHNSCC_15,HN,1,FAHNSCC_15,Ki67+ tumor cells,,carcinoma_in_situ_FAHNSCC_15_2
4217,4838,16654.6863905325,236.562130177515,84.0384615384615,607.423076923077,324.843195266272,3518.77218934911,651.183431952663,231.192307692308,964.612426035503,5551.20414201183,629.53550295858,150.955621301775,952.837278106509,4781.10059171598,459.026627218935,181.541420118343,1438.63905325444,2897.65384615385,655.943786982249,407.301775147929,977.615384615385,2542.15680473373,296.201183431953,7429.71893491124,922.633136094675,1014.12426035503,342.195266272189,125.810650887574,1025.58875739645,415.03550295858,14853.8313609467,8809.84615384615,338,23.169552821683,18.6133404022259,0.595502493656671,0.965714285714286,0.773455377574371,-1.49169993361681,FAHNSCC_15,HN,1,FAHNSCC_15,stromal cells,,carcinoma_in_situ_FAHNSCC_15_2
4223,4844,5131.99793814433,211.701030927835,77.2350515463918,600.863917525773,16.6824742268041,1318.53608247423,413.232989690722,226.092783505155,953.20824742268,2101.19175257732,383.674226804124,1634.7793814433,987.127835051546,1387.13608247423,406.494845360825,155.303092783505,1061.00824742268,1165.52164948454,1469.40412371134,383.424742268041,951.063917525773,843.016494845361,282.773195876289,2192.41649484536,577.449484536082,755.179381443299,273.571134020619,114.482474226804,1002.16494845361,409.830927835052,13412.381443299,9338.96082474227,485,27.0685598914779,22.8237602401043,0.537626042508581,0.966135458167331,0.77724358974359,0.539112021473712,FAHNSCC_15,HN,1,FAHNSCC_15,tumor cells,,carcinoma_in_situ_FAHNSCC_15_2
4237,4859,22538.7369186047,187.837209302326,89.9520348837209,607.797965116279,19.2325581395349,5530.70203488372,555.229651162791,218.565406976744,948.795058139535,8082.31395348837,474.479651162791,1148.04505813953,1032.84447674419,7144.13372093023,380.649709302326,138.561046511628,1035.22674418605,4810.53343023256,1061.11627906977,394.90988372093,980.101744186046,4260.42151162791,8638.4375,4927.85755813954,580.264534883721,1625.72093023256,335.38226744186,123.802325581395,1026.30377906977,418.300872093023,14314.9956395349,8732.2863372093,688,30.8981318482091,28.4055811601088,0.393487300184964,0.956884561891516,0.739784946236559,-0.633813706918886,FAHNSCC_15,HN,1,FAHNSCC_15,Ki67+ tumor cells,,carcinoma_in_situ_FAHNSCC_15_2
4266,4890,9985.28486055777,182.378486055777,81.890438247012,600.205179282869,14.9382470119522,2424.93426294821,479.127490039841,263.619521912351,955.669322709163,3805.33067729084,423.663346613546,1639.62948207171,1011.97211155378,2638.84262948207,390.762948207171,162.96015936255,1061.14741035857,2139.22908366534,872.725099601594,390.406374501992,990.260956175299,1606.37450199203,253.189243027888,1579.95019920319,574.511952191235,863.926294820717,271.709163346614,109.998007968128,984.139442231076,408.470119521912,13296.4203187251,9318.34860557769,502,26.3057214682033,24.3631814916064,0.377142535005783,0.965384615384615,0.772307692307692,0.0199021751588959,FAHNSCC_15,HN,1,FAHNSCC_15,tumor cells,,carcinoma_in_situ_FAHNSCC_15_2
4279,4906,6613.21445221445,255.072261072261,85.3216783216783,601.044289044289,14.004662004662,1833.06993006993,425.841491841492,207.988344988345,954.130536130536,3094.11421911422,404.200466200466,2749.89510489511,974.531468531468,2270.21212121212,406.713286713287,124.459207459207,1004.73193473193,2040.65967365967,1701.02564102564,402.305361305361,1008.22843822844,1595.90442890443,678.11655011655,2241.56177156177,574.037296037296,981.540792540792,299.916083916084,117.951048951049,996.561771561772,414.599067599068,13364.2657342657,8504.62004662005,429,24.639489781912,22.1937101462819,0.43436404418003,0.972789115646258,0.8125,0.0785707118007756,FAHNSCC_15,HN,1,FAHNSCC_15,tumor cells,,carcinoma_in_situ_FAHNSCC_15_2
4294,4921,13622.5914634146,146.817073170732,77.3475609756098,609.79756097561,12.7426829268293,3688.51341463415,593.970731707317,263.417073170732,964.051219512195,5377.18048780488,496.910975609756,937.915853658536,1132.73414634146,4806.03902439024,425.019512195122,177.569512195122,1040.23292682927,2836.36463414634,1036.38414634146,419.208536585366,1148.96951219512,2485.14512195122,12870.4451219512,5379.98170731707,580.832926829268,1151.90365853659,332.080487804878,124.110975609756,1019.29146341463,418.020731707317,14697.0292682927,8353.24024390244,820,34.197062935942,30.6588514090141,0.442973638592247,0.968122786304604,0.732142857142857,-0.392192745351266,FAHNSCC_15,HN,1,FAHNSCC_15,Ki67+ tumor cells,,carcinoma_in_situ_FAHNSCC_15_2
4371,5007,21429.1561643836,422.967123287671,117.408219178082,613.619178082192,274.583561643836,5373.88493150685,809.290410958904,252.339726027397,989.821917808219,7933.07945205479,659.835616438356,165.449315068493,969.980821917808,6591.61917808219,451.202739726027,171.972602739726,1464.09315068493,4936.2,722.394520547945,436.890410958904,976.920547945206,4985.92602739726,347.679452054795,7684.26301369863,1937.27671232877,1465.17260273973,355.564383561644,130.298630136986,1025.10136986301,419.068493150685,14791.6,8842.22465753425,365,23.4041972812747,19.9764069695699,0.521028130603376,0.970744680851064,0.79004329004329,0.908691405066964,FAHNSCC_15,HN,1,FAHNSCC_15,endothelial cells,,carcinoma_in_situ_FAHNSCC_15_2
4392,5030,7030.46271186441,151.220338983051,72.2423728813559,598.296610169492,17.2033898305085,1648.95593220339,431.225423728814,225.032203389831,947.666101694915,2471.94576271186,408.5,898.393220338983,1072.35084745763,1665.6813559322,381.237288135593,151.052542372881,1057.66440677966,1211.64237288136,1415.92711864407,375.520338983051,1052.45423728814,870.366101694915,995.405084745763,2674.99491525424,579.349152542373,735.579661016949,271.962711864407,112.249152542373,1007.68983050847,408.066101694915,13995.5915254237,9144.2186440678,590,30.0230889539603,25.0952077665354,0.548937165393587,0.9688013136289,0.780423280423281,-0.841615723846615,FAHNSCC_15,HN,1,FAHNSCC_15,Ki67+ tumor cells,,carcinoma_in_situ_FAHNSCC_15_2
4408,5047,4934.04878048781,166.009146341463,77.5426829268293,605.289634146341,9.25609756097561,953.47256097561,491.457317073171,254.954268292683,955.036585365854,1499.57317073171,435.57012195122,2098.59146341463,956.786585365854,1339.06707317073,453.939024390244,147.381097560976,974.829268292683,1086.24085365854,2158.59756097561,419.780487804878,991.362804878049,739.524390243902,1704.83231707317,1922.46646341463,569.466463414634,869.274390243902,332.634146341463,120.759146341463,996.984756097561,416.07012195122,13735.7896341463,8075.99390243902,328,21.3812260199469,19.5495089147933,0.404968615606958,0.956268221574344,0.743764172335601,-1.08172804543408,FAHNSCC_15,HN,1,FAHNSCC_15,Ki67+ tumor cells,,carcinoma_in_situ_FAHNSCC_15_2
4450,5093,10338.0427553444,266.439429928741,88.4631828978622,601.843230403801,112.287410926366,2373.10451306413,741.650831353919,199.097387173397,937.306413301663,3683.52256532067,390.142517814727,2138.63182897862,979.543942992874,2907.08788598575,398.605700712589,129.938242280285,1049.93824228029,2104.20427553444,1195.1757719715,386.688836104513,972.380047505938,1798.16152019002,4573.02137767221,1229.43942992874,577.102137767221,1004.26603325416,283.282660332542,130.931116389549,999.755344418052,411.931116389549,14221.135391924,8876.35391923991,421,25.6813907612711,20.8963643466391,0.581316844355523,0.970046082949309,0.76268115942029,0.924897108076778,FAHNSCC_15,HN,1,FAHNSCC_15,Ki67+ tumor cells,,carcinoma_in_situ_FAHNSCC_15_2
4468,5114,9012.88352272727,270.559659090909,92.8181818181818,602.420454545455,14.5909090909091,2235.74715909091,448.457386363636,255.3125,956.122159090909,3486.29545454545,375.039772727273,3136.49431818182,1080.90625,2443.09943181818,356.678977272727,152.338068181818,1005.10227272727,2112.88352272727,681.653409090909,389.261363636364,984.397727272727,1675.23863636364,267.971590909091,2279.42897727273,577.721590909091,990.735795454546,289.332386363636,117.994318181818,994.84375,412.383522727273,13325.1988636364,9102.52840909091,352,21.9496626093869,20.4855451298707,0.359106511476736,0.96969696969697,0.798185941043084,-0.689842268492856,FAHNSCC_15,HN,1,FAHNSCC_15,tumor cells,,carcinoma_in_situ_FAHNSCC_15_2
4483,5130,11759.5351473923,301.473922902494,106.557823129252,602.204081632653,17.5147392290249,2684.51020408163,586.183673469388,259.462585034014,960.526077097506,4137.95464852608,451.321995464853,1765.4716553288,1073.45351473923,2837.7641723356,421.004535147392,161.575963718821,1071.8798185941,2125.80272108844,1192.80272108844,396.546485260771,1104.42176870748,1471.02040816327,9228.4716553288,1886.49659863946,573.814058956916,905.532879818594,305.090702947846,117.156462585034,996.224489795918,413.510204081633,13727.2108843537,8859.37188208617,441,26.4941749219485,21.2063755266516,0.599444226171624,0.969230769230769,0.798913043478261,-0.66309505188879,FAHNSCC_15,HN,1,FAHNSCC_15,Ki67+ tumor cells,,carcinoma_in_situ_FAHNSCC_15_2
4514,5161,8118.63466042155,188.365339578454,87.9156908665105,610.491803278689,9.42622950819672,1919.56206088993,490.334894613583,236.911007025761,959.885245901639,3115.2224824356,414.620608899298,1844.4355971897,1064.45667447307,2579.47540983607,377.592505854801,164.271662763466,960.494145199063,1983.28103044497,927.735362997658,418.149882903981,1087.67681498829,1498.47072599532,375.690866510539,1927.55269320843,572.470725995316,1060.69086651054,327.215456674473,119.899297423888,989.564402810304,419.531615925059,14128.644028103,8229.54332552693,427,26.7110765308617,20.4206813452951,0.644620915283693,0.968253968253968,0.821153846153846,-0.169477197644711,FAHNSCC_15,HN,1,FAHNSCC_15,tumor cells,,carcinoma_in_situ_FAHNSCC_15_2
4526,5174,14428.4238410596,284.337748344371,87.1920529801324,600.894039735099,83.5364238410596,3618.3178807947,6907.26490066225,204.278145695364,942.622516556291,5126.16556291391,732.456953642384,196.152317880795,982.298013245033,3958.65562913907,543.258278145695,470.158940397351,976.145695364238,2990.45695364238,575.490066225166,388.708609271523,948.019867549669,2597.11258278146,342.682119205298,1621.77483443709,648.245033112583,1288.49668874172,338.456953642384,385.350993377483,1018.03973509934,418.12582781457,13873.9668874172,9465.96026490067,151,17.8317580175417,10.9507705527122,0.789215658923209,0.932098765432099,0.683257918552036,-1.09115445341326,FAHNSCC_15,HN,1,FAHNSCC_15,M1/M0 macrophages,,carcinoma_in_situ_FAHNSCC_15_2
4537,5186,6870.02521008403,170.742296918768,78.4033613445378,603.271708683473,9.7703081232493,1545.9299719888,466.064425770308,249.198879551821,959.039215686274,2465.15966386555,400.459383753501,1990.19607843137,1115.80112044818,1831.47338935574,378.15406162465,148.84593837535,972.971988795518,1431.80112044818,1272.65266106443,409.518207282913,1029.00280112045,1034.77591036415,7990.05882352941,1879.43977591036,576.921568627451,834.252100840336,293.915966386555,114.812324929972,987.140056022409,413.616246498599,13930.0476190476,8210.31932773109,357,22.6439642567073,20.1630023508029,0.455108361027412,0.97275204359673,0.776086956521739,0.314759944059684,FAHNSCC_15,HN,1,FAHNSCC_15,Ki67+ tumor cells,,carcinoma_in_situ_FAHNSCC_15_2
4539,5188,8408.74220963173,210.688385269122,83.3229461756374,598.702549575071,13.9461756373938,1066.95467422096,383.458923512748,198.354107648725,1002.33711048159,3144.49575070822,390.481586402266,2740.37393767705,1018.81303116147,2259.53824362606,350.504249291785,124.201133144476,995.050991501416,1983.53824362606,776.730878186969,396.405099150142,970.031161473088,1592.69688385269,379.220963172805,1602.70538243626,574.886685552408,1019.33711048159,297.243626062323,118.702549575071,993.934844192635,412.050991501416,13147.1614730878,8761.21529745042,353,23.7424574757534,18.9739139202884,0.601124439279165,0.972451790633609,0.802272727272727,-0.581794390325878,FAHNSCC_15,HN,1,FAHNSCC_15,tumor cells,,carcinoma_in_situ_FAHNSCC_15_2
4546,5195,5353.83090379009,216.469387755102,99.0145772594752,600.236151603499,15.8192419825073,1363.80174927114,423.927113702624,182.183673469388,943.667638483965,2275.78134110787,369.379008746356,2880.12536443149,958.390670553936,1746.44023323615,407.244897959184,119.865889212828,1028.75510204082,1783.52478134111,995.180758017493,384.991253644315,947.419825072886,1455.1749271137,296.268221574344,3528.18367346939,575.33527696793,1006.74635568513,288.002915451895,112.935860058309,997.810495626822,412.084548104956,13476.5801749271,8934.98250728863,343,22.4034767844064,19.5477984806296,0.488553133536806,0.958100558659218,0.777777777777778,0.93309605868322,FAHNSCC_15,HN,1,FAHNSCC_15,tumor cells,,carcinoma_in_situ_FAHNSCC_15_2
4570,5222,21978.4285714286,396.024844720497,209.086956521739,605.26397515528,151.531055900621,5882.66149068323,673.360248447205,205.537267080745,954.677018633541,7642.26086956522,571.428571428571,156.664596273292,942.270186335404,5680.24844720497,431.090062111801,167.866459627329,1105.30434782609,4495.34161490683,538.484472049689,388.748447204969,979.015527950311,3999.15217391304,422.462732919255,873.555900621118,681.925465838509,1214.24844720497,275.726708074534,129.5,992.975155279503,413.798136645963,14523.0931677019,9408.45652173913,322,22.5739756904414,18.2156995375211,0.590642159330101,0.969879518072289,0.805,-0.729563557000336,FAHNSCC_15,HN,1,FAHNSCC_15,stromal cells,,carcinoma_in_situ_FAHNSCC_15_2
4598,5255,9211.69723183391,210.757785467128,93.9463667820069,600.806228373702,17.0519031141869,1957.67301038062,509.212802768166,246.262975778547,957.77508650519,3141.28546712803,393.399653979239,1134.9723183391,1097.31487889273,2217.54498269896,374.351211072664,161.915224913495,1071.82871972318,1637.8321799308,778.117647058824,386.548442906574,1142.57958477509,1158.67301038062,455.929065743945,2720.01730103806,578.28892733564,755.68339100346,245.598615916955,108.384083044983,977.503460207612,407.756055363322,13926.4844290657,8683.84256055363,578,31.0264485066015,23.7318611463118,0.644159350568363,0.969798657718121,0.764550264550265,-0.686049832676408,FAHNSCC_15,HN,1,FAHNSCC_15,tumor cells,,carcinoma_in_situ_FAHNSCC_15_2
4603,5260,8902.03045685279,151.835025380711,87.5634517766497,605.540609137056,19.1015228426396,2086.59644670051,447.931472081218,216.253807106599,957.89847715736,3310.45177664975,400.370558375635,888.573604060914,1146.62182741117,2226.27157360406,373.477157360406,165.492385786802,1099.57868020305,1729.8578680203,976.454314720812,395.010152284264,967.439086294416,1162.78680203046,2606.53553299492,3402.02284263959,575.203045685279,799.581218274112,271.129441624366,112.713197969543,1007.09390862944,408.870558375635,13164.2461928934,9122.40862944163,394,24.33888730591,20.6187900162723,0.531347158054657,0.968058968058968,0.781746031746032,-0.320265100652562,FAHNSCC_15,HN,1,FAHNSCC_15,Ki67+ tumor cells,,carcinoma_in_situ_FAHNSCC_15_2
4626,5292,5218.12864493997,189.464837049743,71.9879931389365,596.358490566038,17.4648370497427,1357.32590051458,373.135506003431,191.04974271012,947.485420240137,2215.28816466552,384.974271012007,1606.91423670669,997.391080617496,1658.65351629503,376.934819897084,121.905660377358,1007.33447684391,1586.51457975986,1167.77358490566,382.233276157805,1002.1423670669,1286.56775300172,1649.39794168096,2988.18524871355,574.403087478559,834.018867924528,284.246998284734,114.540308747856,993.713550600343,410.818181818182,13513.9794168096,9280.20754716981,583,29.1700996186091,25.4642863537159,0.487794485948251,0.96843853820598,0.771164021164021,0.719319261279129,FAHNSCC_15,HN,1,FAHNSCC_15,Ki67+ tumor cells,,carcinoma_in_situ_FAHNSCC_15_2
4739,5417,27848.462962963,412.601851851852,130.851851851852,620.234567901235,458.043209876543,6587.50925925926,745.018518518519,254.061728395062,967.262345679012,9646.48148148148,651.228395061728,167.916666666667,969.574074074074,7261.18827160494,456.061728395062,161.558641975309,1290.17592592593,5190.37037037037,742.302469135802,416.925925925926,961.037037037037,4744.21604938272,343.33024691358,6073.09567901235,1900.79320987654,1278.69135802469,359.799382716049,131.675925925926,1035.99074074074,417.373456790123,14620.5092592593,8909.59259259259,324,21.984785166182,18.8506098060057,0.514585803000711,0.964285714285714,0.77511961722488,-1.28465200740683,FAHNSCC_15,HN,1,FAHNSCC_15,endothelial cells,,carcinoma_in_situ_FAHNSCC_15_2
4760,5445,7923.73186813187,231.762637362637,89.6285714285714,600.120879120879,11.8857142857143,1878.6945054945,481.101098901099,213.556043956044,953.410989010989,3052.81978021978,447.413186813187,2159.29230769231,947.665934065934,3157.39120879121,481.303296703297,130.281318681319,978.461538461539,2332.05934065934,2222.78681318681,408.373626373626,965.081318681319,2022.87472527473,1093.93186813187,3958.01758241758,574.775824175824,1266.54945054945,357.927472527473,126.395604395604,1014.2,420.835164835165,14342.2197802198,8287.30549450549,455,28.0200427186405,21.0357132545908,0.660599973856756,0.957894736842105,0.738636363636364,1.30285677729535,FAHNSCC_15,HN,1,FAHNSCC_15,Ki67+ tumor cells,,carcinoma_in_situ_FAHNSCC_15_2
4805,5494,8933.53925619835,166.710743801653,81.1095041322314,598.121900826446,17.099173553719,2111.14049586777,446.278925619835,199.609504132231,956.801652892562,3483.7520661157,422.450413223141,1954.45247933884,1051.86157024793,2668.5826446281,391.109504132231,130.613636363636,969.756198347107,2201.71694214876,1489.11983471074,388.117768595041,978.685950413223,1753.55785123967,1930.26239669421,1961.92768595041,577.026859504132,938.088842975207,279.989669421488,113.977272727273,1000.13636363636,412.340909090909,13528.6694214876,8980.10330578512,484,26.8492912017333,23.2351884026225,0.501093775857398,0.966067864271457,0.77938808373591,-0.323076204698882,FAHNSCC_15,HN,1,FAHNSCC_15,Ki67+ tumor cells,,carcinoma_in_situ_FAHNSCC_15_2
4827,5519,9331.25753012048,179.947289156627,75.6490963855422,605.438253012048,32.6084337349398,2398.43072289157,494.012048192771,214.930722891566,951.111445783133,3870.09337349398,451.048192771084,1377.52861445783,1045.92319277108,2937.28313253012,424.539156626506,149.954819277108,1035.63855421687,2201.0421686747,1242.24397590361,404.344879518072,1044.02861445783,1715.22289156627,534.259036144578,3248.81325301205,578.362951807229,1074.31927710843,330.472891566265,123.177710843373,1018.35692771084,414.331325301205,13747.8915662651,8572.10090361446,664,36.5798791822016,23.1317850732742,0.774671700336912,0.967930029154519,0.758857142857143,0.353622194637928,FAHNSCC_15,HN,1,FAHNSCC_15,tumor cells,,carcinoma_in_situ_FAHNSCC_15_2
4834,5526,9624.36328871893,151.63862332696,66.6214149139579,604.655831739962,23.4072657743786,2500.32695984704,447.124282982792,195.715105162524,947.944550669216,3940.0535372849,427.388145315488,1383.09751434034,972.759082217973,2852.05162523901,445.91395793499,133.206500956023,979.755258126195,2698.48565965583,1446.91586998088,394.634799235182,978.854684512428,2680.41300191205,2131.55258126195,1628.93307839388,580.902485659656,1464.98661567878,355.485659655832,128.883365200765,1023.68642447419,419.518164435946,13494.6921606119,9640.40535372849,523,28.5467569983287,23.5222639590669,0.566603238152798,0.970315398886828,0.747142857142857,1.15770326320125,FAHNSCC_15,HN,1,FAHNSCC_15,Ki67+ tumor cells,,carcinoma_in_situ_FAHNSCC_15_2
4838,5530,8796.68532818533,161.588803088803,76.3436293436294,604.57528957529,13.2548262548263,2124.32239382239,532.552123552124,246.171814671815,950.69111969112,3298.2277992278,488.067567567568,749.69305019305,979.428571428571,2740.90926640927,432.146718146718,166.185328185328,1003.11969111969,1996.53861003861,1227.59266409266,408.714285714286,971.019305019305,1663.34942084942,997.293436293436,6381.56370656371,583.380308880309,1072.36293436293,335.374517374517,126.183397683398,1014.1583011583,417.150579150579,14718.7702702703,8394.89189189189,518,28.4339083918337,23.4089622425838,0.567640882653609,0.961038961038961,0.71448275862069,0.438876503499037,FAHNSCC_15,HN,1,FAHNSCC_15,Ki67+ tumor cells,,carcinoma_in_situ_FAHNSCC_15_2
4857,5551,9516.49406175772,140.311163895487,72.9239904988124,598.498812351544,16.8574821852732,712.615201900238,294.957244655582,172.74109263658,950.90973871734,3523.53444180523,352.349168646081,1198.99524940618,1105.19477434679,2400.27553444181,337.389548693587,145.75296912114,1081.59144893112,1935.4109263658,1195.26128266033,393.102137767221,1136.26603325416,1391.79809976247,1586.33729216152,1011.3135391924,574.800475059382,751.418052256532,237.667458432304,105.828978622328,980.44893111639,408.700712589074,13240.5249406176,8655.66745843231,421,26.2169523335625,20.4622113108121,0.625161494425996,0.958997722095672,0.771062271062271,-1.52268916726421,FAHNSCC_15,HN,1,FAHNSCC_15,Ki67+ tumor cells,,carcinoma_in_situ_FAHNSCC_15_2
4860,5554,9138.99801980198,147.194059405941,69.2772277227723,596.459405940594,15.0712871287129,2312.81782178218,409.168316831683,208.582178217822,954.455445544554,3521.91683168317,368.431683168317,2141.70297029703,1045.20198019802,2313.14059405941,352.152475247525,149.306930693069,1079.41782178218,1815.12673267327,1025.70099009901,387.653465346535,985.786138613861,1273.63762376238,336.770297029703,2097.13267326733,574.10099009901,776.732673267327,244.815841584158,108.736633663366,987.138613861386,405.538613861386,13222.798019802,9035.80594059406,505,29.159743478426,22.1355549351911,0.65095828890956,0.965583173996176,0.75712143928036,-1.3807300309459,FAHNSCC_15,HN,1,FAHNSCC_15,tumor cells,,carcinoma_in_situ_FAHNSCC_15_2
4877,5574,8717.67729831144,158.722326454034,73.7467166979362,596.825515947467,17.8499061913696,1995.00187617261,484.677298311445,228.772983114447,952.647279549718,3195.1425891182,443.756097560976,837.774859287054,1049.14446529081,2271.67542213884,389.984990619137,160.227016885553,1076.91181988743,1642.3808630394,1406.0487804878,389.101313320826,979.422138836773,1117.94934333959,5646.15759849906,4396.78048780488,580.039399624766,871.939962476548,304.03564727955,116.692307692308,1019.0487804878,412.977485928706,13896.564727955,8701.05440900563,533,29.891401302563,22.7701511564052,0.647856282303084,0.962093862815884,0.765804597701149,0.361798788865729,FAHNSCC_15,HN,1,FAHNSCC_15,Ki67+ tumor cells,,carcinoma_in_situ_FAHNSCC_15_2
4879,5576,25350.7042801556,510.400778210117,152.626459143969,614.762645914397,262.101167315175,6006.22178988327,998.47859922179,254.295719844358,971.614785992218,8768.51361867704,762.470817120623,229.540856031128,960.498054474708,7267.56031128405,483.614785992218,437.692607003891,1261.68871595331,5498.38910505837,812.342412451362,428.622568093385,971.750972762646,5165.86381322957,383.466926070039,6795.8326848249,795.708171206226,1653.26070038911,372.961089494163,155.206225680934,1031.77821011673,420.373540856031,14784.2840466926,8610.93385214008,257,19.4197874078889,16.8721800932505,0.495138878829962,0.962546816479401,0.795665634674923,1.25716254139108,FAHNSCC_15,HN,1,FAHNSCC_15,stromal cells,,carcinoma_in_situ_FAHNSCC_15_2
4881,5579,7678.83841463415,174.243902439024,74.6676829268293,616.926829268293,11.9939024390244,1587.09146341463,375.490853658537,193.030487804878,954.442073170732,2623.84756097561,372.621951219512,2768.90853658537,974.246951219512,2316.78963414634,363.670731707317,125.679878048781,1000.40853658537,1836.72865853659,1547.20426829268,405.853658536585,959.990853658537,1416.4512195122,1146.80487804878,1623.42682926829,573.158536585366,979.939024390244,285.234756097561,118.643292682927,1011.40243902439,415.265243902439,13423.243902439,8286.19207317073,328,23.8761223907505,17.5206751408937,0.679348522811829,0.950724637681159,0.719298245614035,-1.3359926427701,FAHNSCC_15,HN,1,FAHNSCC_15,Ki67+ tumor cells,,carcinoma_in_situ_FAHNSCC_15_2
4906,5606,6309.49904761905,248.721904761905,119.620952380952,634.773333333333,15.5161904761905,1702.86857142857,446.055238095238,253.881904761905,955.015238095238,2586.54666666667,398.548571428571,2196.99428571429,1052.21142857143,1902.54285714286,382.266666666667,177.841904761905,1076.18285714286,1359.08761904762,949.786666666667,389.201904761905,965.005714285714,956.769523809524,249.415238095238,2275.70857142857,574.247619047619,801.329523809524,284.325714285714,113.699047619048,993.758095238095,412.735238095238,13243.1142857143,9197.0819047619,525,26.8979469242322,24.8771714879025,0.380277338065234,0.965073529411765,0.777777777777778,-0.231258566917002,FAHNSCC_15,HN,1,FAHNSCC_15,tumor cells,,carcinoma_in_situ_FAHNSCC_15_2
4977,5687,23095.3219178082,277.633561643836,85.5924657534247,604.856164383562,87.5650684931507,5904.40753424658,837.684931506849,241.801369863014,961.770547945206,8485.4897260274,599.034246575342,158.006849315069,954.530821917808,7519.67808219178,440.722602739726,178.808219178082,1179.37328767123,5472.24657534247,654.452054794521,406.780821917808,971.270547945206,5906.59246575342,310.041095890411,6769.79452054795,840.393835616438,2145.57191780822,377.11301369863,136.428082191781,1045.17123287671,422.489726027397,14687.7534246575,8903.59246575343,292,20.9335309085601,17.7831194815443,0.52758208204455,0.973333333333333,0.811111111111111,-0.359070187350857,FAHNSCC_15,HN,1,FAHNSCC_15,stromal cells,,carcinoma_in_situ_FAHNSCC_15_2
4998,5708,5737.97586206897,116.065517241379,81.1689655172414,594.941379310345,17.4103448275862,1366.91724137931,414.544827586207,186.424137931035,944.944827586207,2224.74137931034,393.041379310345,1555.90344827586,972.206896551724,1843.20344827586,395.162068965517,122.306896551724,1057.33448275862,1697.46896551724,1481.24827586207,380.641379310345,956.379310344828,1441.23103448276,621.937931034483,1749.7275862069,580.572413793104,992.58275862069,294.38275862069,115.493103448276,1006.10689655172,416.227586206897,13986.0827586207,8977.45172413793,290,22.025846172988,16.7952595941455,0.646958683721902,0.957095709570957,0.767195767195767,-1.01483404117333,FAHNSCC_15,HN,1,FAHNSCC_15,tumor cells,,carcinoma_in_situ_FAHNSCC_15_2
5014,5726,9286.19366197183,137.397887323944,72.3556338028169,602.100352112676,24.5334507042254,2251.48591549296,426.755281690141,223.702464788732,955.098591549296,3551.77288732394,391.102112676056,1272.20950704225,1076.625,2395.77816901408,357.878521126761,157.348591549296,1102.0264084507,1941.20774647887,1175.11267605634,392.617957746479,1033.7588028169,1327.20246478873,692.072183098592,2196.36091549296,576.051056338028,802.572183098592,256.31514084507,108.427816901408,997.917253521127,409.62323943662,13578.1848591549,8559.14612676056,568,29.2214191175029,24.7860244961871,0.529653248018497,0.974271012006861,0.809116809116809,-0.678077933614973,FAHNSCC_15,HN,1,FAHNSCC_15,tumor cells,,carcinoma_in_situ_FAHNSCC_15_2
5049,5769,10626.3767820774,181.366598778004,76.4663951120163,601.553971486762,15.4358452138493,2718.3116089613,450.164969450102,224.975560081466,945.967413441955,4250.56211812627,419.661914460285,679.142566191446,1126.7250509165,2803.05702647658,364.331975560082,160.849287169043,1063.45621181263,2301.02240325866,741.050916496945,391.486761710794,1055.00203665988,1801.36863543788,329.957230142566,2158.08553971487,578.213849287169,925.281059063136,276.199592668024,112.415478615071,992.863543788187,409.484725050917,13082.5906313646,9145.7617107943,491,27.2407154177563,22.987449601052,0.536557673032928,0.966535433070866,0.790660225442834,1.33860351897905,FAHNSCC_15,HN,1,FAHNSCC_15,tumor cells,,carcinoma_in_situ_FAHNSCC_15_2
5053,5773,13440.0024813896,166.478908188586,86.4416873449132,598.759305210918,17.4987593052109,3092.43424317618,439.615384615385,197.357320099256,947.813895781638,4964.71464019851,414.54094292804,1065.45905707196,960.02729528536,3587.9429280397,372.940446650124,129.330024813896,1033.22828784119,2884.03722084367,903.325062034739,392.826302729529,972.248138957816,2470.51861042184,483.473945409429,2452.38213399504,574.657568238213,1246.70223325062,299.330024813896,118.910669975186,1011.07444168734,413.573200992556,13559.617866005,8696.13895781638,403,26.2099383920929,19.6571535172996,0.661450818102276,0.964114832535885,0.767619047619048,-1.12699636906206,FAHNSCC_15,HN,1,FAHNSCC_15,tumor cells,,carcinoma_in_situ_FAHNSCC_15_2
5059,5783,13837.8294736842,255.532631578947,81.0189473684211,602.237894736842,18.2231578947368,2815.86105263158,511.442105263158,257.568421052632,966.821052631579,4514.15789473684,436.418947368421,1527.59578947368,1030.28421052632,2980.59789473684,386.587368421053,162.976842105263,1090.30736842105,2174.59789473684,1168.53052631579,390.833684210526,977.627368421053,1605.95789473684,347.408421052632,3878.64631578947,577.275789473684,955.42947368421,294.44,115.086315789474,984.162105263158,413.433684210526,14388.9347368421,8582.39368421053,475,29.8136728831798,20.3054339728787,0.732210954924993,0.957661290322581,0.733024691358025,1.00335534832468,FAHNSCC_15,HN,1,FAHNSCC_15,tumor cells,,carcinoma_in_situ_FAHNSCC_15_2
5060,5784,6732.34366197183,146.239436619718,70.1661971830986,596.480281690141,18.6281690140845,1508.27746478873,422.749295774648,234.208450704225,951.370422535211,2359.17605633803,364.77323943662,1354.72957746479,1129.43943661972,1829.02394366197,347.891549295775,143.084507042254,1092.10845070423,1356.56338028169,1260.32535211268,377.611267605634,965.59014084507,959.874647887324,893.687323943662,1663.81690140845,577.646478873239,745.445070422535,245.03661971831,106.304225352113,989.776056338028,409.274647887324,14110.4253521127,8916.19577464789,710,39.1526930634503,23.2315533409257,0.804938877385064,0.967302452316076,0.728205128205128,0.29689211234859,FAHNSCC_15,HN,1,FAHNSCC_15,Ki67+ tumor cells,,carcinoma_in_situ_FAHNSCC_15_2
5093,5822,31912.3620071685,435.362007168459,116.566308243728,603.304659498208,111.125448028674,8430.39426523298,838.792114695341,236.189964157706,973.415770609319,11722.2043010753,576.36559139785,184.387096774194,966.752688172043,8239.78853046595,510.573476702509,196.784946236559,1141.4229390681,5404.9247311828,633.537634408602,396.394265232975,961.810035842294,4885.54838709678,292.415770609319,6481.67741935484,1059.10752688172,1209.54480286738,318.68458781362,126.36917562724,1032.54480286738,411.379928315412,14233.0215053763,9078.12903225806,279,19.9517896192696,17.8272265987805,0.449033016002834,0.958762886597938,0.775,0.0848781031817928,FAHNSCC_15,HN,1,FAHNSCC_15,stromal cells,,carcinoma_in_situ_FAHNSCC_15_2
5138,5881,16108.7147058824,719.405882352941,2031.62058823529,603.791176470588,190.126470588235,3968.83823529412,521.097058823529,202.455882352941,1021.22352941176,5980.90882352941,473.105882352941,689.388235294118,968.435294117647,4194.44705882353,541.855882352941,159.185294117647,1107.25882352941,3239.50294117647,1963.33235294118,387.397058823529,1003.87352941176,2390.31176470588,382.626470588235,1352.27647058824,576.861764705882,764.776470588235,240.276470588235,112.605882352941,986.070588235294,405.452941176471,13535.8970588235,9246.91764705883,340,23.7516137901918,18.3420238496563,0.635326951487089,0.963172804532578,0.821256038647343,-1.45148089892297,FAHNSCC_15,HN,1,FAHNSCC_15,tumor cells,,carcinoma_in_situ_FAHNSCC_15_2
5160,5904,30160.0061538462,317.021538461538,85.9415384615385,608.569230769231,161.341538461538,6952.08615384615,772.344615384615,237.218461538462,960.476923076923,10049.8738461538,632.292307692308,163.929230769231,968.347692307693,7914.62153846154,455.966153846154,177.516923076923,1446.71076923077,5785.52923076923,691.246153846154,407.464615384615,988.886153846154,5398.22153846154,312.295384615385,7862.91076923077,1861.32615384615,1174.73230769231,314.72,126.935384615385,1023.40307692308,414.76,14397.9723076923,9046.08,325,22.1997397673494,18.7223837603615,0.537348171244363,0.964391691394659,0.81453634085213,-0.336239158796007,FAHNSCC_15,HN,1,FAHNSCC_15,endothelial cells,,carcinoma_in_situ_FAHNSCC_15_2
5172,5917,7540.06822262119,251.046678635548,82.5780969479354,603.67684021544,15.3752244165171,1727.33213644524,432.754039497307,241.131059245961,954.852782764812,2747.96409335727,398.908438061041,2164.73429084381,1087.31238779174,1821.75044883303,365.416517055655,164.547576301616,1045.53500897666,1580.40215439856,830.75763016158,387.824057450628,1124.039497307,1139.37522441652,300.463195691203,1332.29982046679,578.253141831239,785.34829443447,268.044883303411,109.274685816876,984.499102333932,410.773788150808,13211.4380610413,9356.85098743268,557,29.5784321525682,23.9969226308353,0.584632848151131,0.970383275261324,0.76510989010989,-0.987727523612784,FAHNSCC_15,HN,1,FAHNSCC_15,tumor cells,,carcinoma_in_situ_FAHNSCC_15_2
5195,5943,7248.35365853659,278.099593495935,83.8719512195122,600.288617886179,15.7113821138211,1830.00203252032,439.636178861789,264.388211382114,961.156504065041,2907.29878048781,380.963414634146,2385.01422764228,1203.5162601626,1827.02642276423,373.691056910569,159.168699186992,1063.58943089431,1510.56910569106,776.593495934959,387.859756097561,1107.73170731707,1121.06097560976,545.093495934959,2838.78455284553,577.359756097561,748.274390243902,257.465447154472,110.016260162602,979.075203252033,409.989837398374,13418.4512195122,9205.66056910569,492,27.4126872530726,22.8938093446973,0.550016514173769,0.962818003913894,0.727810650887574,-0.827758074837331,FAHNSCC_15,HN,1,FAHNSCC_15,tumor cells,,carcinoma_in_situ_FAHNSCC_15_2
5196,5944,12446.2659279778,162.961218836565,75.0193905817175,599.650969529086,17.2825484764543,2652.70637119114,453.171745152355,218.160664819945,938.09972299169,4123.49307479224,423.152354570637,929.008310249307,1007.98060941828,3256.19667590028,406.069252077562,155.950138504155,1106.43213296399,2130.95844875346,1402.38504155125,392.479224376731,974.783933518006,1577.14127423823,548.146814404432,3124.08587257618,572.800554016621,955.421052631579,287.049861495845,112.426592797784,1009.84764542936,412.562326869806,13557.2686980609,8673.80886426593,361,23.4181535991758,19.6763273239977,0.542250532189798,0.970430107526882,0.781385281385281,-0.687631384883914,FAHNSCC_15,HN,1,FAHNSCC_15,tumor cells,,carcinoma_in_situ_FAHNSCC_15_2
5198,5946,8415.16052060738,148.993492407809,73.3210412147505,603.976138828634,295.945770065076,2151.65943600868,418.472885032538,179.733188720174,954.802603036876,3281.36876355748,449.43600867679,141.85032537961,970.455531453362,2605.81995661605,406.889370932755,138.123644251627,1222.07809110629,1999.88286334056,509.644251626898,379.971800433839,971.574837310195,1609.01518438178,201.620390455531,1782.34490238612,653.796095444685,727.854663774403,246.943600867679,117.110629067245,985.336225596529,408.904555314534,14427.0195227766,9437.20173535792,461,30.8456316741442,19.3583164996961,0.778546463556923,0.95643153526971,0.681952662721894,-0.837688369005392,FAHNSCC_15,HN,1,FAHNSCC_15,stromal cells,,carcinoma_in_situ_FAHNSCC_15_2
5258,6011,8915.0897755611,217.997506234414,83.5960099750623,598.324189526185,15.6259351620948,2215.10473815461,445.428927680798,238.142144638404,953.296758104738,3364.54364089776,360.418952618454,1990.3216957606,1010.44887780549,2262.34663341646,372.104738154614,139.768079800499,1029.66583541147,1949.79551122194,939.805486284289,383.985037406484,1103.64089775561,1479.05985037406,393.179551122195,1781.6608478803,570.937655860349,781.124688279302,248.588528678304,108.089775561097,985.815461346634,407.708229426434,13453.4763092269,8879.72319201995,401,24.1746856081113,21.1767412822375,0.482332387552081,0.95933014354067,0.795634920634921,-1.15541772714783,FAHNSCC_15,HN,1,FAHNSCC_15,tumor cells,,carcinoma_in_situ_FAHNSCC_15_2
5269,6023,45510.9462365591,356.003584229391,104.530465949821,611.448028673835,235.465949820788,8582.58781362007,2311.5770609319,258.52688172043,967.609318996416,11956.6379928315,1095.77419354839,166.26523297491,980.501792114695,10729.0215053763,714.731182795699,1254.29749103943,1400.24731182796,7270.11111111111,718.465949820789,420.641577060932,984.58064516129,7243.67025089606,348.093189964158,5688.05734767025,1423.51612903226,1718.20071684588,349.799283154122,209.942652329749,1023.71326164875,418.189964157706,14700.4910394265,8977.69534050179,279,19.1294706623572,18.5924966479153,0.235272327713288,0.95221843003413,0.734210526315789,-1.11194049484061,FAHNSCC_15,HN,1,FAHNSCC_15,M2 macrophages,,carcinoma_in_situ_FAHNSCC_15_2
5321,6078,10572.6759581882,175.303135888502,76.2212543554007,597.482578397213,16.2108013937282,2431.05226480836,477.520905923345,242.331010452962,947.608013937282,3653.71777003484,394.289198606272,1540.40243902439,1072.28048780488,2303.62020905923,364.428571428571,162.759581881533,1095.92334494774,1713.6637630662,871.005226480836,383.479094076655,1022.18641114983,1144.54703832753,326.353658536585,2471.8275261324,577.883275261324,759.900696864112,258.024390243902,109.311846689895,984.162020905923,407.635888501742,13823.8135888502,8918.47212543554,574,33.1914001798501,22.1541831837313,0.744638868563363,0.967959527824621,0.747395833333333,0.380679251352851,FAHNSCC_15,HN,1,FAHNSCC_15,tumor cells,,carcinoma_in_situ_FAHNSCC_15_2
5322,6079,10319.6268656716,179.296019900498,75.5348258706468,600.601990049751,16.7810945273632,2567.12686567164,446.519900497512,271.412935323383,950.743781094527,4022.87064676617,386.002487562189,1435.36815920398,1026.70149253731,2502.7960199005,367.084577114428,149.002487562189,1035.68407960199,2141.03731343284,1057.47512437811,386.970149253731,1050.65422885572,1617.29850746269,664.703980099503,1159.72139303483,573.034825870647,761.276119402985,247.325870646766,107.293532338308,978.099502487562,407.029850746269,13512.6467661692,9161.01492537313,402,24.7346883965306,20.729151622593,0.545578158346809,0.94811320754717,0.730909090909091,0.305415806353916,FAHNSCC_15,HN,1,FAHNSCC_15,tumor cells,,carcinoma_in_situ_FAHNSCC_15_2
5339,6097,5900.56764705882,284.458823529412,108.879411764706,606.967647058824,9.13235294117647,1302.86470588235,450.264705882353,211.802941176471,945.308823529412,2176.93235294118,375.011764705882,5068.47352941176,941.002941176471,2164.14411764706,341.920588235294,128.755882352941,870.823529411765,1780.42647058824,802.511764705882,415.341176470588,957.744117647059,1459.95882352941,337.147058823529,1552.04117647059,572.376470588235,1164.78529411765,357.614705882353,125.617647058824,981.055882352941,418.782352941177,13865.9852941176,8154.0,340,22.9417671575015,18.8972789999254,0.567016639654859,0.963172804532578,0.778032036613272,0.254773294656233,FAHNSCC_15,HN,1,FAHNSCC_15,tumor cells,,carcinoma_in_situ_FAHNSCC_15_2
5417,6181,10848.5608856089,142.848708487085,83.8819188191882,601.416974169742,11.9188191881919,2236.22509225092,534.583025830258,277.140221402214,957.09594095941,3381.12915129151,447.970479704797,724.088560885609,1080.64944649446,2354.91143911439,415.771217712177,170.140221402214,994.512915129151,2007.63837638376,1619.61623616236,413.856088560886,1020.82287822878,1700.9704797048,799.808118081181,3582.56457564576,576.0,1134.9778597786,320.837638376384,126.081180811808,1014.9889298893,418.136531365314,14465.073800738,8213.69372693727,271,22.7518671776638,15.2836877876209,0.740773104100533,0.950877192982456,0.769886363636364,1.35572769233563,FAHNSCC_15,HN,1,FAHNSCC_15,Ki67+ tumor cells,,carcinoma_in_situ_FAHNSCC_15_2
5435,6200,10286.0690909091,224.210909090909,89.6690909090909,599.996363636364,16.8036363636364,2197.90909090909,453.429090909091,197.032727272727,952.883636363636,3572.02545454545,407.894545454545,1300.34909090909,974.505454545454,2903.50545454545,423.574545454545,126.043636363636,1070.44363636364,2600.76,1406.04363636364,393.469090909091,954.643636363636,2072.15272727273,647.949090909091,3971.58545454546,577.934545454545,1312.50181818182,313.178181818182,116.647272727273,1022.38181818182,411.741818181818,13550.4,8659.24363636364,275,22.9811550494406,15.5526218522109,0.736207895434675,0.958188153310104,0.7703081232493,-1.16370305162365,FAHNSCC_15,HN,1,FAHNSCC_15,tumor cells,,carcinoma_in_situ_FAHNSCC_15_2
5440,6205,36098.4457142857,722.36,724.502857142857,604.982857142857,118.565714285714,7902.98857142857,841.234285714286,256.177142857143,978.88,11250.3257142857,595.405714285714,197.542857142857,955.005714285714,9638.94285714286,587.714285714286,210.771428571429,1031.26285714286,6547.48,654.354285714286,409.822857142857,958.668571428572,6160.83428571429,300.731428571429,867.251428571429,626.645714285714,2614.99428571429,400.902857142857,158.411428571429,1038.06285714286,431.542857142857,14099.08,9402.76,175,18.0238367069825,12.355341080568,0.728072573697214,0.977653631284916,0.79185520361991,-1.22013427416222,FAHNSCC_15,HN,1,FAHNSCC_15,regulatory T cells,,carcinoma_in_situ_FAHNSCC_15_2
5472,6241,9124.91586998088,210.219885277247,91.1434034416826,597.309751434034,17.0229445506692,2235.39196940727,434.269598470363,264.952198852773,952.61759082218,3352.2810707457,380.108986615679,1477.57361376673,1027.30401529637,2309.47036328872,371.567877629063,144.282982791587,1052.06692160612,1870.74187380497,819.604206500956,386.346080305927,1048.97705544933,1471.11854684512,649.608030592734,1190.4378585086,575.124282982792,760.852772466539,256.661567877629,106.690248565966,983.261950286807,410.332695984704,13568.034416826,9176.73422562141,523,30.3226076386835,22.1412615192054,0.683244264784154,0.961397058823529,0.792424242424243,-1.42466394483346,FAHNSCC_15,HN,1,FAHNSCC_15,tumor cells,,carcinoma_in_situ_FAHNSCC_15_2
5490,6263,4898.34690265487,129.683185840708,71.8424778761062,594.927433628319,20.1805309734513,1222.97345132743,417.782300884956,198.299115044248,947.159292035398,1934.77876106195,366.895575221239,1696.23008849558,998.52389380531,1320.09911504425,353.46017699115,138.417699115044,1033.17522123894,1058.60707964602,1673.41415929204,379.026548672566,960.769911504425,777.725663716814,285.042477876106,1965.77522123894,577.488495575221,748.727433628319,266.709734513274,116.322123893805,1001.03362831858,409.061946902655,14049.9274336283,9109.29380530974,565,29.050062966121,24.7864175658467,0.521532997332805,0.975820379965458,0.811781609195402,1.51155735120489,FAHNSCC_15,HN,1,FAHNSCC_15,tumor cells,,carcinoma_in_situ_FAHNSCC_15_2
5516,6291,7582.42706502636,153.223198594025,71.3673110720562,596.579964850615,16.4991212653779,2029.20386643234,442.931458699473,228.19683655536,949.304042179262,3020.24428822496,402.193321616872,1037.32513181019,1079.0474516696,2121.39015817223,393.441124780316,161.265377855888,1042.29701230228,1558.74340949033,1433.45869947276,395.344463971881,1041.37609841828,1125.61335676626,1854.28119507909,1785.91388400703,576.936731107206,841.908611599297,282.471001757469,120.942003514938,1010.0,411.826010544815,13081.223198594,9118.76801405975,569,31.4277517034631,23.2566928500736,0.672601387034269,0.97098976109215,0.725765306122449,-0.823990473663143,FAHNSCC_15,HN,1,FAHNSCC_15,Ki67+ tumor cells,,carcinoma_in_situ_FAHNSCC_15_2
5544,6324,29563.2900302115,342.287009063444,105.441087613293,605.712990936556,158.867069486405,7690.00604229607,780.456193353474,240.211480362538,966.631419939577,10881.0574018127,663.655589123867,161.21752265861,969.489425981873,7660.98791540786,460.918429003021,167.232628398792,1354.95468277946,6006.2749244713,666.746223564955,410.271903323263,981.172205438066,5615.00604229607,322.770392749245,6434.08761329305,962.395770392749,1311.32628398792,347.184290030211,129.815709969789,1029.88821752266,415.371601208459,14461.8096676737,9003.22960725076,331,21.8504425589841,19.3357747699164,0.465753390680924,0.973529411764706,0.829573934837093,-1.50219007540516,FAHNSCC_15,HN,1,FAHNSCC_15,stromal cells,,carcinoma_in_situ_FAHNSCC_15_2
5556,6338,35792.1342592593,366.208333333333,121.800925925926,610.458333333333,96.6481481481482,9630.01851851852,878.944444444445,269.342592592593,966.055555555556,13188.2037037037,669.194444444445,191.185185185185,1071.85185185185,8053.20833333333,472.87037037037,415.981481481482,1089.25925925926,6365.93981481482,743.027777777778,433.763888888889,946.814814814815,5812.18518518519,374.842592592593,6732.88888888889,2450.18055555556,1911.1712962963,356.055555555556,184.490740740741,1044.92592592593,422.625,14649.6481481481,8571.60185185185,216,17.413201504097,15.8594617140863,0.412908953609505,0.97737556561086,0.794117647058824,0.729039581020285,FAHNSCC_15,HN,1,FAHNSCC_15,endothelial cells,,carcinoma_in_situ_FAHNSCC_15_2
5670,6464,7428.08776978417,166.542446043165,81.0690647482014,604.385611510791,8.38705035971223,1421.9928057554,475.76690647482,286.082014388489,963.18417266187,2166.7654676259,425.110791366907,1282.51942446043,1007.95107913669,1956.89784172662,382.835971223022,165.591366906475,1011.31223021583,1397.64748201439,797.431654676259,412.581294964029,1066.09208633094,946.572661870504,698.060431654676,2711.19136690647,571.591366906475,822.529496402878,296.962589928058,115.96690647482,981.644604316547,413.928057553957,13793.435971223,8090.29064748202,695,31.0695857959793,28.5842996998009,0.391897145093779,0.973389355742297,0.747311827956989,-0.935437768500643,FAHNSCC_15,HN,1,FAHNSCC_15,tumor cells,,carcinoma_in_situ_FAHNSCC_15_2
5681,6476,14211.4,302.122222222222,118.677777777778,605.507407407407,92.5851851851852,3566.08888888889,616.792592592593,216.562962962963,959.848148148148,5648.48518518519,554.914814814815,161.366666666667,946.296296296296,4884.9037037037,424.022222222222,137.955555555556,1144.47037037037,4259.70740740741,602.318518518519,392.818518518519,955.040740740741,4253.22222222222,289.462962962963,6048.62222222222,781.318518518519,1701.12222222222,347.411111111111,129.088888888889,1021.41481481481,419.803703703704,14288.8333333333,9067.81481481482,270,19.1181149866582,18.0179154956454,0.334340040155114,0.967741935483871,0.789473684210526,-1.25537131865188,FAHNSCC_15,HN,1,FAHNSCC_15,stromal cells,,carcinoma_in_situ_FAHNSCC_15_2
5737,6540,9446.44169611307,223.091872791519,81.9681978798587,598.106007067138,16.5371024734982,2327.15901060071,465.229681978799,198.448763250883,948.021201413428,3858.04946996466,398.660777385159,2321.28268551237,971.427561837456,2984.05653710247,430.787985865724,121.04593639576,1007.01413427562,2700.94346289753,2271.73851590106,397.378091872792,960.197879858657,2189.46643109541,767.113074204947,2501.67137809187,574.809187279152,1427.66077738516,319.120141342756,121.798586572438,1031.75265017668,416.978798586572,13717.74204947,8599.41696113074,283,19.484450896805,18.519046464763,0.310869600925938,0.949664429530201,0.744736842105263,0.403731205452982,FAHNSCC_15,HN,1,FAHNSCC_15,Ki67+ tumor cells,,carcinoma_in_situ_FAHNSCC_15_2
5748,6553,29019.917218543,396.03642384106,556.735099337748,605.155629139073,266.092715231788,6604.23509933775,782.294701986755,224.798013245033,980.32119205298,8844.3940397351,1029.57284768212,178.317880794702,963.12582781457,6397.35430463576,540.933774834437,244.655629139073,1128.86092715232,4568.85099337748,613.192052980132,394.082781456954,986.801324503311,4144.21854304636,284.185430463576,4781.98344370861,1154.86092715232,1075.47350993377,290.970198675497,206.198675496689,1020.57284768212,411.076158940397,14315.3013245033,9093.94701986755,302,21.575817362853,17.8620457025138,0.560914967701996,0.961783439490446,0.798941798941799,0.410104645537681,FAHNSCC_15,HN,1,FAHNSCC_15,M2 macrophages,,carcinoma_in_situ_FAHNSCC_15_2
5752,6557,13123.2818181818,219.345454545455,98.2318181818182,602.147727272727,20.9340909090909,3067.84090909091,494.156818181818,250.861363636364,948.059090909091,4662.43636363636,463.409090909091,884.322727272727,1018.825,3534.86363636364,390.954545454545,153.9,1047.10681818182,2292.53409090909,1601.00909090909,389.161363636364,1055.175,1724.39772727273,5762.87954545455,2899.64090909091,578.552272727273,939.470454545455,286.379545454545,115.077272727273,1005.46136363636,411.679545454546,14464.9886363636,8712.625,440,24.8269016261605,22.5660682216418,0.416935350930912,0.975609756097561,0.797101449275362,0.583787313580415,FAHNSCC_15,HN,1,FAHNSCC_15,Ki67+ tumor cells,,carcinoma_in_situ_FAHNSCC_15_2
5758,6565,14231.8568075117,227.953051643192,94.981220657277,598.272300469484,15.0680751173709,3320.82394366197,521.913145539906,258.004694835681,952.3779342723,4761.47417840376,393.650234741784,1536.07981220657,1169.48356807512,2956.61971830986,376.802816901409,147.753521126761,1079.86854460094,2493.60328638498,997.828638497653,392.870892018779,1022.33802816901,1779.04694835681,464.859154929578,1877.17605633803,573.044600938967,826.556338028169,251.06338028169,107.981220657277,977.81220657277,408.333333333333,13279.7276995305,8880.16666666667,426,24.1268212432388,22.4901222234284,0.362039704720324,0.965986394557823,0.771739130434783,-0.980110704597502,FAHNSCC_15,HN,1,FAHNSCC_15,tumor cells,,carcinoma_in_situ_FAHNSCC_15_2
5763,6570,25828.9299363057,545.649681528662,153.222929936306,609.869426751592,213.426751592357,5853.20063694268,871.640127388535,275.03821656051,960.958598726115,9516.14649681529,692.442675159236,167.283439490446,954.480891719745,8649.80573248408,492.684713375796,179.452229299363,1440.89171974522,5775.6050955414,794.044585987261,438.273885350319,975.382165605096,5881.09554140127,375.359872611465,10440.5859872611,1310.15923566879,1849.74522292994,392.28025477707,140.700636942675,1042.05732484076,419.894904458599,14849.7770700637,8783.17834394905,314,21.0206038312073,19.0377320335758,0.42398313561868,0.966153846153846,0.785,-0.705635750085815,FAHNSCC_15,HN,1,FAHNSCC_15,CD4+ T cells,,carcinoma_in_situ_FAHNSCC_15_2
5796,6610,9998.76363636364,201.509090909091,68.0,615.163636363636,38.5151515151515,2552.04242424242,1295.97575757576,185.387878787879,955.672727272727,3730.04848484849,585.024242424242,194.109090909091,942.527272727273,2571.66060606061,490.593939393939,392.70303030303,979.254545454546,2004.69090909091,524.278787878788,390.909090909091,954.690909090909,1408.52121212121,233.587878787879,3350.28484848485,667.236363636364,753.993939393939,285.278787878788,234.072727272727,1011.53939393939,410.151515151515,13615.7515151515,9596.37575757576,165,17.2065798457197,12.2135761710921,0.704383013869451,0.964912280701754,0.736607142857143,-0.937624379797866,FAHNSCC_15,HN,1,FAHNSCC_15,stromal cells,,carcinoma_in_situ_FAHNSCC_15_2
5833,6649,15279.6392251816,214.215496368039,94.8958837772397,600.433414043584,17.9757869249395,3159.25907990315,571.636803874092,263.176755447942,951.154963680387,4936.55447941889,478.878934624697,1164.92978208232,1057.16464891041,3299.16464891041,406.702179176755,158.946731234867,1046.30992736077,2284.84261501211,1227.2784503632,399.217917675545,1034.21549636804,1685.0,14347.5108958838,2014.42372881356,581.004842615012,959.164648910412,311.324455205811,120.273607748184,1006.96852300242,412.806295399516,13982.5520581114,8694.89588377724,413,25.0955112100286,20.9695608989507,0.549353413539629,0.971764705882353,0.786666666666667,-0.0667004679786278,FAHNSCC_15,HN,1,FAHNSCC_15,Ki67+ tumor cells,,carcinoma_in_situ_FAHNSCC_15_2
5854,6674,10388.1860465116,248.244186046512,85.796511627907,600.889534883721,59.9593023255814,2845.70930232558,1029.52325581395,198.308139534884,956.372093023256,4375.08720930233,495.470930232558,317.063953488372,942.337209302326,3570.87790697674,457.5,352.96511627907,1129.54069767442,3325.48255813954,570.796511627907,385.023255813954,944.738372093023,3309.38372093023,271.936046511628,6853.13372093023,1168.17441860465,1748.32558139535,347.145348837209,145.779069767442,1022.35465116279,415.936046511628,14244.1918604651,9222.28488372093,172,15.8482266864745,13.8418700660136,0.487000263904398,0.955555555555556,0.767857142857143,-0.429408949228378,FAHNSCC_15,HN,1,FAHNSCC_15,stromal cells,,carcinoma_in_situ_FAHNSCC_15_2
5887,6712,6205.14987080103,191.583979328165,69.6046511627907,600.702842377261,19.9509043927649,1551.71834625323,513.105943152455,187.439276485788,949.258397932817,2517.98966408269,422.806201550388,1623.72351421189,960.452196382429,1948.48837209302,455.529715762274,124.917312661499,1035.76744186047,1911.85012919897,1987.4496124031,387.658914728682,962.842377260982,1806.45994832041,1998.80103359173,2080.42118863049,581.136950904393,1093.90956072351,305.808785529716,118.586563307494,1023.66149870801,412.596899224806,13454.6253229974,9450.94315245478,387,23.2271736832598,21.2461652328449,0.404107271028151,0.974811083123426,0.801242236024845,-1.44694004032525,FAHNSCC_15,HN,1,FAHNSCC_15,Ki67+ tumor cells,,carcinoma_in_situ_FAHNSCC_15_2
5931,6765,8935.64410058027,216.856866537718,94.9748549323017,602.025145067698,20.0135396518375,2131.29013539652,525.938104448743,244.471953578336,959.72920696325,3347.1837524178,411.16247582205,1667.48162475822,1072.63442940039,2377.52611218569,399.688588007737,174.199226305609,1085.40425531915,1922.7582205029,805.574468085106,395.576402321083,1061.47582205029,1344.72727272727,317.261121856867,1726.74661508704,573.791102514507,883.046421663443,282.013539651838,114.825918762089,975.866537717602,410.195357833656,13712.2166344294,8742.94390715667,517,28.017759565653,23.5101289342659,0.543953693309069,0.957407407407407,0.742816091954023,-0.0513504849725714,FAHNSCC_15,HN,1,FAHNSCC_15,tumor cells,,carcinoma_in_situ_FAHNSCC_15_2
6014,6857,21848.7964285714,270.785714285714,91.5678571428571,602.746428571429,140.085714285714,5152.55357142857,836.082142857143,237.642857142857,967.946428571429,7356.77142857143,781.521428571429,161.639285714286,971.114285714286,4915.38928571429,456.267857142857,179.289285714286,1355.70714285714,3605.71428571429,676.514285714286,406.903571428571,974.103571428571,2934.54642857143,296.482142857143,9375.63571428571,1037.36785714286,824.639285714286,293.425,122.046428571429,1022.16071428571,411.364285714286,14718.4642857143,8924.12857142857,280,20.3327750882361,17.5566573240716,0.504407267929625,0.962199312714777,0.823529411764706,-1.54486354401736,FAHNSCC_15,HN,1,FAHNSCC_15,stromal cells,,carcinoma_in_situ_FAHNSCC_15_2
6026,6871,25774.2944983819,215.197411003236,75.6763754045308,606.032362459547,173.174757281553,6597.52750809062,708.760517799353,236.94498381877,966.802588996764,9596.83495145631,615.343042071197,151.093851132686,944.656957928803,8936.4498381877,436.563106796117,176.456310679612,1237.73786407767,5641.49838187702,648.2071197411,403.569579288026,967.05501618123,5678.6860841424,316.36569579288,5451.77669902913,1474.85436893204,1667.3430420712,344.37216828479,133.456310679612,1024.88673139159,419.466019417476,14483.3074433657,8999.53074433657,309,20.6665988362081,19.0739954068211,0.384947933297469,0.974763406940063,0.813157894736842,-0.545984202446208,FAHNSCC_15,HN,1,FAHNSCC_15,stromal cells,,carcinoma_in_situ_FAHNSCC_15_2
6050,6898,8194.77629063097,154.606118546845,78.6653919694073,599.334608030593,15.5372848948375,2095.89674952199,476.717017208413,239.235181644359,956.755258126195,3205.83173996176,404.53154875717,1002.96940726577,1034.84321223709,2115.85468451243,374.717017208413,155.369024856597,1057.8776290631,1653.23900573614,2026.034416826,392.049713193117,1020.65200764818,1195.79158699809,723.881453154876,1392.81835564054,574.269598470363,805.665391969407,262.124282982792,112.814531548757,1001.5793499044,410.776290630975,13152.896749522,8551.02868068834,523,37.0123981512663,18.0839869046901,0.872512000171709,0.957875457875458,0.679220779220779,0.339131771474414,FAHNSCC_15,HN,1,FAHNSCC_15,tumor cells,,carcinoma_in_situ_FAHNSCC_15_2
6079,6933,15097.7022900763,385.396946564885,137.770992366412,622.351145038168,1001.3893129771,3059.84732824427,641.93893129771,208.30534351145,1018.58015267176,4532.58015267176,681.709923664122,419.786259541985,938.290076335878,3265.64885496183,752.93893129771,450.610687022901,1217.42748091603,1937.87786259542,694.725190839695,429.374045801527,970.511450381679,1249.96946564886,337.641221374046,6057.29007633588,597.351145038168,825.770992366412,304.587786259542,129.923664122137,1027.79389312977,414.251908396947,14536.3129770992,8400.01526717557,131,16.4514163336923,10.1542178856664,0.786787052966012,0.956204379562044,0.668367346938776,0.804429108759889,FAHNSCC_15,HN,1,FAHNSCC_15,stromal cells,,carcinoma_in_situ_FAHNSCC_15_2
6085,6939,11117.9038901602,188.132723112128,91.2494279176201,607.485125858124,18.3890160183066,2712.89473684211,644.990846681922,237.352402745995,943.631578947368,4174.37986270023,422.780320366133,624.890160183066,1167.81922196796,2900.46910755149,377.189931350114,160.283752860412,1073.66132723112,2368.28375286041,745.649885583524,406.514874141876,1074.89244851259,1813.10297482838,519.105263157895,2494.75743707094,581.254004576659,1062.12128146453,316.370709382151,120.185354691076,1000.08466819222,414.812356979405,13332.1327231121,8693.16247139588,437,30.6248024093364,18.1888989119078,0.804518890586834,0.964679911699779,0.766666666666667,0.196555864120402,FAHNSCC_15,HN,1,FAHNSCC_15,tumor cells,,carcinoma_in_situ_FAHNSCC_15_2
6097,6953,9341.78904665314,199.245436105477,72.6024340770791,595.407707910751,18.6085192697769,2192.52941176471,420.973630831643,207.874239350913,948.438133874239,3387.87626774848,383.310344827586,2245.07099391481,995.150101419878,2411.09939148073,381.819472616633,129.31845841785,978.419878296146,2262.92494929006,1038.52129817444,387.997971602434,988.574036511156,1983.26977687627,2300.87018255578,1716.69574036511,577.115618661258,989.817444219067,287.894523326572,117.701825557809,1008.15010141988,411.84584178499,13412.275862069,9546.09736308316,493,27.5872247309214,22.820085184155,0.56191118939046,0.966666666666667,0.793880837359098,0.434609616524818,FAHNSCC_15,HN,1,FAHNSCC_15,Ki67+ tumor cells,,carcinoma_in_situ_FAHNSCC_15_2
6106,6962,6798.44099378882,168.490683229814,79.7981366459627,602.0,16.6739130434783,1945.31677018634,418.273291925466,192.065217391304,953.990683229814,3107.46273291925,381.776397515528,1192.78260869565,980.826086956522,2231.31366459627,401.242236024845,133.736024844721,1009.76086956522,2186.17391304348,1081.32608695652,395.22049689441,959.89751552795,1856.6397515528,472.145962732919,2124.47204968944,576.630434782609,1252.26086956522,304.431677018634,121.562111801242,1004.1801242236,415.614906832298,13096.1055900621,9095.54037267081,322,21.7139097114209,18.9114587626353,0.491393761775018,0.961194029850746,0.770334928229665,-0.158161239066324,FAHNSCC_15,HN,1,FAHNSCC_15,tumor cells,,carcinoma_in_situ_FAHNSCC_15_2
6127,6986,20955.4657039711,277.84476534296,94.2527075812274,604.696750902527,81.5667870036101,5373.47653429603,785.332129963899,224.097472924188,959.657039711191,7893.63537906137,549.808664259928,266.028880866426,957.84476534296,6380.06859205776,625.02166064982,205.093862815884,1078.12996389892,5906.53790613718,654.220216606498,401.541516245487,960.851985559567,5670.70397111913,298.176895306859,4511.83032490975,1003.29602888087,1999.40072202166,349.158844765343,141.231046931408,1040.65703971119,422.85559566787,13682.9711191336,9554.37184115524,277,20.0298718955012,17.603359669456,0.477088366427129,0.978798586572438,0.809941520467836,-1.03364417617342,FAHNSCC_15,HN,1,FAHNSCC_15,stromal cells,,carcinoma_in_situ_FAHNSCC_15_2
6139,6999,11927.0129390018,281.561922365989,90.1330868761553,604.792975970425,16.3530499075786,2916.44177449168,527.672828096118,266.632162661738,961.911275415896,4502.75231053604,475.665434380776,1396.41774491682,1095.03327171904,3425.79297597043,425.8853974122,166.794824399261,1106.146025878,2596.27911275416,1117.12014787431,401.426987060998,1088.10720887246,1892.00739371534,957.081330868762,3192.69500924214,579.556377079482,917.964879852126,281.970425138632,113.393715341959,996.382624768946,410.066543438078,14425.9907578558,8434.3438077634,541,31.2059443037429,22.0863855751154,0.706450825520398,0.974774774774775,0.777298850574713,1.08503529145693,FAHNSCC_15,HN,1,FAHNSCC_15,Ki67+ tumor cells,,carcinoma_in_situ_FAHNSCC_15_2
6148,7009,20604.8085106383,499.346504559271,134.0,618.29179331307,344.294832826748,5661.31306990881,805.951367781155,234.449848024316,968.455927051672,7889.66869300912,2903.12158054711,171.58358662614,968.559270516717,4609.47720364742,543.191489361702,309.158054711246,1040.12765957447,4137.76899696049,610.677811550152,400.346504559271,971.820668693009,4001.64741641337,304.908814589666,1424.96048632219,743.857142857143,1627.20364741641,344.881458966565,254.003039513678,1024.43465045593,418.09726443769,14567.3860182371,9224.11854103344,329,25.3584162174385,16.5728043333095,0.756889766143366,0.970501474926254,0.752860411899314,-1.05347596872244,FAHNSCC_15,HN,1,FAHNSCC_15,M2 macrophages,,carcinoma_in_situ_FAHNSCC_15_2
6156,7019,8823.34863945578,149.210884353742,88.374149659864,599.537414965986,17.7942176870748,2011.19727891156,457.738095238095,252.171768707483,956.906462585034,3058.60204081633,395.744897959184,1446.74149659864,1023.89455782313,2154.68027210884,393.267006802721,162.180272108844,1067.31802721088,1732.86734693878,769.350340136055,384.593537414966,1212.75510204082,1191.96428571429,323.634353741497,1448.46428571429,572.336734693878,749.460884353741,244.438775510204,105.991496598639,975.437074829932,409.780612244898,13559.4047619048,9012.75850340136,588,34.3014627138694,21.8589659969379,0.770648494973757,0.968698517298188,0.751918158567775,-1.30056867702622,FAHNSCC_15,HN,1,FAHNSCC_15,tumor cells,,carcinoma_in_situ_FAHNSCC_15_2
6181,7046,16512.0691358025,250.627160493827,88.0271604938272,610.155555555556,357.975308641975,3734.84938271605,1569.9037037037,205.308641975309,965.192592592593,5419.8987654321,483.666666666667,184.824691358025,953.135802469136,3829.22222222222,1513.52098765432,531.8,1169.21234567901,2506.44444444444,565.896296296296,392.562962962963,1007.80740740741,1846.81234567901,771.244444444444,3918.64444444444,831.254320987654,811.923456790124,286.659259259259,501.595061728395,1032.09135802469,409.903703703704,13703.9209876543,9534.59506172839,405,26.0447047279971,19.8591768559324,0.646984164744922,0.9688995215311,0.778846153846154,1.50759380856506,FAHNSCC_15,HN,1,FAHNSCC_15,stromal cells,,carcinoma_in_situ_FAHNSCC_15_2
6211,7088,5150.94117647059,241.681114551084,81.7770897832817,599.886996904025,17.0294117647059,1270.08978328173,417.834365325077,268.458204334365,961.239938080495,2043.9907120743,372.308049535604,1365.35139318885,1043.78482972136,1324.3173374613,353.755417956656,158.75386996904,1071.75696594427,1158.52631578947,1029.10526315789,383.708978328173,953.743034055728,790.020123839009,230.676470588235,2017.88544891641,575.06346749226,744.93653250774,262.614551083591,108.848297213622,988.159442724458,408.452012383901,13341.979876161,9421.90866873065,646,29.7347556849153,27.7032320916934,0.363283914984258,0.97289156626506,0.795566502463054,1.14576799499646,FAHNSCC_15,HN,1,FAHNSCC_15,tumor cells,,carcinoma_in_situ_FAHNSCC_15_2
6217,7095,25236.8361344538,456.941176470588,130.004201680672,606.810924369748,62.0756302521009,6528.66806722689,862.294117647059,258.205882352941,984.22268907563,9406.83613445378,663.40756302521,190.252100840336,947.264705882353,7171.52941176471,455.836134453782,215.806722689076,1764.34453781513,4810.75210084034,683.163865546219,406.411764705882,954.861344537815,4391.08823529412,318.058823529412,1718.90756302521,1171.49579831933,1527.88655462185,325.768907563025,283.310924369748,1012.47478991597,421.205882352941,14661.9243697479,8740.23109243697,238,17.8744150165572,16.9872809120784,0.311126537353048,0.952,0.777777777777778,-0.968058856109354,FAHNSCC_15,HN,1,FAHNSCC_15,effector CD8+ T cells,,carcinoma_in_situ_FAHNSCC_15_2
6224,7103,8070.604743083,182.584980237154,86.5948616600791,605.098814229249,16.3814229249012,1996.72727272727,492.47628458498,250.017786561265,955.415019762846,3226.40316205534,476.883399209486,1402.24703557312,972.577075098814,2441.61660079051,398.266798418972,177.837944664032,1032.45849802372,1762.23913043478,1314.92687747036,404.298418972332,1021.42885375494,1275.13438735178,343.622529644269,4573.9347826087,577.669960474308,993.626482213439,322.942687747036,122.021739130435,1003.79249011858,414.247035573123,14204.5098814229,8522.85375494071,506,28.6830947934792,22.4711396948798,0.621482552426214,0.973076923076923,0.780864197530864,0.466806804123527,FAHNSCC_15,HN,1,FAHNSCC_15,tumor cells,,carcinoma_in_situ_FAHNSCC_15_2
6236,7117,11685.2582278481,190.443037974684,88.7164556962025,601.589873417722,21.7139240506329,2587.79240506329,673.060759493671,296.564556962025,961.959493670886,4096.42784810127,473.888607594937,1278.77215189873,1064.49113924051,3341.99493670886,456.888607594937,160.767088607595,1008.64556962025,2448.87341772152,1670.95189873418,421.898734177215,1007.13164556962,2092.95696202532,1487.75696202532,4391.93417721519,575.579746835443,1262.08101265823,345.020253164557,131.521518987342,1011.28860759494,418.118987341772,14239.0329113924,8157.40253164557,395,24.9388213438879,20.2238682126236,0.585130403406614,0.97051597051597,0.783730158730159,1.15912967897045,FAHNSCC_15,HN,1,FAHNSCC_15,Ki67+ tumor cells,,carcinoma_in_situ_FAHNSCC_15_2
6253,7137,9382.27339901478,116.953201970443,74.3325123152709,608.320197044335,12.2906403940887,2135.91133004926,469.389162561576,237.963054187192,952.972906403941,3296.81773399015,436.775862068966,1441.11822660099,1033.01231527094,2991.81527093596,390.568965517241,144.172413793103,998.894088669951,2093.09852216749,1260.36206896552,411.54433497537,981.935960591133,1774.16748768473,1662.0197044335,4726.33743842365,575.204433497537,1083.33990147783,318.807881773399,122.477832512315,1007.86945812808,418.992610837438,14469.7586206897,8232.16748768473,406,27.3192084832558,19.0396006076191,0.717138283713247,0.957547169811321,0.791423001949318,-1.46627792868638,FAHNSCC_15,HN,1,FAHNSCC_15,Ki67+ tumor cells,,carcinoma_in_situ_FAHNSCC_15_2
6266,7151,10149.4632352941,325.852941176471,111.78431372549,605.973039215686,12.4093137254902,1672.78431372549,529.061274509804,266.536764705882,962.049019607843,2433.36029411765,429.727941176471,1622.30147058824,986.906862745098,1792.01225490196,419.678921568627,158.803921568627,1045.01960784314,1280.9362745098,1038.02450980392,403.625,1041.82843137255,811.56862745098,541.718137254902,1603.19362745098,572.767156862745,755.691176470588,277.610294117647,107.889705882353,980.274509803922,410.446078431373,13647.625,8048.48284313726,408,26.9310757435818,19.302333968338,0.697349859794982,0.971428571428571,0.755555555555556,-1.31199025657056,FAHNSCC_15,HN,1,FAHNSCC_15,tumor cells,,carcinoma_in_situ_FAHNSCC_15_2
6310,7207,11795.0363951473,170.490467937608,81.159445407279,601.254766031196,17.1247833622184,2846.51819757366,459.516464471404,243.119584055459,956.344887348354,4865.24090121317,426.882149046794,1193.89948006932,1393.96013864818,3163.16637781629,407.850953206239,161.25129982669,1124.64124783362,2467.71923743501,1355.60658578856,402.384748700173,1072.35528596187,1649.65511265165,14817.2426343154,1816.83188908146,575.752166377816,792.459272097054,252.265164644714,107.705372616984,985.220103986135,409.169844020797,13483.4159445407,8433.30502599653,577,28.3434819712776,25.9879039960269,0.399136029287191,0.966499162479062,0.763227513227513,-0.596072666333976,FAHNSCC_15,HN,1,FAHNSCC_15,Ki67+ tumor cells,,carcinoma_in_situ_FAHNSCC_15_2
6342,7245,7132.01635514019,214.359813084112,88.3785046728972,604.233644859813,17.6028037383178,1723.64485981308,495.56308411215,243.238317757009,960.663551401869,2842.47196261682,497.514018691589,1689.34813084112,986.948598130841,1933.05140186916,418.163551401869,146.605140186916,1064.51168224299,1453.65654205607,1786.32009345794,396.719626168224,972.768691588785,1082.10981308411,358.231308411215,5718.60747663551,581.567757009346,925.221962616823,325.177570093458,122.369158878505,1015.44158878505,416.810747663551,14391.8177570093,8640.39953271028,428,25.3183449357481,21.5885203686107,0.522428782326934,0.961797752808989,0.744347826086957,0.518788920953031,FAHNSCC_15,HN,1,FAHNSCC_15,tumor cells,,carcinoma_in_situ_FAHNSCC_15_2
6344,7247,12393.6352941176,126.491176470588,67.5205882352941,610.808823529412,312.714705882353,3173.63823529412,465.638235294118,186.894117647059,949.535294117647,4720.92352941176,453.385294117647,149.167647058824,953.65,3684.86764705882,429.026470588235,140.102941176471,1206.36176470588,2412.89411764706,510.855882352941,383.152941176471,961.973529411765,1952.74705882353,236.544117647059,2013.54117647059,2633.88235294118,884.347058823529,266.929411764706,228.661764705882,1010.77352941176,412.070588235294,14472.6,9100.40588235294,340,24.2342094186311,18.1361244704856,0.663282931587929,0.941828254847645,0.745614035087719,-1.40787099627238,FAHNSCC_15,HN,1,FAHNSCC_15,endothelial cells,,carcinoma_in_situ_FAHNSCC_15_2
6400,7310,10075.5279642058,429.841163310962,119.472035794183,613.912751677852,15.8299776286353,2347.26845637584,634.651006711409,302.843400447427,958.973154362416,3604.37583892617,503.156599552573,2532.54362416107,994.440715883669,2551.72035794183,446.174496644295,174.825503355705,1021.66890380313,1780.58389261745,872.700223713647,397.51677852349,958.950782997763,1352.24832214765,316.158836689038,2783.53243847875,578.675615212528,1027.58389261745,353.091722595078,123.263982102908,992.436241610738,416.147651006711,13404.1006711409,8896.50782997763,447,25.791185177574,22.1433846484768,0.512706305333092,0.943037974683544,0.747491638795987,0.227216042089573,FAHNSCC_15,HN,1,FAHNSCC_15,tumor cells,,carcinoma_in_situ_FAHNSCC_15_2
6419,7331,9741.97022332507,252.200992555831,87.0248138957816,603.305210918114,15.9503722084367,2267.17617866005,487.305210918114,256.66253101737,956.66253101737,3792.29032258065,445.017369727047,1269.52853598015,988.009925558313,3086.18610421836,413.764267990074,176.384615384615,1061.05459057072,1700.99751861042,2627.12903225806,287.06699751861,1021.96277915633,1502.36476426799,386.573200992556,2768.31761786601,573.384615384615,935.101736972705,301.722084367246,116.312655086849,993.290322580645,415.411910669975,13750.8858560794,8341.25310173697,403,25.3779534382485,20.242855443494,0.603113795168323,0.971084337349398,0.796442687747036,-0.927859823246809,FAHNSCC_15,HN,1,FAHNSCC_15,tumor cells,,carcinoma_in_situ_FAHNSCC_15_2
6428,7340,9534.38372093023,131.666112956811,62.4950166112957,598.636212624585,18.0747508305648,2325.31893687708,428.797342192691,220.991694352159,949.847176079734,3451.72757475083,407.915282392027,1130.63787375415,1091.76079734219,2349.04485049834,366.586378737542,146.161129568106,1049.27574750831,1982.38870431894,926.951827242525,383.257475083057,1038.72093023256,1635.91196013289,4295.67774086379,1408.52159468439,580.486710963455,739.803986710964,250.358803986711,107.661129568106,988.071428571429,407.506644518272,13476.0714285714,9468.7757475083,602,38.3995310476665,19.9811802227674,0.853953338636471,0.96474358974359,0.707403055229142,-1.24538447194288,FAHNSCC_15,HN,1,FAHNSCC_15,Ki67+ tumor cells,,carcinoma_in_situ_FAHNSCC_15_2
6452,7365,6161.25459317585,226.89501312336,99.0236220472441,602.724409448819,8.35958005249344,1197.7532808399,523.257217847769,272.543307086614,961.766404199475,1807.35958005249,443.769028871391,2380.06299212598,1046.0157480315,1625.68766404199,390.855643044619,154.587926509186,988.963254593176,1227.04724409449,963.658792650919,409.38845144357,970.761154855643,825.944881889764,309.496062992126,1118.90551181102,572.477690288714,824.196850393701,306.05249343832,117.482939632546,984.89501312336,417.023622047244,13761.4488188976,8058.55905511811,381,23.5946926675275,20.5657797302516,0.490169094876971,0.967005076142132,0.79375,1.55968072803288,FAHNSCC_15,HN,1,FAHNSCC_15,tumor cells,,carcinoma_in_situ_FAHNSCC_15_2
6482,7398,9418.09430255403,179.371316306483,73.7740667976424,600.880157170923,12.2848722986248,2138.79960707269,446.49115913556,254.255402750491,957.677799607073,3444.87229862475,424.630648330059,1469.74852652259,1239.6974459725,2857.58546168959,383.388998035363,149.155206286837,1041.76620825147,2143.60903732809,1484.6836935167,408.174852652259,1023.6463654224,1724.58742632613,861.133595284872,4191.35166994106,572.599214145383,990.6836935167,301.408644400786,117.019646365422,1005.66601178782,415.952848722986,14368.905697446,8317.78978388998,509,31.1839110526215,20.8173648900961,0.744549300475596,0.967680608365019,0.781874039938556,-1.50864602655822,FAHNSCC_15,HN,1,FAHNSCC_15,Ki67+ tumor cells,,carcinoma_in_situ_FAHNSCC_15_2
6493,7410,10883.0485175202,141.506738544474,70.1347708894879,600.619946091644,11.4824797843666,2519.27223719677,497.390835579515,247.636118598383,953.703504043127,4045.77358490566,440.795148247978,1768.13477088949,1105.14016172507,3691.49595687332,421.401617250674,155.706199460916,1004.84905660377,2499.68194070081,1668.77088948787,407.652291105121,1026.52830188679,2222.82479784367,2196.53638814016,3082.60107816712,575.973045822102,1138.81132075472,304.932614555256,120.299191374663,1002.41778975741,418.471698113208,14433.1994609164,8252.0539083558,371,22.4186492967159,21.076393735129,0.340822333257774,0.961139896373057,0.768115942028986,-1.03847998087381,FAHNSCC_15,HN,1,FAHNSCC_15,Ki67+ tumor cells,,carcinoma_in_situ_FAHNSCC_15_2
6543,7465,9276.2053789731,160.711491442543,85.0440097799511,604.828850855746,17.5012224938875,2457.11491442543,462.466992665037,200.105134474328,942.542787286064,3886.74816625917,436.484107579462,2014.75061124694,957.79217603912,3157.14425427873,379.0,123.564792176039,967.81173594132,2436.95843520782,1138.14425427873,387.665036674817,955.704156479218,2143.80195599022,527.779951100245,3769.90464547677,576.40097799511,1279.65525672372,308.965770171149,118.667481662592,1009.04156479218,413.308068459658,14189.7041564792,8568.21271393643,409,25.59774977703,20.3672893545979,0.605734050730931,0.966903073286052,0.786538461538462,0.0640799258463097,FAHNSCC_15,HN,1,FAHNSCC_15,tumor cells,,carcinoma_in_situ_FAHNSCC_15_2
6574,7502,8052.55950540958,173.270479134467,87.8021638330757,610.670788253478,24.0123647604328,1874.71870170015,498.210200927357,252.449768160742,960.982998454405,3106.74497681607,435.817619783617,1159.48995363215,1031.59350850077,2400.83616692427,404.514683153014,155.367851622875,1007.0170015456,1762.29057187017,1255.88253477589,421.146831530139,1018.114374034,1296.12982998454,17084.7032457496,2786.67542503864,576.891808346213,926.70170015456,320.511591962906,117.998454404946,994.955177743431,418.588871715611,14037.5765069552,8238.77125193199,647,34.9364776921822,23.7179799831229,0.73424119380258,0.970014992503748,0.792892156862745,-0.222365211491922,FAHNSCC_15,HN,1,FAHNSCC_15,Ki67+ tumor cells,,carcinoma_in_situ_FAHNSCC_15_2
6600,7532,22819.7310126582,325.949367088608,102.29746835443,609.085443037975,88.2626582278481,5292.09810126582,758.977848101266,246.443037974684,966.987341772152,7715.93670886076,680.104430379747,164.079113924051,960.003164556962,6184.37025316456,444.332278481013,156.867088607595,1325.28164556962,4066.68987341772,656.0,405.870253164557,972.0,3605.37025316456,301.455696202532,8812.74050632911,1213.70253164557,1206.37658227848,333.613924050633,123.639240506329,1040.87025316456,417.072784810127,14725.7721518987,8896.03797468354,316,21.7369955104681,18.6171610060461,0.516190966327041,0.96048632218845,0.791979949874687,-0.0947820626020502,FAHNSCC_15,HN,1,FAHNSCC_15,stromal cells,,carcinoma_in_situ_FAHNSCC_15_2
6623,7559,10987.3415384615,117.767692307692,63.4123076923077,601.153846153846,22.0,2671.29076923077,444.58,223.943076923077,955.098461538462,3885.51384615385,380.364615384615,498.943076923077,1075.24769230769,2844.39692307692,377.789230769231,167.812307692308,1034.05846153846,2253.39076923077,831.181538461539,383.68,968.193846153846,1985.43538461538,264.523076923077,2908.25692307692,581.098461538462,967.573846153846,292.178461538462,115.816923076923,1001.48615384615,411.846153846154,13914.3876923077,9404.79692307692,650,38.969768415035,21.2973842180352,0.837452308401279,0.964391691394659,0.712719298245614,-0.304107903289878,FAHNSCC_15,HN,1,FAHNSCC_15,tumor cells,,carcinoma_in_situ_FAHNSCC_15_2
6635,7573,8790.09090909091,169.641414141414,77.5479797979798,601.90404040404,15.1237373737374,1990.86111111111,412.035353535354,193.106060606061,947.765151515152,3292.24494949495,372.214646464647,1733.78282828283,1013.91161616162,2580.38131313131,324.664141414141,117.787878787879,970.113636363636,2294.36868686869,698.078282828283,389.982323232323,945.507575757576,1923.0404040404,1069.7297979798,2495.01515151515,577.825757575758,1164.56818181818,290.656565656566,115.590909090909,1010.14646464646,412.891414141414,13530.3232323232,8710.5,396,25.0203730956897,20.1586177615575,0.592339959402158,0.975369458128079,0.825,1.27784733662383,FAHNSCC_15,HN,1,FAHNSCC_15,Ki67+ tumor cells,,carcinoma_in_situ_FAHNSCC_15_2
6649,7591,33390.266075388,567.350332594235,113.864745011086,618.662971175166,124.831485587583,8286.71840354767,1020.88026607539,267.589800443459,979.443458980044,12028.7161862528,716.115299334812,461.133037694013,965.960088691796,8921.80931263858,498.323725055432,234.481152993348,1217.15964523282,6406.37472283814,749.660753880266,417.906873614191,998.219512195122,6150.50997782705,339.274944567628,6818.47671840355,888.425720620843,1562.05764966741,358.671840354767,138.363636363636,1040.91796008869,419.909090909091,14683.0421286031,8880.13082039911,451,25.8865042417956,22.2803937509148,0.509120339074005,0.976190476190476,0.859047619047619,-1.45571389820977,FAHNSCC_15,HN,1,FAHNSCC_15,CD4+ T cells,,carcinoma_in_situ_FAHNSCC_15_2
6657,7601,7246.90332326284,104.712990936556,71.6012084592145,600.725075528701,17.2507552870091,1732.97583081571,398.429003021148,189.586102719033,945.353474320242,2746.91540785499,371.105740181269,1259.64652567976,954.181268882175,2617.29305135952,397.132930513595,122.525679758308,998.462235649547,2257.96978851964,1760.67975830816,383.26586102719,955.743202416918,1998.16918429003,1224.97280966767,2978.06344410876,576.190332326284,1307.35045317221,305.803625377644,117.498489425982,1016.38670694864,414.042296072508,13969.5589123867,8901.83383685801,331,21.5248359213889,19.6532595278505,0.407846798668577,0.959420289855072,0.752272727272727,0.0255640914171689,FAHNSCC_15,HN,1,FAHNSCC_15,Ki67+ tumor cells,,carcinoma_in_situ_FAHNSCC_15_2
6668,7613,5940.49253731343,158.922885572139,73.6044776119403,599.084577114428,15.0646766169154,1567.80845771144,418.813432835821,240.681592039801,956.504975124378,2613.09701492537,395.415422885572,1545.15422885572,958.917910447761,1755.17412935323,403.873134328358,147.26368159204,1079.08706467662,1283.10199004975,1541.46019900498,389.097014925373,967.60447761194,885.305970149254,333.037313432836,2095.72139303483,573.062189054726,782.574626865672,273.440298507463,109.445273631841,1008.48258706468,410.308457711443,13291.223880597,8537.61940298507,402,23.540549001622,21.7735185725688,0.380121077014413,0.971014492753623,0.830578512396694,0.756821531484963,FAHNSCC_15,HN,1,FAHNSCC_15,tumor cells,,carcinoma_in_situ_FAHNSCC_15_2
6676,7623,7257.2078313253,174.30421686747,73.4518072289157,595.921686746988,17.8132530120482,1919.11445783133,489.659638554217,195.780120481928,942.198795180723,2992.74397590361,386.771084337349,1297.42168674699,973.051204819277,2762.74096385542,370.765060240964,123.295180722892,1042.81024096386,2269.77409638554,1066.06626506024,395.072289156627,949.409638554217,2044.83734939759,786.834337349398,4238.88855421687,576.168674698795,1343.30421686747,310.472891566265,119.870481927711,1010.9578313253,415.207831325301,13368.4819277108,8711.86144578313,332,22.679875629826,18.6601828935928,0.568383292430844,0.956772334293948,0.759725400457666,-0.0829853452046321,FAHNSCC_15,HN,1,FAHNSCC_15,Ki67+ tumor cells,,carcinoma_in_situ_FAHNSCC_15_2
6760,7717,14004.5932475884,181.40192926045,86.6559485530547,600.61575562701,21.6093247588424,3458.04019292605,514.228295819936,228.106109324759,952.480707395498,5002.22990353698,458.226688102894,787.32154340836,1044.43408360129,3584.25723472669,474.836012861736,159.913183279743,1019.01768488746,2745.90514469453,1015.11736334405,394.651125401929,980.754019292604,2351.47749196141,2688.35852090032,2264.61575562701,580.697749196141,1030.16077170418,332.48231511254,121.287781350482,1014.38424437299,413.725080385852,13703.7636655949,9378.84083601286,622,31.8088291578633,24.9055909609925,0.622050285735244,0.976452119309262,0.767901234567901,0.566698934877569,FAHNSCC_15,HN,1,FAHNSCC_15,Ki67+ tumor cells,,carcinoma_in_situ_FAHNSCC_15_2
6792,7755,10683.2105263158,124.238866396761,70.0,603.542510121457,11.2834008097166,2284.97570850202,561.635627530364,247.635627530364,959.157894736842,3465.46153846154,433.105263157895,1951.39271255061,1060.64777327935,2997.9028340081,454.076923076923,222.562753036437,1013.84615384615,2272.61538461538,2034.31578947368,408.449392712551,981.263157894737,2023.66396761134,553.137651821862,3557.85829959514,580.534412955466,1238.31578947368,332.838056680162,131.48987854251,1014.38866396761,420.315789473684,14447.1619433198,8221.76518218624,247,20.1081839441186,15.7468198892304,0.6218894756307,0.957364341085271,0.771875,1.55696200003425,FAHNSCC_15,HN,1,FAHNSCC_15,tumor cells,,carcinoma_in_situ_FAHNSCC_15_2
6833,7798,12407.6214442013,97.8949671772429,58.4398249452954,603.592997811816,105.886214442013,2870.4113785558,405.750547045952,177.203501094092,948.120350109409,4545.18380743983,397.468271334792,136.669584245077,942.64113785558,3268.47264770241,439.137855579869,138.730853391685,1157.87308533917,2563.20787746171,520.002188183807,376.326039387309,959.07658643326,2140.09409190372,215.29102844639,719.17067833698,2407.10503282276,774.962800875274,255.118161925602,245.518599562363,1012.37199124726,407.989059080963,14457.0765864333,9334.33916849015,457,28.9231654350711,20.2243896347723,0.714881743228353,0.964135021097046,0.735909822866345,-0.558546488860741,FAHNSCC_15,HN,1,FAHNSCC_15,endothelial cells,,carcinoma_in_situ_FAHNSCC_15_2
6834,7799,6305.35103244838,243.705014749263,95.2772861356932,604.250737463127,13.2271386430678,1470.6401179941,470.466076696165,246.330383480826,960.01179941003,2386.25663716814,441.353982300885,1983.85545722714,999.722713864307,2059.83185840708,446.008849557522,163.846607669617,1068.02949852507,1604.12979351032,2166.38938053097,361.353982300885,1023.38348082596,988.200589970502,361.828908554572,3067.70796460177,568.746312684366,850.197640117994,312.368731563422,118.327433628319,1012.84365781711,413.811209439528,13767.0973451327,8319.25368731564,339,23.4845847994575,18.4579812906742,0.618275343502496,0.965811965811966,0.775743707093822,-1.30260407936884,FAHNSCC_15,HN,1,FAHNSCC_15,tumor cells,,carcinoma_in_situ_FAHNSCC_15_2
6873,7839,10389.5244956772,221.974063400576,89.6685878962536,607.472622478386,12.1296829971182,2386.76657060519,516.556195965418,243.527377521614,955.887608069164,3872.93371757925,422.881844380403,2283.9711815562,1022.45821325648,3124.76080691643,370.253602305476,158.391930835735,978.953890489914,2346.77233429395,1082.63112391931,410.273775216138,1031.77809798271,1930.70028818444,1388.99711815562,2763.3976945245,574.691642651297,1170.76080691643,328.092219020173,121.170028818444,1003.89625360231,421.025936599424,14092.0259365994,8289.25648414986,347,22.343669297439,19.9014072162323,0.454600269614462,0.966573816155989,0.754347826086957,-1.42000842063426,FAHNSCC_15,HN,1,FAHNSCC_15,Ki67+ tumor cells,,carcinoma_in_situ_FAHNSCC_15_2
6886,7856,9590.46118721461,171.077625570776,82.7511415525114,601.061643835617,40.8926940639269,1040.91095890411,521.264840182648,196.054794520548,985.36301369863,3272.88812785388,408.271689497717,889.579908675799,1003.46347031963,2298.55707762557,406.025114155251,158.219178082192,1139.29452054795,1681.20776255708,1144.37671232877,398.545662100457,1233.10502283105,1173.53881278539,467.018264840183,2239.80593607306,576.223744292238,819.680365296804,273.536529680365,113.689497716895,1004.38356164384,410.641552511416,13220.3264840183,8712.14155251142,438,26.0832568809755,21.3988696019453,0.571780918806545,0.971175166297118,0.761739130434783,1.02775007493845,FAHNSCC_15,HN,1,FAHNSCC_15,tumor cells,,carcinoma_in_situ_FAHNSCC_15_2
6889,7860,13692.5710227273,175.180397727273,85.3707386363636,602.748579545455,19.5099431818182,3383.80255681818,490.384943181818,219.677556818182,956.772727272727,4944.59517045455,459.973011363636,1504.58238636364,1077.19460227273,3791.66335227273,383.559659090909,132.772727272727,1031.05397727273,2669.57954545455,1106.30965909091,387.876420454545,1068.97017045455,2224.83806818182,7769.38210227273,3733.43607954546,581.194602272727,967.877840909091,280.886363636364,113.352272727273,999.376420454546,412.039772727273,14411.0099431818,8743.96306818182,704,35.5122643094344,25.2796405008947,0.702324818097206,0.957823129251701,0.744973544973545,0.221945528361216,FAHNSCC_15,HN,1,FAHNSCC_15,Ki67+ tumor cells,,carcinoma_in_situ_FAHNSCC_15_2
6891,7862,6715.89484536083,191.719587628866,84.2082474226804,600.154639175258,15.2288659793814,1843.75257731959,414.874226804124,216.158762886598,954.226804123711,3088.20206185567,396.117525773196,3814.07628865979,1020.87835051546,2085.7381443299,357.350515463918,129.548453608247,1031.34432989691,1962.17319587629,1030.92989690722,394.847422680412,994.309278350516,1458.32371134021,397.940206185567,1700.67835051546,573.620618556701,861.927835051546,264.783505154639,110.571134020619,991.150515463918,411.40824742268,13483.8350515464,8517.23505154639,485,26.289367774949,23.5701045064406,0.442913915234039,0.97,0.77724358974359,-0.447867464082311,FAHNSCC_15,HN,1,FAHNSCC_15,tumor cells,,carcinoma_in_situ_FAHNSCC_15_2
6908,7883,7446.71336206897,141.939655172414,66.6293103448276,605.165948275862,15.2629310344828,1662.48060344828,409.851293103448,225.855603448276,950.859913793104,2885.21120689655,442.278017241379,1132.27586206897,1078.09698275862,2025.85775862069,391.030172413793,148.939655172414,1090.91810344828,1618.22198275862,1684.9224137931,399.683189655173,985.443965517241,1055.20689655172,4387.57543103448,3585.21982758621,576.629310344828,834.637931034483,287.245689655172,113.530172413793,1017.28232758621,413.120689655173,13568.4310344828,8494.08405172414,464,27.2419611128751,21.7714667533862,0.601080248261842,0.97071129707113,0.781144781144781,-1.55551425533015,FAHNSCC_15,HN,1,FAHNSCC_15,Ki67+ tumor cells,,carcinoma_in_situ_FAHNSCC_15_2
6912,7888,8596.3711790393,115.982532751092,73.6615720524018,599.401746724891,19.6812227074236,2036.07860262009,455.665938864629,212.181222707424,953.054585152838,3259.04148471616,411.288209606987,705.757641921397,1010.92358078603,2208.94759825328,410.14192139738,146.493449781659,1009.36681222707,1889.65065502183,1035.64192139738,388.882096069869,1038.18777292576,1478.79475982533,502.949781659389,2060.15502183406,574.978165938865,901.556768558952,294.211790393013,118.554585152838,1017.55240174672,413.312227074236,13669.3930131004,9048.73144104804,458,28.5144490566462,20.5181672382137,0.694418999414512,0.966244725738397,0.763333333333333,-0.816661279083556,FAHNSCC_15,HN,1,FAHNSCC_15,tumor cells,,carcinoma_in_situ_FAHNSCC_15_2
6924,7900,5009.0439882698,109.876832844575,55.2521994134897,598.469208211144,14.9765395894428,1294.21114369501,409.568914956012,212.25219941349,953.847507331378,2383.11730205279,443.475073313783,1340.09677419355,1016.95014662757,1898.0439882698,392.850439882698,150.120234604106,1070.13196480938,1733.12316715543,1876.10557184751,390.026392961877,984.806451612903,1064.4633431085,395.604105571848,3110.35190615836,575.865102639296,877.102639296188,299.774193548387,117.08504398827,1004.38123167155,414.492668621701,13569.0674486804,8471.93255131965,341,26.3011409806131,16.5392629818799,0.777533083990532,0.944598337950138,0.742919389978214,1.48367878492749,FAHNSCC_15,HN,1,FAHNSCC_15,tumor cells,,carcinoma_in_situ_FAHNSCC_15_2
6982,7969,10264.7138810198,177.246458923513,74.9206798866856,598.679886685552,16.3116147308782,2407.34277620397,472.050991501416,233.359773371105,956.269121813031,3618.8045325779,389.439093484419,1591.03116147309,1058.37393767705,2405.22379603399,361.14164305949,148.198300283286,1026.71104815864,1916.06232294618,1028.68271954674,384.546742209632,1039.28611898017,1511.05949008499,1311.6402266289,1694.39660056657,579.810198300283,888.586402266289,279.410764872521,114.390934844193,991.501416430595,412.580736543909,13842.8668555241,8905.21246458924,353,22.9040383222071,19.6235746614231,0.515692787611187,0.967123287671233,0.800453514739229,0.816555496299358,FAHNSCC_15,HN,1,FAHNSCC_15,Ki67+ tumor cells,,carcinoma_in_situ_FAHNSCC_15_2
6990,7978,8249.66397849462,111.986559139785,61.7930107526882,600.887096774194,18.8602150537634,1930.42741935484,392.33064516129,193.346774193548,949.478494623656,2850.52150537634,351.024193548387,1564.49193548387,976.548387096774,2070.18279569893,349.602150537634,123.008064516129,981.478494623656,1847.86290322581,1108.34677419355,375.290322580645,960.86559139785,1608.31989247312,323.387096774194,2024.87634408602,579.997311827957,902.408602150538,273.618279569893,113.943548387097,1001.5188172043,409.279569892473,13980.502688172,9238.38440860215,372,25.7847511053245,18.3808988914812,0.701307107396965,0.963730569948186,0.794871794871795,-0.11598194124011,FAHNSCC_15,HN,1,FAHNSCC_15,tumor cells,,carcinoma_in_situ_FAHNSCC_15_2
7017,8008,8502.0,248.17843866171,97.9126394052045,616.765799256506,9.80297397769517,1863.31040892193,475.834572490706,223.96468401487,948.401486988848,2966.03717472119,449.245353159851,4015.84200743494,950.578066914498,2697.71747211896,438.7156133829,140.650557620818,929.648698884758,2120.45353159851,1286.55018587361,425.161710037175,980.934944237918,1795.35687732342,383.388475836431,2972.05762081784,574.518587360595,1345.15427509294,414.256505576208,135.609665427509,1024.66728624535,425.434944237918,14339.7007434944,8099.0873605948,538,30.7721208345653,22.3506451326449,0.68734853381474,0.962432915921288,0.788856304985337,0.20130542013649,FAHNSCC_15,HN,1,FAHNSCC_15,tumor cells,,carcinoma_in_situ_FAHNSCC_15_2
7023,8017,17507.3258426966,316.887640449438,117.022471910112,626.463483146068,968.564606741573,4222.85674157303,584.859550561798,201.084269662921,1031.58707865169,5651.1404494382,643.957865168539,180.98595505618,961.738764044944,3864.91292134831,972.887640449438,335.834269662921,1087.80898876405,2606.66573033708,527.078651685393,387.306179775281,971.946629213483,1256.76123595506,221.412921348315,646.179775280899,636.73595505618,668.356741573034,234.522471910112,149.0,981.502808988764,406.676966292135,14179.9185393258,9676.56741573034,356,25.0169108121344,18.2405278130136,0.684377451151322,0.956989247311828,0.741666666666667,1.23395830120834,FAHNSCC_15,HN,1,FAHNSCC_15,stromal cells,,carcinoma_in_situ_FAHNSCC_15_2
7038,8036,20341.7126696833,451.438914027149,134.373303167421,607.676470588235,181.757918552036,5080.7556561086,842.398190045249,244.975113122172,968.780542986425,7708.57013574661,666.97963800905,174.31221719457,957.647058823529,6218.33484162896,428.339366515837,184.425339366516,1190.86425339367,4693.08371040724,697.658371040724,417.635746606335,955.398190045249,4868.47058823529,333.108597285068,4551.88461538462,1043.30995475113,1530.13800904977,358.925339366516,152.10407239819,1022.34615384615,417.825791855204,14780.6787330317,8801.83484162896,442,25.0545947379718,22.4992365553062,0.439978308501162,0.960869565217391,0.800724637681159,0.568895157557858,FAHNSCC_15,HN,1,FAHNSCC_15,stromal cells,,carcinoma_in_situ_FAHNSCC_15_2
7052,8051,9185.33059210526,139.595394736842,82.8914473684211,604.827302631579,18.983552631579,2247.18421052632,495.422697368421,243.113486842105,953.667763157895,3519.86842105263,431.626644736842,1030.10690789474,1091.98190789474,2564.70559210526,396.606907894737,169.577302631579,1082.16447368421,1899.67763157895,1100.32236842105,388.953947368421,1071.31414473684,1393.41118421053,614.370065789474,2531.30756578947,575.409539473684,897.957236842105,322.629934210526,124.657894736842,994.50822368421,411.639802631579,13852.0197368421,8855.58717105263,608,34.5355203196278,22.4584182257503,0.759678263361123,0.966613672496026,0.726403823178017,-1.03920547572484,FAHNSCC_15,HN,1,FAHNSCC_15,tumor cells,,carcinoma_in_situ_FAHNSCC_15_2
7083,8088,5377.43636363636,229.172727272727,86.1575757575758,598.351515151515,16.7060606060606,589.163636363636,372.557575757576,189.212121212121,988.833333333333,1848.97575757576,387.0,2275.74848484848,956.012121212121,1428.02727272727,359.263636363636,142.372727272727,979.40303030303,1211.37878787879,960.363636363636,394.245454545455,944.818181818182,866.769696969697,343.639393939394,1909.03636363636,576.151515151515,861.090909090909,295.178787878788,118.227272727273,984.284848484849,413.472727272727,13140.1060606061,8728.53636363636,330,23.7938018703347,17.6986364639713,0.668364517143859,0.956521739130435,0.755148741418764,-0.371868745444663,FAHNSCC_15,HN,1,FAHNSCC_15,tumor cells,,carcinoma_in_situ_FAHNSCC_15_2
7119,8134,6932.54545454546,143.645933014354,67.4856459330144,597.342105263158,15.7320574162679,1450.31578947368,405.040669856459,186.406698564593,945.755980861244,2450.8038277512,355.325358851675,1757.96411483254,979.662679425837,2014.49043062201,372.77033492823,122.260765550239,935.562200956938,1866.56459330144,1283.89234449761,380.978468899522,1000.85885167464,1646.26315789474,380.684210526316,2131.68181818182,572.827751196172,1072.52153110048,291.928229665072,115.313397129187,1006.48325358852,411.38038277512,13744.5071770335,9060.12679425837,418,26.607412487425,20.1272979355511,0.654046275951684,0.95,0.774074074074074,0.0337876373407035,FAHNSCC_15,HN,1,FAHNSCC_15,tumor cells,,carcinoma_in_situ_FAHNSCC_15_2
7121,8136,11401.9954751131,168.554298642534,86.789592760181,602.819004524887,26.7511312217195,2639.09615384615,533.493212669683,248.4592760181,962.981900452489,3987.96380090498,437.411764705882,1248.44230769231,1040.88574660633,3234.90610859729,385.714932126697,160.571266968326,1098.57805429864,2161.31787330317,944.018099547511,392.671945701358,999.986425339366,1690.46380090498,314.5,2352.4649321267,577.794117647059,919.945701357466,292.910633484163,121.12443438914,983.665158371041,413.558823529412,14266.2160633484,8846.2907239819,884,39.7000304561628,28.4020615306952,0.698698119668384,0.967177242888403,0.781609195402299,1.34539820142312,FAHNSCC_15,HN,1,FAHNSCC_15,tumor cells,,carcinoma_in_situ_FAHNSCC_15_2
7150,8167,7261.01682692308,145.120192307692,62.3918269230769,598.153846153846,16.6490384615385,1768.19471153846,402.540865384615,204.697115384615,950.425480769231,2772.29326923077,360.71875,1915.40625,990.764423076923,1989.85817307692,345.298076923077,133.264423076923,1013.94230769231,1801.41346153846,663.961538461539,381.730769230769,982.536057692308,1445.10817307692,405.471153846154,1113.11538461538,577.665865384615,815.449519230769,250.127403846154,108.649038461538,975.009615384615,410.473557692308,13368.4711538462,9500.80048076923,416,25.0022430853043,21.2178966624941,0.528971284141738,0.965197215777262,0.753623188405797,0.923159725741423,FAHNSCC_15,HN,1,FAHNSCC_15,tumor cells,,carcinoma_in_situ_FAHNSCC_15_2
7217,8239,22165.6560693642,354.658959537572,114.985549132948,610.942196531792,170.164739884393,4882.27167630058,844.843930635838,264.482658959538,976.176300578035,7613.0838150289,671.127167630058,173.21098265896,949.251445086705,6243.79479768786,488.306358381503,258.511560693642,1371.87283236994,3425.19942196532,723.803468208093,423.696531791908,1578.4710982659,2859.31213872832,900.43063583815,4340.66473988439,1249.84393063584,1159.84971098266,350.372832369942,150.118497109827,1047.60404624277,417.080924855491,14854.3670520231,8738.11849710983,346,22.8331699917228,19.3611891024641,0.530090047469298,0.958448753462604,0.786363636363636,-1.20379285731937,FAHNSCC_15,HN,1,FAHNSCC_15,stromal cells,,carcinoma_in_situ_FAHNSCC_15_2
7221,8243,4926.71636363636,178.236363636364,74.0581818181818,597.043636363636,11.5745454545455,1008.91272727273,442.403636363636,221.189090909091,950.065454545455,1696.94181818182,406.952727272727,3982.11636363636,984.421818181818,1526.49090909091,389.672727272727,135.225454545455,1014.05454545455,1226.62181818182,2326.40727272727,408.032727272727,1036.81454545455,786.021818181818,339.763636363636,2904.29454545455,568.92,784.527272727273,281.403636363636,110.618181818182,1016.59272727273,412.956363636364,13659.9890909091,8203.73454545455,275,20.4718693799682,17.1434196842312,0.546569884452859,0.971731448763251,0.808823529411765,-1.36685202042993,FAHNSCC_15,HN,1,FAHNSCC_15,tumor cells,,carcinoma_in_situ_FAHNSCC_15_2
7227,8250,13379.361516035,227.212827988338,87.8833819241983,601.556851311953,31.2128279883382,3128.16034985423,525.02332361516,236.594752186589,943.615160349854,5052.56851311953,427.886297376093,1067.97084548105,1037.28279883382,3634.30029154519,407.947521865889,162.927113702624,1030.32361516035,2965.34985422741,880.903790087464,393.186588921283,1009.52186588921,2366.25364431487,1239.41982507289,1723.39358600583,576.842565597668,1157.32653061224,299.705539358601,119.446064139942,1011.20116618076,412.839650145773,13584.9650145773,8936.80466472303,343,24.7006249624652,17.7130038837535,0.696962557273935,0.950138504155125,0.714583333333333,0.478989839482495,FAHNSCC_15,HN,1,FAHNSCC_15,Ki67+ tumor cells,,carcinoma_in_situ_FAHNSCC_15_2
7261,8289,23536.596969697,221.618181818182,80.1666666666667,603.893939393939,213.672727272727,5805.04242424242,857.069696969697,234.018181818182,962.857575757576,8723.96363636364,648.539393939394,158.878787878788,956.045454545454,6415.36666666667,471.2,215.187878787879,1397.59393939394,5023.84545454545,683.378787878788,407.754545454546,981.654545454545,5118.94848484848,323.036363636364,9343.29393939394,1457.42424242424,1448.62727272727,334.351515151515,159.115151515152,1027.98787878788,418.057575757576,14583.1060606061,8936.64545454545,330,24.3352678387444,17.3862677361017,0.699689200429783,0.964912280701754,0.797101449275362,-1.27415108419127,FAHNSCC_15,HN,1,FAHNSCC_15,stromal cells,,carcinoma_in_situ_FAHNSCC_15_2
7268,8296,9429.35406698565,127.874003189793,66.4960127591707,598.460925039872,17.8516746411483,2441.26156299841,437.593301435407,219.875598086124,952.143540669856,3806.84370015949,425.956937799043,980.358851674641,969.939393939394,2571.25199362042,397.956937799043,160.765550239234,1051.40988835726,2137.2966507177,934.043062200957,388.421052631579,1011.64752791069,1756.40829346093,543.950558213716,1552.7990430622,577.88995215311,757.618819776715,254.188197767145,133.786283891547,993.382775119617,406.980861244019,13555.0271132376,9293.43381180223,627,29.3126487150101,27.4293235418084,0.352662925458101,0.963133640552995,0.745541022592152,-0.227553956163916,FAHNSCC_15,HN,1,FAHNSCC_15,tumor cells,,carcinoma_in_situ_FAHNSCC_15_2
7327,8360,13234.5,234.773722627737,92.3649635036496,601.310218978102,122.799270072993,3668.5401459854,615.310218978102,219.624087591241,980.197080291971,5285.77737226277,621.087591240876,149.36496350365,949.941605839416,3404.99270072993,401.897810218978,146.065693430657,1365.17153284672,2287.98905109489,642.13503649635,407.299270072993,974.474452554744,1593.74087591241,302.383211678832,7386.38686131387,1764.20072992701,926.394160583942,333.861313868613,127.554744525547,1032.63868613139,413.919708029197,14626.700729927,8965.6496350365,274,20.1882872957067,17.3284979450204,0.513074410045085,0.964788732394366,0.761111111111111,-1.04921834134107,FAHNSCC_15,HN,1,FAHNSCC_15,endothelial cells,,carcinoma_in_situ_FAHNSCC_15_2
7349,8386,9253.61979166667,168.135416666667,76.3098958333333,592.369791666667,26.6197916666667,1934.5703125,652.705729166667,181.520833333333,942.296875,3008.27864583333,359.268229166667,1365.26302083333,970.283854166667,2477.98697916667,385.6953125,121.518229166667,1027.34114583333,2153.53645833333,1487.09114583333,378.716145833333,974.21875,1895.41927083333,647.010416666667,2403.03645833333,578.9296875,1102.07291666667,282.84375,117.5625,1001.54166666667,413.315104166667,14093.6484375,9026.359375,384,31.4446720199836,15.6411952732678,0.867510098021573,0.950495049504951,0.75,1.50687168469712,FAHNSCC_15,HN,1,FAHNSCC_15,tumor cells,,carcinoma_in_situ_FAHNSCC_15_2
7360,8398,10279.4855769231,163.668269230769,84.2596153846154,624.538461538462,160.387019230769,2873.39663461538,508.932692307692,195.473557692308,983.46875,4503.23557692308,484.163461538462,173.112980769231,952.336538461539,3702.47355769231,479.064903846154,160.918269230769,1188.92548076923,2834.53846153846,583.180288461539,391.266826923077,991.586538461539,2338.71875,242.485576923077,818.449519230769,2997.66826923077,857.300480769231,285.920673076923,166.09375,1017.77884615385,408.211538461538,14214.46875,9566.79086538462,416,33.6274814852498,16.2828410762802,0.874950525426848,0.934831460674157,0.570644718792867,-0.793768807186202,FAHNSCC_15,HN,1,FAHNSCC_15,endothelial cells,,carcinoma_in_situ_FAHNSCC_15_2
7362,8401,16959.8728813559,565.127118644068,159.35593220339,600.21186440678,87.2118644067797,4388.14406779661,1230.0,251.177966101695,977.330508474576,6968.51694915254,806.483050847458,431.881355932203,955.559322033898,5770.60169491526,557.762711864407,361.169491525424,1059.63559322034,5286.6779661017,695.838983050847,415.305084745763,945.669491525424,5173.6779661017,340.14406779661,3306.02542372881,1022.61016949153,2498.0593220339,384.78813559322,208.64406779661,1029.53389830509,428.822033898305,14668.2711864407,8685.52542372881,118,14.971975755925,10.094907826554,0.738499931128065,0.929133858267717,0.715151515151515,-0.079990685836854,FAHNSCC_15,HN,1,FAHNSCC_15,CD4+ T cells,,carcinoma_in_situ_FAHNSCC_15_2
7376,8415,12146.2624768946,226.911275415896,101.49168207024,599.186691312385,42.8706099815157,2964.50831792976,842.310536044362,242.035120147874,944.632162661738,4509.87245841035,422.961182994455,1504.44177449168,1061.46395563771,3174.57116451017,504.268022181146,175.876155268022,1134.20517560074,2143.33086876155,1646.30683918669,382.920517560074,1010.25693160813,1618.2292051756,1023.94824399261,1696.6876155268,577.695009242144,773.835489833641,248.902033271719,170.146025878004,988.571164510167,409.722735674677,14192.9408502773,8909.71164510166,541,30.7407008744935,22.4427807282535,0.683375245408869,0.964349376114082,0.758765778401122,-1.32974384745941,FAHNSCC_15,HN,1,FAHNSCC_15,Ki67+ tumor cells,,carcinoma_in_situ_FAHNSCC_15_2
7393,8436,8987.09917355372,173.54132231405,64.1460055096419,601.066115702479,14.6542699724518,2179.92837465565,448.763085399449,229.243801652893,955.83608815427,3612.46280991736,402.577134986226,2144.09090909091,1038.59504132231,2407.46143250689,349.681818181818,142.195592286501,1004.21212121212,2120.36363636364,856.571625344353,405.692837465565,1027.91873278237,1647.51377410468,371.096418732782,922.304407713499,577.045454545455,915.066115702479,274.148760330579,111.8608815427,989.320936639118,410.938016528926,13209.629476584,8448.23140495868,726,33.7927168293875,27.4734335165925,0.582265556290516,0.962864721485411,0.758620689655172,-0.501009292099367,FAHNSCC_15,HN,1,FAHNSCC_15,tumor cells,,carcinoma_in_situ_FAHNSCC_15_2
7399,8443,5465.1724137931,119.01326259947,53.3580901856764,601.745358090186,19.3527851458886,1495.51193633952,930.62599469496,193.305039787798,951.872679045093,2594.75066312997,408.859416445623,1984.2175066313,1026.92042440318,2316.15384615385,439.395225464191,135.278514588859,963.350132625995,2101.00795755968,2787.97347480106,395.424403183024,956.994694960212,1758.10875331565,658.225464190982,3603.99734748011,579.981432360743,1235.94164456233,322.405835543767,131.832891246684,1019.31299734748,416.254641909814,13980.6684350133,8463.14588859417,377,25.2467854481393,19.1642780753008,0.650999746419619,0.966666666666667,0.785416666666667,1.19688240963755,FAHNSCC_15,HN,1,FAHNSCC_15,tumor cells,,carcinoma_in_situ_FAHNSCC_15_2
7505,8553,12231.4164383562,178.876712328767,84.0547945205479,596.953424657534,32.1041095890411,3000.26301369863,876.191780821918,225.202739726027,955.482191780822,4570.33698630137,450.098630136986,677.093150684932,982.608219178082,3374.2904109589,467.213698630137,509.871232876712,1054.07671232877,2235.6904109589,989.934246575342,391.430136986301,1014.35890410959,1761.29315068493,3397.92602739726,2269.12602739726,599.030136986301,901.315068493151,275.742465753425,175.854794520548,1000.30684931507,409.972602739726,13594.3452054795,8897.14246575342,365,23.9828100847427,19.4768984132393,0.583491687182503,0.958005249343832,0.79004329004329,0.912327272943184,FAHNSCC_15,HN,1,FAHNSCC_15,Ki67+ tumor cells,,carcinoma_in_situ_FAHNSCC_15_2
7527,8578,12117.4223744292,256.979452054795,90.8333333333333,599.625570776256,16.62100456621,3020.9703196347,528.872146118722,251.744292237443,951.890410958904,4915.46118721461,419.559360730594,1444.54337899543,1142.10730593607,3497.52283105023,398.691780821918,155.735159817352,1050.34931506849,2693.67808219178,830.399543378995,393.424657534247,994.922374429224,2095.8196347032,528.392694063927,2300.49771689498,574.856164383562,896.525114155251,266.568493150685,109.550228310502,984.269406392694,409.194063926941,13690.1050228311,8804.54794520548,438,26.4114328723735,21.1417079601265,0.599365323056381,0.956331877729258,0.73,0.978712940281614,FAHNSCC_15,HN,1,FAHNSCC_15,tumor cells,,carcinoma_in_situ_FAHNSCC_15_2
7531,8583,11480.4831261101,277.216696269982,100.184724689165,622.595026642984,477.637655417407,2804.82770870338,546.792184724689,201.678507992895,956.163410301954,3851.57548845471,455.154529307282,147.346358792185,956.735346358792,2744.0,386.634103019538,156.735346358792,1120.85612788632,1459.20959147425,507.067495559503,383.472468916519,953.110124333926,1087.33214920071,216.64298401421,627.507992895204,1747.24511545293,805.065719360568,297.380106571936,155.021314387211,1022.36412078153,410.557726465364,14492.3907637655,9277.64831261101,563,34.6380042417701,20.9302250569347,0.796790170627921,0.967353951890034,0.693349753694581,-0.726831626960132,FAHNSCC_15,HN,1,FAHNSCC_15,endothelial cells,,carcinoma_in_situ_FAHNSCC_15_2
7533,8585,6536.46539379475,324.054892601432,115.892601431981,599.248210023866,10.1646778042959,1436.27207637232,432.198090692124,208.019093078759,952.014319809069,2298.63007159905,372.933174224344,4195.88544152745,970.477326968974,2232.51312649165,344.749403341289,124.739856801909,969.546539379475,1738.37470167064,934.661097852029,414.353221957041,971.677804295943,1367.78281622912,352.971360381862,1569.39140811456,572.202863961814,978.751789976134,323.54892601432,121.095465393795,1007.73508353222,418.050119331742,13469.5704057279,8132.18854415275,419,27.2415492787094,19.5910278348128,0.69484469120932,0.961009174311927,0.767399267399267,1.20330487828302,FAHNSCC_15,HN,1,FAHNSCC_15,tumor cells,,carcinoma_in_situ_FAHNSCC_15_2
7549,8605,10970.0621301775,213.115384615385,90.2189349112426,605.48224852071,9.50591715976331,2440.13017751479,506.825443786982,261.920118343195,956.899408284024,3873.64201183432,430.970414201183,1272.84615384615,1057.52071005917,3138.02071005917,363.319526627219,143.5,987.65976331361,2169.33431952663,1252.87869822485,412.100591715976,966.41124260355,1649.4674556213,449.35798816568,2604.66863905325,574.065088757396,1024.39940828402,310.337278106509,117.091715976331,994.165680473373,419.192307692308,13741.0118343195,8217.44970414201,338,25.0679176211817,17.2371378344542,0.726073156869355,0.949438202247191,0.734782608695652,-1.07412305923123,FAHNSCC_15,HN,1,FAHNSCC_15,tumor cells,,carcinoma_in_situ_FAHNSCC_15_2
7592,8651,7828.41002277904,167.070615034169,85.2619589977221,603.719817767654,9.40091116173121,1658.13667425968,494.414578587699,259.02277904328,952.168564920273,2611.20273348519,444.619589977221,2159.54669703872,974.291571753986,2290.39635535308,382.927107061503,403.225512528474,1000.58997722096,1729.11845102506,1016.05239179954,417.731207289294,1110.35079726651,1251.09567198178,349.362186788155,2530.24601366743,574.394077448747,950.382687927107,320.462414578588,119.193621867882,980.922551252847,418.80410022779,13813.0660592255,8223.61275626424,439,26.998398761345,20.7360570602418,0.640392682741218,0.966960352422908,0.774250440917108,0.079243757067904,FAHNSCC_15,HN,1,FAHNSCC_15,tumor cells,,carcinoma_in_situ_FAHNSCC_15_2
7615,8678,9431.95058823529,195.927058823529,77.7152941176471,601.665882352941,16.5764705882353,2141.12470588235,433.150588235294,233.832941176471,960.350588235294,3203.95764705882,368.155294117647,1608.83529411765,1082.03764705882,2136.67294117647,367.931764705882,149.397647058824,1048.12470588235,1832.85176470588,753.592941176471,382.969411764706,1060.50352941176,1386.52470588235,312.96,1889.47294117647,575.049411764706,763.48,241.432941176471,105.92,976.571764705882,408.0,13809.0023529412,9069.16705882353,425,26.2595429411335,20.6160220646089,0.619385683665922,0.965909090909091,0.778388278388278,-0.33907186626777,FAHNSCC_15,HN,1,FAHNSCC_15,tumor cells,,carcinoma_in_situ_FAHNSCC_15_2
7704,8780,31040.2732732733,531.594594594595,148.66966966967,616.810810810811,204.471471471471,8049.06006006006,852.306306306306,263.951951951952,963.771771771772,11419.4984984985,662.171171171171,177.423423423423,981.315315315315,9597.61561561562,423.111111111111,159.654654654655,1156.63663663664,7420.45345345345,740.630630630631,420.255255255255,977.945945945946,7119.21321321321,352.588588588589,6165.38738738739,963.126126126126,2135.23123123123,370.018018018018,135.183183183183,1030.87687687688,424.717717717718,14650.045045045,8876.50750750751,333,22.3221559599362,18.992182644848,0.525453925433746,0.973684210526316,0.796650717703349,0.196546117440069,FAHNSCC_15,HN,1,FAHNSCC_15,stromal cells,,carcinoma_in_situ_FAHNSCC_15_2
7726,8808,8542.8583106267,123.553133514986,69.8283378746594,596.346049046322,22.5313351498638,1980.78746594005,460.986376021798,220.179836512262,950.910081743869,3110.71117166213,422.975476839237,780.970027247956,974.850136239782,2341.65395095368,393.792915531335,178.970027247956,1066.70572207084,1708.74114441417,1117.46049046322,387.74659400545,965.389645776567,1292.40871934605,551.297002724796,2176.56130790191,576.433242506812,851.283378746594,273.547683923706,113.866485013624,1000.64305177112,408.768392370572,13603.8310626703,8920.26975476839,367,24.206800061672,19.3306548427197,0.601911237090298,0.970899470899471,0.758264462809917,0.826025084465797,FAHNSCC_15,HN,1,FAHNSCC_15,tumor cells,,carcinoma_in_situ_FAHNSCC_15_2
7741,8824,15822.1988950276,220.718232044199,93.6519337016575,612.187845303867,111.513812154696,3796.49171270718,2290.39226519337,214.508287292818,951.093922651934,5340.49171270718,528.541436464088,168.441988950276,940.60773480663,3972.50276243094,503.734806629834,1049.58011049724,1115.01104972376,2462.39779005525,555.674033149171,384.254143646409,969.569060773481,2256.82872928177,319.596685082873,2523.21546961326,1342.8453038674,918.486187845304,304.21546961326,157.32044198895,1021.86740331492,414.436464088398,14210.3922651934,9264.31491712707,181,17.3417484773299,13.4817090812504,0.628989886081131,0.947643979057592,0.760504201680672,-1.54451364142684,FAHNSCC_15,HN,1,FAHNSCC_15,M2 macrophages,,carcinoma_in_situ_FAHNSCC_15_2
7762,8847,30664.9373219373,382.957264957265,110.831908831909,611.139601139601,129.111111111111,7829.09686609687,795.108262108262,261.236467236467,968.267806267806,10977.5868945869,708.444444444445,180.683760683761,966.646723646724,9281.31054131054,493.826210826211,176.712250712251,1315.37321937322,5472.83475783476,755.088319088319,421.054131054131,982.190883190883,5414.8433048433,330.968660968661,7545.35612535613,987.301994301995,1121.19373219373,320.145299145299,122.407407407407,1026.5641025641,414.433048433049,14727.4558404558,8872.01709401709,351,21.5853560263899,20.7919295677344,0.26863382186207,0.946091644204852,0.75974025974026,-1.16261168824899,FAHNSCC_15,HN,1,FAHNSCC_15,stromal cells,,carcinoma_in_situ_FAHNSCC_15_2
7814,8905,11812.5287009063,194.906344410876,80.4259818731118,599.658610271903,18.2900302114804,2850.68580060423,466.166163141994,193.401812688822,943.398791540786,4243.21450151057,384.918429003021,1034.40483383686,954.990936555891,3414.22356495468,375.583081570997,126.16918429003,1005.12990936556,2925.06948640483,999.794561933535,379.728096676737,998.41087613293,2869.33232628399,1814.91842900302,1560.05438066465,578.202416918429,1437.41389728097,308.087613293051,115.90332326284,995.0,417.921450151057,13977.1299093656,9196.82175226586,331,22.5643000023583,18.6750305405908,0.561264992258576,0.973529411764706,0.791866028708134,-0.375604713420653,FAHNSCC_15,HN,1,FAHNSCC_15,Ki67+ tumor cells,,carcinoma_in_situ_FAHNSCC_15_2
7819,8911,9007.75951903808,164.114228456914,78.9438877755511,598.480961923848,16.5831663326653,2187.40881763527,489.793587174349,226.617234468938,957.963927855711,3544.18637274549,387.847695390782,1554.62324649299,1046.41082164329,2827.09619238477,372.755511022044,173.763527054108,1038.71543086172,2103.97394789579,781.408817635271,392.238476953908,1068.22845691383,1545.7875751503,320.679358717435,1751.61723446894,573.150300601202,890.953907815631,268.118236472946,111.426853707415,982.701402805611,412.048096192385,13722.4088176353,8802.625250501,499,26.6144940471248,24.0550076587851,0.427889386607612,0.974609375,0.834448160535117,-1.53750522478243,FAHNSCC_15,HN,1,FAHNSCC_15,tumor cells,,carcinoma_in_situ_FAHNSCC_15_2
7868,8966,12537.6951219512,151.792682926829,78.7012195121951,599.331300813008,15.640243902439,1218.17682926829,414.040650406504,201.664634146341,988.778455284553,4432.78658536585,385.967479674797,1034.7418699187,1058.47357723577,2955.06504065041,372.664634146342,161.128048780488,1076.71341463415,2162.33739837398,971.410569105691,396.134146341463,1119.18089430894,1418.54268292683,366.286585365854,1555.87804878049,574.660569105691,754.128048780488,251.882113821138,107.904471544715,989.229674796748,409.215447154472,13211.3028455285,8685.23170731707,492,26.8358981755214,23.4741680423259,0.484610402826575,0.974257425742574,0.788461538461538,0.359447959500458,FAHNSCC_15,HN,1,FAHNSCC_15,tumor cells,,carcinoma_in_situ_FAHNSCC_15_2
7870,8968,12201.3025830258,309.557195571956,105.332103321033,605.924354243542,15.6992619926199,2787.22324723247,595.9963099631,300.30442804428,962.39852398524,4440.87638376384,462.939114391144,2194.17527675277,1057.47970479705,3073.72693726937,476.223247232472,181.505535055351,1152.64944649446,2226.16236162362,1314.18265682657,411.69741697417,1063.0442804428,1665.9704797048,356.494464944649,3436.81734317343,577.518450184502,1020.38191881919,324.557195571956,124.981549815498,993.064575645756,412.514760147602,13658.6494464945,8588.05166051661,542,32.6312111902513,21.2703461061272,0.75835606352247,0.973070017953321,0.806547619047619,0.14233191169109,FAHNSCC_15,HN,1,FAHNSCC_15,tumor cells,,carcinoma_in_situ_FAHNSCC_15_2
7897,8999,7615.5965583174,161.414913957935,79.3690248565966,601.307839388145,17.9464627151052,1898.36137667304,396.87189292543,202.14913957935,946.977055449331,2920.95411089866,351.862332695985,2365.16252390057,1015.04206500956,2248.05544933078,340.837476099426,128.632887189293,950.420650095602,1832.62141491396,800.946462715105,378.826003824092,984.12810707457,1493.76290630975,850.441682600382,1760.15105162524,579.307839388145,828.608030592734,263.208413001912,109.980879541109,977.229445506692,408.346080305927,13787.0573613767,9180.58699808795,523,32.4182729840604,20.7782243052677,0.767589529298101,0.964944649446494,0.72038567493113,-0.234629090910418,FAHNSCC_15,HN,1,FAHNSCC_15,Ki67+ tumor cells,,carcinoma_in_situ_FAHNSCC_15_2
7932,9041,9965.04838709678,145.813620071685,60.589605734767,604.571684587814,27.8960573476703,2529.770609319,486.535842293907,220.154121863799,950.627240143369,3697.67383512545,432.989247311828,605.200716845878,982.546594982079,2572.74910394265,558.718637992832,180.132616487455,1027.99641577061,2220.0752688172,990.08064516129,392.442652329749,1068.53405017921,1893.71146953405,837.854838709677,1498.04838709677,584.598566308244,975.381720430108,288.951612903226,297.032258064516,1005.12544802867,414.421146953405,13546.8028673835,9603.32974910395,558,34.5705806221572,20.8270954262259,0.798155551969337,0.958762886597938,0.759183673469388,-0.0825796647364118,FAHNSCC_15,HN,1,FAHNSCC_15,Ki67+ tumor cells,,carcinoma_in_situ_FAHNSCC_15_2
7960,9074,6323.55765199161,244.842767295598,97.8092243186583,597.207547169811,9.10691823899371,1335.37735849057,400.58071278826,244.559748427673,958.127882599581,2074.29979035639,353.830188679245,3668.08385744235,1009.00838574423,1707.63731656185,323.683438155136,159.8071278826,1021.99371069182,1289.01048218029,1070.89517819707,405.769392033543,989.987421383648,869.014675052411,388.651991614256,2109.35639412998,568.308176100629,713.247379454927,242.029350104822,107.201257861635,980.95178197065,411.243186582809,13343.035639413,8289.57442348008,477,25.2406885960773,24.0974166103825,0.29755333036597,0.965587044534413,0.795,0.139920081590244,FAHNSCC_15,HN,1,FAHNSCC_15,tumor cells,,carcinoma_in_situ_FAHNSCC_15_2
7971,9085,8295.66931216931,130.724867724868,79.9814814814815,603.626984126984,11.2116402116402,1777.84920634921,615.26455026455,254.277777777778,955.391534391534,2703.39947089947,465.108465608466,2445.71693121693,1091.95238095238,2319.25396825397,441.198412698413,148.140211640212,1037.1455026455,1531.28042328042,2869.48941798942,413.044973544974,1019.6746031746,1004.69576719577,10945.4761904762,2320.80423280423,574.753968253968,835.703703703704,297.862433862434,122.828042328042,1011.43121693122,414.060846560847,13626.3703703704,8151.62698412698,378,25.879143590431,18.6282824582825,0.694162475154516,0.97172236503856,0.807692307692308,-0.177602084863565,FAHNSCC_15,HN,1,FAHNSCC_15,Ki67+ tumor cells,,carcinoma_in_situ_FAHNSCC_15_2
7974,9088,10661.5226130653,185.570351758794,77.3316582914573,598.874371859297,22.3894472361809,2625.17085427136,495.806532663317,263.138190954774,954.58040201005,3736.32412060302,440.3391959799,669.286432160804,1022.1256281407,2442.21105527638,414.334170854271,167.329145728643,1019.40703517588,1947.19095477387,1129.57035175879,388.628140703518,982.057788944724,1643.97236180905,1355.0527638191,1061.21105527638,576.143216080402,835.56783919598,283.145728643216,113.633165829146,1002.15577889447,409.497487437186,13485.8442211055,9444.47487437186,398,26.5913100339361,19.0577365979628,0.697391476856111,0.975490196078431,0.796,-1.19595441048216,FAHNSCC_15,HN,1,FAHNSCC_15,Ki67+ tumor cells,,carcinoma_in_situ_FAHNSCC_15_2
7975,9089,28993.0669856459,517.263157894737,167.602870813397,612.411483253589,126.401913875598,6869.33971291866,1519.26315789474,231.502392344498,975.397129186603,9306.04306220096,594.090909090909,238.909090909091,957.483253588517,6998.55023923445,650.760765550239,509.832535885168,1256.61244019139,5754.55502392345,651.961722488038,445.382775119617,1007.88995215311,5429.28229665072,346.325358851675,1568.30622009569,643.99043062201,2066.89473684211,354.899521531101,153.234449760766,1022.91866028708,424.875598086124,14037.5550239234,9444.96172248804,209,19.3505213461455,13.8125621894671,0.700341168235474,0.937219730941704,0.683006535947712,-0.820425383122493,FAHNSCC_15,HN,1,FAHNSCC_15,stromal cells,,carcinoma_in_situ_FAHNSCC_15_2
7984,9100,14501.3164739884,210.303468208092,94.521676300578,601.21098265896,58.9320809248555,997.530346820809,562.864161849711,186.880057803468,904.908959537572,5669.24277456647,437.830924855491,782.234104046243,1070.55924855491,3619.10115606936,393.914739884393,161.242774566474,1027.23988439306,2770.05346820809,1056.91473988439,409.995664739884,1128.79046242775,2133.6676300578,3790.01156069364,1503.06213872832,577.309248554913,1039.5289017341,292.976878612717,118.21098265896,1002.26734104046,411.789017341041,13109.3901734104,8630.53179190752,692,40.5009410510302,21.7982575969652,0.84280689053498,0.961111111111111,0.752173913043478,-0.206168377743699,FAHNSCC_15,HN,1,FAHNSCC_15,Ki67+ tumor cells,,carcinoma_in_situ_FAHNSCC_15_2
8038,9161,12176.1627408994,150.738758029979,77.6338329764454,596.301927194861,19.2055674518201,3084.10920770878,458.785867237687,231.614561027837,946.531049250535,4755.70663811563,404.47965738758,1078.4817987152,1057.19057815846,3388.0835117773,379.175588865096,148.381156316916,988.468950749465,2674.94218415418,893.700214132762,380.299785867238,1028.93361884368,2337.85653104925,2767.09207708779,2375.22269807281,581.107066381156,1071.88008565311,289.306209850107,118.233404710921,1005.40899357602,412.019271948608,13850.1456102784,9349.95074946467,467,32.1651125930042,18.6285587668436,0.81521804377243,0.95112016293279,0.7296875,0.185043391491783,FAHNSCC_15,HN,1,FAHNSCC_15,Ki67+ tumor cells,,carcinoma_in_situ_FAHNSCC_15_2
8074,9205,16433.6200417537,177.432150313152,78.3194154488518,596.615866388309,21.1419624217119,3496.63674321503,545.517745302714,280.926931106472,958.144050104384,5556.79123173278,441.315240083507,990.960334029228,1104.95407098121,3534.82881002088,379.997912317328,162.906054279749,1149.73486430063,2682.72860125261,1195.81628392484,391.914405010438,1003.72025052192,2120.83507306889,590.707724425887,3598.36534446764,579.484342379958,901.258872651357,267.693110647182,113.931106471816,1000.99791231733,411.294363256785,14193.8893528184,8753.77244258873,479,27.438671715156,22.4421061317425,0.575359543402828,0.973577235772358,0.767628205128205,-0.605211881144834,FAHNSCC_15,HN,1,FAHNSCC_15,tumor cells,,carcinoma_in_situ_FAHNSCC_15_2
8078,9209,15372.3288135593,226.057627118644,97.0610169491526,600.759322033898,31.4610169491525,4020.15254237288,573.3,301.237288135593,955.298305084746,5723.23050847458,461.557627118644,759.986440677966,1142.96779661017,3640.40508474576,382.264406779661,181.479661016949,1095.32542372881,2756.92881355932,827.425423728814,393.7,1117.47288135593,2165.07288135593,337.657627118644,3175.76949152542,576.094915254237,1044.00677966102,293.096610169492,116.898305084746,993.001694915254,413.238983050848,14063.4440677966,8745.9813559322,590,31.4363436013915,23.9349189635135,0.648309016120436,0.970394736842105,0.793010752688172,-0.354415002831279,FAHNSCC_15,HN,1,FAHNSCC_15,tumor cells,,carcinoma_in_situ_FAHNSCC_15_2
8117,9257,9811.54475703325,158.695652173913,74.9437340153453,604.907928388747,16.7033248081841,2639.70332480818,489.514066496164,202.744245524297,951.432225063939,4794.89769820972,435.010230179028,1264.6368286445,966.910485933504,3828.22762148338,388.731457800512,130.979539641944,948.529411764706,3552.94373401535,1156.47058823529,401.304347826087,969.337595907928,3125.12020460358,454.30179028133,2143.42710997442,571.496163682864,1807.2915601023,341.687979539642,123.705882352941,1016.49616368286,419.736572890026,13783.9462915601,8477.81841432225,391,26.9741957311045,18.4660636836933,0.728935342092466,0.963054187192118,0.708333333333333,-0.741616013535024,FAHNSCC_15,HN,1,FAHNSCC_15,tumor cells,,carcinoma_in_situ_FAHNSCC_15_2
8121,9261,21289.082278481,309.819620253165,97.9145569620253,611.556962025317,455.680379746835,5283.11075949367,637.313291139241,215.939873417722,1060.12341772152,7263.87025316456,535.082278481013,170.977848101266,945.851265822785,4522.44303797468,629.376582278481,252.465189873418,1182.05379746835,3749.21835443038,582.376582278481,402.319620253165,980.75,3188.22151898734,260.373417721519,2899.50316455696,735.844936708861,947.167721518987,264.151898734177,116.623417721519,984.825949367089,410.598101265823,14249.2436708861,9189.5917721519,316,21.74079704728,18.5137600396447,0.524244686510952,0.972307692307692,0.79,-0.763544074215439,FAHNSCC_15,HN,1,FAHNSCC_15,stromal cells,,carcinoma_in_situ_FAHNSCC_15_2
8125,9265,3890.13595166163,246.592145015106,78.4471299093656,607.501510574018,12.7462235649547,937.111782477341,449.401812688822,216.311178247734,955.987915407855,1673.69788519637,444.138972809668,3756.90634441088,948.283987915408,1338.70694864048,426.456193353474,137.181268882175,1039.25075528701,1187.16012084592,1602.27794561934,404.737160120846,964.036253776435,833.311178247734,347.151057401813,4438.98489425982,580.21752265861,882.465256797583,325.679758308157,118.543806646526,1025.47129909366,414.610271903323,13267.2809667674,8454.44108761329,331,21.458803592677,19.7094129593764,0.395474895817948,0.962209302325581,0.752272727272727,-1.19832705177724,FAHNSCC_15,HN,1,FAHNSCC_15,tumor cells,,carcinoma_in_situ_FAHNSCC_15_2
8130,9272,16062.1942714819,195.261519302615,77.6064757160648,603.505603985056,43.3636363636364,3821.2204234122,497.173100871731,232.21295143213,954.455790784558,6060.59153175592,432.757160647572,554.438356164384,1094.52054794521,4090.12826899128,394.363636363636,159.331257783313,1082.95392278954,2968.01867995019,806.637608966376,391.777085927771,1040.80697384807,2254.60149439602,18375.1158156912,2526.26276463263,575.971357409714,992.973848069738,286.417185554172,115.178082191781,989.540473225405,410.828144458281,13518.0336239103,8791.68742216688,803,46.218374644998,22.448480481436,0.874122973002803,0.949172576832151,0.698260869565217,0.206413842813032,FAHNSCC_15,HN,1,FAHNSCC_15,Ki67+ tumor cells,,carcinoma_in_situ_FAHNSCC_15_2
8143,9288,8170.50729927007,183.498175182482,84.6532846715328,604.877737226277,15.0784671532847,2172.97627737226,495.861313868613,231.664233576642,955.483576642336,3212.95620437956,441.607664233577,787.81204379562,1022.08941605839,2271.57299270073,395.412408759124,146.138686131387,1056.22445255474,1650.76642335766,1290.07664233577,397.512773722628,972.129562043796,1238.57116788321,1554.65875912409,1796.60218978102,573.585766423358,925.532846715328,285.520072992701,115.813868613139,1019.73175182482,413.591240875912,13173.8795620438,8534.70802919708,548,28.6891063104923,24.335469083155,0.529599661617924,0.97335701598579,0.782857142857143,0.535498647009607,FAHNSCC_15,HN,1,FAHNSCC_15,Ki67+ tumor cells,,carcinoma_in_situ_FAHNSCC_15_2
8157,9306,6750.26491646778,238.921241050119,94.8305489260143,602.159904534606,8.40334128878282,1317.43675417661,435.973747016706,232.961813842482,957.112171837709,2096.3031026253,381.090692124105,1253.32935560859,1094.40334128878,1830.37708830549,382.453460620525,143.840095465394,996.770883054893,1402.32696897375,1364.78281622912,408.243436754177,1053.05966587112,1010.39618138425,2046.9522673031,2300.41050119332,575.73031026253,867.501193317423,319.119331742243,120.245823389021,1011.01431980907,415.91169451074,13954.9188544153,8117.48210023866,419,24.8836908870183,21.5154779495301,0.502388943048483,0.965437788018433,0.759057971014493,-0.895835052454297,FAHNSCC_15,HN,1,FAHNSCC_15,Ki67+ tumor cells,,carcinoma_in_situ_FAHNSCC_15_2
8202,9356,5096.70967741936,207.686217008798,84.1055718475073,595.284457478006,14.8357771260997,1352.98826979472,406.730205278592,189.856304985337,948.1642228739,2228.78885630499,383.158357771261,1910.64516129032,951.067448680352,1835.87390029326,415.486803519062,121.480938416422,1009.29032258065,1930.4926686217,1383.61290322581,391.390029325513,982.721407624634,1742.31964809384,471.492668621701,1515.78299120235,577.83284457478,1170.51906158358,314.076246334311,118.278592375367,1009.48387096774,413.005865102639,13333.3695014663,9310.55131964809,341,23.4926490581818,18.4862047844678,0.617089263732712,0.96875,0.789351851851852,1.44453884117561,FAHNSCC_15,HN,1,FAHNSCC_15,tumor cells,,carcinoma_in_situ_FAHNSCC_15_2
8260,9423,4637.34345351044,206.117647058824,92.5085388994308,595.72485768501,27.1005692599621,1038.81214421252,418.815939278937,212.322580645161,951.888045540797,1790.23908918406,398.187855787476,1960.43453510436,978.855787476281,1569.6375711575,364.140417457306,141.413662239089,968.411764705882,1283.96204933586,1325.79316888046,404.480075901328,960.601518026566,953.628083491461,823.565464895636,4286.01138519924,572.648956356736,934.356736242884,322.440227703985,118.741935483871,1001.7229601518,416.432637571158,14023.155597723,8161.90512333966,527,32.5729670591559,20.8727013641448,0.767709294256389,0.965201465201465,0.731944444444444,-1.10775375779751,FAHNSCC_15,HN,1,FAHNSCC_15,Ki67+ tumor cells,,carcinoma_in_situ_FAHNSCC_15_2
8293,9457,29355.1017811705,878.445292620865,129.569974554707,615.035623409669,372.712468193384,6936.08651399491,773.480916030534,223.564885496183,1006.06361323155,9620.60050890585,549.776081424936,166.083969465649,951.501272264631,6803.11195928753,674.661577608143,210.59796437659,1029.10432569975,5024.47837150127,611.007633587786,407.315521628499,974.936386768448,4588.78625954199,2355.80916030534,1137.62340966921,605.636132315522,1848.68956743003,365.781170483461,134.956743002545,1013.94402035623,421.722646310433,14433.3816793893,8917.74809160305,393,24.9983081931835,20.0470940095805,0.597407228847047,0.967980295566502,0.776679841897233,-0.904131335938379,FAHNSCC_15,HN,1,FAHNSCC_15,CD4+ T cells,,carcinoma_in_situ_FAHNSCC_15_2
8387,9564,16272.5543478261,231.217391304348,86.2554347826087,613.255434782609,97.9673913043478,3903.10326086957,664.70652173913,202.309782608696,966.092391304348,6019.35326086957,477.652173913044,147.58152173913,942.038043478261,3931.73913043478,413.527173913044,137.271739130435,1191.69565217391,2923.02173913044,566.059782608696,396.239130434783,973.33152173913,2310.73369565217,269.179347826087,7574.95108695652,1445.71195652174,901.16847826087,302.157608695652,120.777173913043,1038.10326086957,410.45652173913,14472.2119565217,9142.52173913043,184,17.5635708183153,13.3486296655294,0.649902043154961,0.948453608247423,0.773109243697479,-1.2201770192185,FAHNSCC_15,HN,1,FAHNSCC_15,stromal cells,,carcinoma_in_situ_FAHNSCC_15_2
8389,9567,8155.77951002227,153.594654788419,65.7371937639198,600.648106904232,14.3385300668151,1844.32071269488,432.628062360802,223.115812917595,965.164810690423,3102.50334075724,389.461024498886,2603.87527839644,1321.26948775056,2226.74832962138,367.902004454343,150.977728285078,1096.02449888641,1359.42093541203,2068.97327394209,409.875278396437,1053.07349665924,1185.70824053452,3868.17594654788,2737.58129175947,576.256124721604,833.380846325167,274.902004454343,111.592427616927,990.253897550111,408.917594654789,13639.5501113586,8456.88195991091,449,30.5806047948892,18.7070374890226,0.791067533565569,0.965591397849462,0.804659498207885,-0.0058361926016403,FAHNSCC_15,HN,1,FAHNSCC_15,Ki67+ tumor cells,,carcinoma_in_situ_FAHNSCC_15_2
8407,9592,8450.78616352201,161.631027253669,74.1488469601677,598.995807127883,17.3249475890985,1963.01048218029,446.756813417191,226.955974842767,947.448637316562,3063.51991614256,379.182389937107,1597.29769392034,1062.60377358491,2239.35849056604,385.031446540881,167.8071278826,1077.8071278826,1731.6750524109,1128.23899371069,385.373165618449,945.924528301887,1256.29769392034,343.542976939203,2359.26205450734,574.48427672956,822.060796645702,263.238993710692,109.899371069182,983.82180293501,406.331236897275,13773.7756813417,9020.83018867924,477,28.8958774919757,21.0353786493919,0.685607267684081,0.963636363636364,0.768115942028986,0.432244820019606,FAHNSCC_15,HN,1,FAHNSCC_15,tumor cells,,carcinoma_in_situ_FAHNSCC_15_2
8413,9598,6895.34753363229,122.195067264574,75.9641255605381,595.757847533632,16.0941704035874,1720.30941704036,428.764573991031,206.930493273543,954.531390134529,2601.61210762332,402.760089686099,1400.07623318386,1095.32286995516,1917.64573991031,376.903587443946,138.811659192825,1047.38116591928,1397.63452914798,1062.7331838565,395.856502242153,986.587443946188,987.132286995516,3094.27578475336,2442.43721973094,577.952914798206,820.434977578475,284.742152466368,113.112107623318,1009.07847533632,413.244394618834,13085.4708520179,9045.77130044843,446,28.196707062075,20.1764907036544,0.69854927883737,0.969565217391304,0.796428571428571,0.0766817886640317,FAHNSCC_15,HN,1,FAHNSCC_15,Ki67+ tumor cells,,carcinoma_in_situ_FAHNSCC_15_2
8423,9608,13001.1414285714,162.211428571429,77.2614285714286,603.857142857143,20.4671428571429,3463.28428571429,474.767142857143,243.988571428571,954.865714285714,5204.86714285714,438.615714285714,699.642857142857,1133.23285714286,3571.44857142857,387.302857142857,162.428571428571,1027.56142857143,2841.33285714286,793.818571428571,388.485714285714,1055.16,2553.65,1265.86428571429,1321.75571428571,579.067142857143,856.954285714286,278.36,110.624285714286,998.618571428571,410.418571428571,13681.5728571429,9283.62714285714,700,34.6106424423109,25.7775067494958,0.667303879847941,0.979020979020979,0.777777777777778,-0.784875387891406,FAHNSCC_15,HN,1,FAHNSCC_15,Ki67+ tumor cells,,carcinoma_in_situ_FAHNSCC_15_2
8449,9639,32202.6016260163,406.951219512195,513.422764227642,608.544715447154,100.987804878049,6902.75203252033,795.79674796748,246.109756097561,960.581300813008,9884.84552845528,577.711382113821,285.565040650407,1023.86178861789,6144.0,482.243902439024,570.833333333333,1019.94308943089,4940.9512195122,665.333333333333,418.833333333333,973.219512195122,4079.40650406504,335.959349593496,1971.47154471545,745.556910569106,1564.58943089431,343.138211382114,263.373983739837,1021.65447154472,419.752032520325,14640.5853658537,8634.9593495935,246,21.9311719886221,14.4813648164061,0.750993440089718,0.953488372093023,0.745454545454546,-0.19042440518668,FAHNSCC_15,HN,1,FAHNSCC_15,Unknown,,carcinoma_in_situ_FAHNSCC_15_2
8509,9706,9370.5971563981,192.613744075829,74.1635071090047,599.85308056872,22.8507109004739,2369.48815165877,456.255924170616,240.817535545024,946.473933649289,3461.5663507109,388.279620853081,690.798578199052,1026.40047393365,2343.39099526066,374.04028436019,151.60663507109,1038.48104265403,1961.78672985782,945.928909952607,382.087677725119,998.566350710901,1599.41232227488,378.42654028436,2729.47156398104,584.123222748815,855.530805687204,276.182464454976,112.187203791469,994.222748815166,409.298578199052,14065.028436019,9218.85545023697,422,27.8525574464545,19.3064981910755,0.72077617223926,0.956916099773243,0.753571428571429,-0.22661811753868,FAHNSCC_15,HN,1,FAHNSCC_15,tumor cells,,carcinoma_in_situ_FAHNSCC_15_2
8520,9717,7538.24773413897,169.622356495468,85.6797583081571,604.712990936556,20.178247734139,787.129909365559,465.900302114804,187.815709969789,987.921450151058,3412.53776435045,425.135951661631,1709.48640483384,967.154078549849,2644.00302114804,442.416918429003,127.604229607251,1021.35347432024,2361.15105740181,1275.92447129909,396.184290030211,967.244712990937,1865.87915407855,1622.70694864048,2438.49546827795,575.027190332326,1233.50453172205,320.138972809668,120.577039274924,1038.2084592145,416.317220543807,13206.1027190332,8740.8580060423,331,21.7595325129886,19.3848268071724,0.454266268253472,0.962209302325581,0.750566893424036,0.861930556555457,FAHNSCC_15,HN,1,FAHNSCC_15,Ki67+ tumor cells,,carcinoma_in_situ_FAHNSCC_15_2
8551,9752,12045.5627906977,325.920930232558,96.4279069767442,603.348837209302,223.381395348837,3100.20930232558,512.888372093023,187.413953488372,983.139534883721,4664.49302325581,473.060465116279,148.73023255814,947.046511627907,3624.12558139535,460.725581395349,220.897674418605,1090.00465116279,3234.1488372093,538.53023255814,384.586046511628,967.902325581395,2694.3023255814,223.502325581395,1041.62325581395,678.037209302326,1083.80930232558,281.227906976744,154.093023255814,1015.56744186047,412.706976744186,14300.2976744186,9524.48372093023,215,17.6192882113652,15.5927557115601,0.465624934076633,0.968468468468468,0.746527777777778,-1.21697015683864,FAHNSCC_15,HN,1,FAHNSCC_15,stromal cells,,carcinoma_in_situ_FAHNSCC_15_2
8601,9807,18600.3776824034,339.690987124464,131.669527896996,612.171673819743,296.922746781116,4091.64806866953,625.309012875537,220.974248927039,1005.36051502146,5591.98283261803,550.270386266094,193.716738197425,949.55364806867,3041.75965665236,1337.39484978541,300.931330472103,1048.6008583691,2123.75107296137,639.197424892704,406.862660944206,955.742489270386,1506.84978540773,392.004291845494,2653.29184549356,612.175965665236,897.291845493562,309.369098712446,134.025751072961,1001.44635193133,413.982832618026,14785.991416309,8550.09871244635,233,19.3210249900087,15.4375429437699,0.601327999325763,0.983122362869198,0.809027777777778,1.04204318187259,FAHNSCC_15,HN,1,FAHNSCC_15,stromal cells,,carcinoma_in_situ_FAHNSCC_15_2
8613,9821,22834.2101910828,330.261146496815,231.713375796178,611.700636942675,105.031847133758,5786.58598726115,714.866242038217,220.477707006369,1005.33757961783,8130.29936305733,598.101910828025,200.745222929936,954.235668789809,5890.35668789809,660.350318471338,279.261146496815,1077.13375796178,4252.48407643312,627.273885350318,394.885350318471,1015.07643312102,3683.29299363057,275.350318471338,5491.78343949045,1026.07006369427,1261.61146496815,357.566878980892,152.070063694268,1117.26751592357,415.191082802548,14119.0,9317.89171974523,157,16.0740477359847,12.5270843145548,0.626606236035106,0.951515151515152,0.747619047619048,-0.854349593371092,FAHNSCC_15,HN,1,FAHNSCC_15,Unknown,,carcinoma_in_situ_FAHNSCC_15_2
8684,9895,5225.18508287293,158.825966850829,74.8038674033149,597.113259668508,17.0165745856354,1330.83149171271,357.508287292818,177.218232044199,940.077348066298,2265.7320441989,348.580110497238,2246.14640883978,955.687845303867,1703.44475138122,373.480662983425,119.563535911602,984.57182320442,1906.90883977901,1402.46961325967,385.104972375691,948.234806629834,1713.46961325967,494.049723756906,1936.75690607735,578.78729281768,1216.39502762431,307.298342541436,120.651933701657,1002.2320441989,413.129834254144,13279.5138121547,9501.6546961326,362,23.4238252306001,19.6954522809706,0.541299458761474,0.965333333333333,0.78695652173913,-0.382991957320196,FAHNSCC_15,HN,1,FAHNSCC_15,tumor cells,,carcinoma_in_situ_FAHNSCC_15_2
8687,9898,8651.43362831858,181.340707964602,95.8473451327434,602.338495575221,10.7544247787611,1844.01769911504,481.643805309735,237.493362831858,951.329646017699,3094.40486725664,394.840707964602,2931.19247787611,1132.0907079646,2638.5685840708,386.79203539823,147.265486725664,992.075221238938,1922.64380530973,1291.03318584071,413.725663716814,1017.06637168142,1514.40486725664,1002.28539823009,2612.27654867257,573.349557522124,917.480088495575,283.482300884956,116.619469026549,996.369469026549,415.283185840708,13954.5951327434,8310.51548672566,452,27.1234000706101,21.2601866459042,0.620973048893945,0.957627118644068,0.760942760942761,0.167228808691143,FAHNSCC_15,HN,1,FAHNSCC_15,Ki67+ tumor cells,,carcinoma_in_situ_FAHNSCC_15_2
8695,9906,17035.8106060606,274.003787878788,95.5568181818182,612.575757575758,402.901515151515,4161.12878787879,583.049242424242,212.640151515152,952.454545454546,5470.19318181818,457.655303030303,174.583333333333,954.132575757576,3854.51893939394,442.776515151515,137.242424242424,1166.5303030303,2698.05303030303,547.969696969697,383.799242424242,976.727272727273,2111.49242424242,230.609848484849,1001.06818181818,957.977272727273,846.636363636364,298.704545454545,119.19696969697,995.087121212121,405.875,13995.0,9668.625,264,20.6017352017571,16.3461706388827,0.608652913406137,0.963503649635036,0.771929824561404,-0.902114632719647,FAHNSCC_15,HN,1,FAHNSCC_15,stromal cells,,carcinoma_in_situ_FAHNSCC_15_2
8735,9950,18187.1052631579,700.294736842105,115.950877192982,615.456140350877,516.108771929825,4274.85964912281,553.971929824561,208.99298245614,1018.42807017544,5675.31929824561,451.284210526316,169.452631578947,953.887719298246,4235.4,499.0,133.014035087719,947.684210526316,3805.56140350877,570.947368421053,392.347368421053,954.249122807018,3534.17894736842,245.60350877193,558.785964912281,602.831578947368,1612.25614035088,376.79298245614,134.60350877193,1022.67719298246,415.649122807018,13994.649122807,9627.87719298246,285,19.803901181812,18.4381746904561,0.364923511802825,0.962837837837838,0.789473684210526,-0.415041976070546,FAHNSCC_15,HN,1,FAHNSCC_15,CD4+ T cells,,carcinoma_in_situ_FAHNSCC_15_2
8750,9968,6835.40637450199,125.752988047809,67.9900398406375,595.529880478088,15.8585657370518,1507.51394422311,395.205179282869,209.892430278885,949.290836653386,2463.57569721116,356.886454183267,2220.86653386454,1028.17729083665,1741.69721115538,355.320717131474,151.603585657371,1068.13944223108,1422.65737051793,901.701195219124,389.92828685259,1015.59163346614,992.296812749004,472.189243027889,1531.27888446215,574.03187250996,812.796812749004,268.368525896414,113.647410358566,987.743027888446,409.454183266932,13082.5099601594,8967.34262948207,502,29.1783663982694,21.9543622926318,0.658684590110669,0.963531669865643,0.74702380952381,0.385528439524212,FAHNSCC_15,HN,1,FAHNSCC_15,tumor cells,,carcinoma_in_situ_FAHNSCC_15_2
8770,9990,7875.0325,137.5375,67.59,603.39,9.42,1570.065,420.0625,248.32,955.7575,2342.495,394.1725,1578.37,986.4475,1993.3125,372.7725,158.235,1072.605,1457.3475,2205.605,403.9575,993.9375,928.315,407.955,2590.225,570.665,743.46,252.0175,105.4575,990.3825,411.2925,13452.6325,8357.5225,400,27.9942760945794,18.19976664522,0.759827642573724,0.963855421686747,0.793650793650794,1.49260765979573,FAHNSCC_15,HN,1,FAHNSCC_15,tumor cells,,carcinoma_in_situ_FAHNSCC_15_2
8837,10066,22106.2485207101,458.810650887574,125.497041420118,606.289940828402,278.85798816568,5134.55029585799,3396.1775147929,226.710059171598,954.597633136095,6958.91124260355,1276.34911242604,189.011834319527,961.497041420118,4191.68639053254,436.337278106509,540.940828402367,1133.38461538462,4056.72189349112,677.094674556213,410.12426035503,978.633136094675,3202.49112426036,370.816568047337,2257.41420118343,641.745562130178,1692.34911242604,334.05325443787,363.313609467456,1026.60355029586,416.455621301775,14730.0059171598,8549.89349112426,169,18.1717094214556,11.8580279729679,0.757741924658712,0.960227272727273,0.704166666666667,0.795613247925582,FAHNSCC_15,HN,1,FAHNSCC_15,M2 macrophages,,carcinoma_in_situ_FAHNSCC_15_2
8972,10222,18190.7561521253,171.293064876958,73.7203579418345,598.199105145414,18.4407158836689,4596.18344519016,463.691275167785,206.758389261745,951.006711409396,6579.74272930649,411.436241610738,1161.41610738255,1548.30872483221,4272.37807606264,377.666666666667,129.5548098434,969.23937360179,3314.68456375839,709.496644295302,386.874720357942,975.143176733781,2355.41387024609,7167.67561521253,1552.35346756152,571.903803131991,838.369127516779,251.002237136465,109.098434004474,988.221476510067,410.668903803132,13681.5749440716,9120.69574944072,447,26.6251539933679,21.6037119764624,0.584488031958163,0.963362068965517,0.788359788359788,-0.170257766314628,FAHNSCC_15,HN,1,FAHNSCC_15,Ki67+ tumor cells,,carcinoma_in_situ_FAHNSCC_15_2
9035,10301,13367.6305418719,223.995073891626,77.192118226601,601.940886699507,94.8423645320197,3086.42857142857,696.724137931035,184.753694581281,944.354679802956,4341.1724137931,392.581280788177,322.339901477833,978.098522167488,2636.25615763547,567.699507389163,1369.82266009852,1370.86699507389,1936.77832512315,520.541871921182,387.285714285714,955.95566502463,1135.47783251232,1922.56650246305,1054.73891625616,609.477832512315,677.955665024631,242.512315270936,111.76354679803,1120.60591133005,411.137931034483,13579.7783251232,9461.54679802956,203,18.7099807666776,13.856124642037,0.67197485244455,0.962085308056872,0.751851851851852,0.438232501939626,FAHNSCC_15,HN,1,FAHNSCC_15,other APCs,,carcinoma_in_situ_FAHNSCC_15_2
9057,10327,12839.2476415094,225.412735849057,88.7688679245283,603.469339622642,16.8679245283019,3093.24764150943,488.353773584906,262.122641509434,951.76179245283,4889.29481132076,426.594339622642,1291.57075471698,1065.34198113208,3155.99056603774,400.051886792453,155.14858490566,1020.37028301887,2582.34198113208,895.252358490566,394.327830188679,1072.77830188679,2099.37971698113,3900.82547169811,1166.80424528302,576.464622641509,823.540094339623,259.431603773585,110.181603773585,985.221698113208,408.313679245283,13535.0943396226,9161.16509433962,424,23.5625239106621,22.988157480925,0.219450076827246,0.957110609480813,0.768115942028986,-0.0149680198243561,FAHNSCC_15,HN,1,FAHNSCC_15,Ki67+ tumor cells,,carcinoma_in_situ_FAHNSCC_15_2
9070,10341,19628.1155234657,263.476534296029,84.0216606498195,607.097472924188,261.671480144404,4779.81588447653,914.599277978339,217.71119133574,965.58844765343,6949.43682310469,630.888086642599,182.346570397112,974.227436823105,5706.81588447653,571.115523465704,651.895306859206,1164.00722021661,4223.87725631769,647.169675090253,403.389891696751,975.173285198556,3668.58122743682,294.173285198556,5128.06498194946,1401.87003610108,1343.6714801444,356.873646209386,278.223826714801,1050.53790613718,417.98916967509,13788.0938628159,9639.90252707581,277,20.636506694259,17.1552821642238,0.555812819894222,0.958477508650519,0.775910364145658,-0.252746251731308,FAHNSCC_15,HN,1,FAHNSCC_15,stromal cells,,carcinoma_in_situ_FAHNSCC_15_2
9088,10362,9489.43396226415,201.63679245283,79.2452830188679,605.792452830189,13.2877358490566,2204.37735849057,488.478773584906,238.676886792453,957.028301886792,3587.78537735849,435.266509433962,1195.32311320755,1153.12971698113,2428.57547169811,400.837264150943,164.36320754717,1052.46698113208,1464.04009433962,1213.89858490566,395.816037735849,1181.64858490566,1354.42452830189,9570.43632075472,1690.45990566038,575.143867924528,885.51179245283,291.108490566038,113.964622641509,990.903301886792,412.240566037736,13697.141509434,8417.17452830189,424,24.6185360285047,21.9344460391471,0.454056676173327,0.965831435079727,0.768115942028986,0.722479972781311,FAHNSCC_15,HN,1,FAHNSCC_15,Ki67+ tumor cells,,carcinoma_in_situ_FAHNSCC_15_2
9111,10390,14854.0606060606,331.164141414141,109.035353535354,613.628787878788,478.616161616162,3470.80303030303,4448.26515151515,204.391414141414,963.651515151515,5465.65909090909,679.275252525253,316.017676767677,944.358585858586,3882.55808080808,660.512626262626,1593.89898989899,1043.46717171717,3088.11868686869,591.545454545455,393.459595959596,980.366161616162,2504.68181818182,311.204545454545,2877.34343434343,619.174242424242,1207.5202020202,301.585858585859,308.113636363636,1002.58333333333,416.277777777778,13625.7878787879,9074.18181818182,396,29.0592375117908,17.5478780680614,0.797086045370836,0.956521739130435,0.718693284936479,0.203996597721334,FAHNSCC_15,HN,1,FAHNSCC_15,M1/M0 macrophages,,carcinoma_in_situ_FAHNSCC_15_2
9135,10419,18484.3361581921,439.330508474576,133.957627118644,609.793785310735,158.327683615819,4693.54237288136,784.66384180791,231.04802259887,967.598870056497,6905.53107344633,609.861581920904,188.127118644068,964.248587570622,5067.40960451977,524.483050847458,253.793785310734,1182.76271186441,4085.58192090395,640.378531073446,407.302259887006,967.841807909604,3623.51412429379,287.765536723164,5464.70621468927,1079.22033898305,1205.5593220339,331.036723163842,136.779661016949,1021.50847457627,414.014124293785,13762.4774011299,9589.22598870057,354,22.6534982642868,19.9571414805156,0.473164799981975,0.975206611570248,0.84688995215311,1.54410882672997,FAHNSCC_15,HN,1,FAHNSCC_15,stromal cells,,carcinoma_in_situ_FAHNSCC_15_2
9210,10504,8123.53308823529,170.902573529412,77.7224264705882,600.248161764706,18.2702205882353,2005.75367647059,462.297794117647,232.457720588235,950.634191176471,3056.25919117647,461.323529411765,1194.67647058824,1198.92463235294,2110.88786764706,387.602941176471,152.033088235294,1062.73345588235,1506.81433823529,1467.29044117647,392.591911764706,1063.16727941176,1065.40073529412,2578.95220588235,5190.15073529412,583.306985294118,858.345588235294,293.457720588235,116.038602941176,1001.22977941176,413.770220588235,14460.1985294118,8562.15441176471,544,31.0037219129136,22.5217162990605,0.687251285263418,0.971428571428571,0.747252747252747,0.92660097068187,FAHNSCC_15,HN,1,FAHNSCC_15,Ki67+ tumor cells,,carcinoma_in_situ_FAHNSCC_15_2
9224,10520,6431.61818181818,269.670707070707,88.7111111111111,608.151515151515,9.22424242424243,1239.47070707071,418.531313131313,283.339393939394,964.4,1974.93333333333,373.8,2822.07676767677,968.440404040404,1690.8202020202,348.640404040404,160.309090909091,1043.37171717172,1276.06868686869,996.549494949495,403.993939393939,1087.37575757576,903.127272727273,378.492929292929,2019.15555555556,570.608080808081,769.476767676768,270.60202020202,109.488888888889,990.155555555556,411.29494949495,13372.0363636364,8298.25252525253,495,27.7274087564894,22.7426500314704,0.572044338260398,0.974409448818898,0.797101449275362,0.298144689071515,FAHNSCC_15,HN,1,FAHNSCC_15,tumor cells,,carcinoma_in_situ_FAHNSCC_15_2
9253,10553,5796.81862745098,146.816176470588,74.1789215686274,595.605392156863,18.8357843137255,1397.42401960784,406.328431372549,185.781862745098,948.723039215686,2223.43382352941,389.93137254902,1338.9387254902,1023.85539215686,1765.84558823529,386.81862745098,123.289215686275,1000.5612745098,1625.65196078431,1442.33578431373,380.343137254902,962.524509803922,1384.125,429.916666666667,2823.10294117647,578.026960784314,871.90931372549,281.730392156863,111.18137254902,1003.61274509804,411.208333333333,13730.5490196078,9219.47549019608,408,26.1521292527873,19.9513732056898,0.646520393529999,0.966824644549763,0.772727272727273,-0.62050622940582,FAHNSCC_15,HN,1,FAHNSCC_15,tumor cells,,carcinoma_in_situ_FAHNSCC_15_2
9280,10583,13652.3792544571,133.554294975689,77.0421393841167,600.419773095624,18.8897893030794,3202.12479740681,519.448946515397,238.742301458671,952.520259319287,4771.8038897893,424.15397082658,617.29659643436,1141.33063209076,3513.39384116694,374.700162074554,164.233387358185,1121.92544570502,2383.76661264182,876.547811993517,391.233387358185,1115.27066450567,1754.64829821718,18242.3873581848,2232.6904376013,575.419773095624,917.646677471637,290.784440842788,119.316045380875,1002.62884927066,413.179902755267,13947.2901134522,8765.20907617504,617,35.4596340042409,22.2046850545608,0.779665585681404,0.961059190031153,0.766459627329193,-0.137518790365846,FAHNSCC_15,HN,1,FAHNSCC_15,Ki67+ tumor cells,,carcinoma_in_situ_FAHNSCC_15_2
9285,10588,12421.8066298343,133.950276243094,74.5165745856354,602.924033149171,23.6685082872928,2989.20994475138,485.621546961326,259.542817679558,951.983425414365,4399.75828729282,397.875690607735,664.654696132597,1132.15745856354,2975.1229281768,389.817679558011,164.71546961326,1089.54419889503,2299.1546961326,787.027624309392,382.526243093923,1021.25690607735,1779.05524861878,339.556629834254,2368.97928176796,579.624309392265,797.779005524862,262.638121546961,112.827348066298,981.875690607735,409.196132596685,14025.8052486188,9282.37430939227,724,38.2423597817942,24.1111464166059,0.776203297786041,0.969210174029451,0.773504273504274,1.55374366632471,FAHNSCC_15,HN,1,FAHNSCC_15,tumor cells,,carcinoma_in_situ_FAHNSCC_15_2
9310,10614,7504.31166666667,135.858333333333,64.5966666666667,599.32,19.2733333333333,1947.1,406.165,188.201666666667,947.503333333333,3051.19,387.788333333333,1090.425,977.02,2334.10166666667,415.198333333333,127.543333333333,979.833333333333,2216.12666666667,1708.19,383.201666666667,970.293333333333,2034.105,1861.97333333333,3128.29,577.346666666667,1125.95666666667,308.231666666667,119.215,1023.68,412.536666666667,13693.53,9319.35166666667,600,35.0509646166517,21.8545975711699,0.781816042975118,0.966183574879227,0.716845878136201,-0.634852748949799,FAHNSCC_15,HN,1,FAHNSCC_15,Ki67+ tumor cells,,carcinoma_in_situ_FAHNSCC_15_2
9351,10658,18804.2,434.937931034483,144.213793103448,604.841379310345,9.36551724137931,4356.51724137931,664.88275862069,247.965517241379,965.813793103448,6346.34482758621,575.662068965517,5281.06896551724,2963.10344827586,5372.8275862069,522.496551724138,165.91724137931,977.813793103448,3356.79310344828,5159.61379310345,407.772413793103,1014.2275862069,2248.75862068966,376.620689655173,1470.64137931034,577.144827586207,1133.25517241379,367.013793103448,133.006896551724,1028.53793103448,423.827586206897,13599.2,8228.90344827586,145,14.2564510673444,13.0777106621529,0.398153499650044,0.935483870967742,0.743589743589744,-0.179155891124676,FAHNSCC_15,HN,1,FAHNSCC_15,tumor cells,,carcinoma_in_situ_FAHNSCC_15_2
9372,10685,5261.35826771654,199.661417322835,86.8070866141732,599.744094488189,15.6023622047244,1223.36614173228,443.299212598425,200.700787401575,945.133858267716,2028.25984251969,396.637795275591,3168.75590551181,949.267716535433,1384.66929133858,433.44094488189,138.586614173228,994.956692913386,1102.34251968504,1657.64960629921,385.047244094488,952.452755905512,820.094488188976,273.385826771654,2995.14960629921,574.007874015748,813.803149606299,290.472440944882,118.944881889764,990.153543307087,410.791338582677,13312.1062992126,9038.4094488189,254,19.3777092885891,16.709758231351,0.506366185092104,0.973180076628352,0.830065359477124,-0.558773198778673,FAHNSCC_15,HN,1,FAHNSCC_15,tumor cells,,carcinoma_in_situ_FAHNSCC_15_2
9381,10695,16969.5533199195,199.299798792757,89.8068410462777,599.090543259557,17.682092555332,4149.5814889336,548.102615694165,221.525150905433,955.191146881288,7031.1509054326,473.004024144869,1485.70824949698,986.531187122736,4250.09456740443,387.885311871227,139.221327967807,1031.73440643863,3425.11670020121,1161.02414486922,392.082494969819,1006.89939637827,2764.69014084507,1285.0060362173,3521.52515090543,574.583501006036,1275.94969818913,308.374245472837,121.33199195171,1014.11871227364,415.830985915493,14183.7183098592,8615.29979879276,497,34.0781663765967,18.6526842101925,0.836903807203929,0.953934740882918,0.634738186462324,-0.717275397562608,FAHNSCC_15,HN,1,FAHNSCC_15,Ki67+ tumor cells,,carcinoma_in_situ_FAHNSCC_15_2
9417,10738,9342.13272311213,144.318077803204,62.5926773455378,594.574370709382,16.350114416476,2182.13958810069,431.21052631579,229.274599542334,950.446224256293,3711.47368421053,382.711670480549,1359.45080091533,993.176201372998,2435.01372997712,389.901601830664,146.74828375286,1060.57894736842,2015.75743707094,1431.4233409611,387.139588100687,1035.4233409611,1541.79862700229,1483.88100686499,1921.46453089245,579.617848970252,842.405034324943,258.514874141876,114.496567505721,989.553775743707,410.132723112128,13558.9633867277,8799.33638443936,437,30.8196077895035,18.1569420997219,0.808033854867405,0.971111111111111,0.743197278911565,1.06464487932723,FAHNSCC_15,HN,1,FAHNSCC_15,Ki67+ tumor cells,,carcinoma_in_situ_FAHNSCC_15_2
9459,10786,9258.86904761905,159.837301587302,71.7519841269841,598.940476190476,16.3611111111111,2233.61706349206,429.202380952381,272.579365079365,957.069444444444,3434.5,385.327380952381,1043.89682539683,1022.04563492063,2190.91468253968,385.952380952381,154.982142857143,1044.77380952381,1813.66666666667,1049.74801587302,386.871031746032,1131.58333333333,1310.56349206349,2716.81746031746,1610.12896825397,575.680555555556,767.984126984127,259.107142857143,110.541666666667,997.043650793651,407.958333333333,13522.8055555556,9136.01190476191,504,30.0463395638522,21.4514761385772,0.700200349662967,0.967370441458733,0.777777777777778,1.03248755382652,FAHNSCC_15,HN,1,FAHNSCC_15,Ki67+ tumor cells,,carcinoma_in_situ_FAHNSCC_15_2
9497,10829,8171.99112426036,163.39349112426,74.0295857988166,595.275147928994,19.4497041420118,1858.10946745562,423.538461538462,180.254437869822,936.44674556213,2851.5650887574,361.257396449704,1803.43195266272,948.281065088757,2455.07100591716,373.369822485207,115.985207100592,989.112426035503,2126.63609467456,1226.81656804734,379.713017751479,949.98224852071,1949.22781065089,536.825443786982,2069.30769230769,583.082840236686,1159.92603550296,292.12426035503,114.591715976331,1003.04733727811,413.248520710059,14088.1656804734,9043.15680473373,338,24.8038914113465,17.376599243616,0.713594092883291,0.952112676056338,0.782407407407407,1.40979488059216,FAHNSCC_15,HN,1,FAHNSCC_15,tumor cells,,carcinoma_in_situ_FAHNSCC_15_2
9510,10843,20690.7753623188,161.036231884058,70.25,601.213768115942,95.9275362318841,4825.66304347826,686.43115942029,214.481884057971,978.81884057971,7047.6268115942,586.804347826087,153.699275362319,947.192028985507,5246.71739130435,426.869565217391,263.163043478261,1283.57608695652,3897.41666666667,676.195652173913,546.29347826087,993.192028985507,3130.70289855072,294.217391304348,6219.35144927536,1749.67753623188,874.670289855073,303.322463768116,120.496376811594,1035.30434782609,411.902173913044,14435.1014492754,9021.60144927536,276,21.1395666863669,16.6578819155218,0.615681089689574,0.961672473867596,0.773109243697479,-0.362029915254391,FAHNSCC_15,HN,1,FAHNSCC_15,endothelial cells,,carcinoma_in_situ_FAHNSCC_15_2
9525,10859,7023.07482993197,192.585034013605,90.0702947845805,604.487528344671,12.2018140589569,1666.37414965986,469.424036281179,217.351473922903,951.133786848072,2703.09297052154,419.097505668934,3699.5283446712,970.018140589569,2579.13151927438,388.473922902494,129.750566893424,939.414965986395,2084.02494331066,1327.2358276644,411.349206349206,958.401360544218,1812.01360544218,478.734693877551,1595.10204081633,575.219954648526,1314.28798185941,354.215419501134,125.757369614512,1009.26984126984,420.854875283447,14063.0997732426,8173.59863945578,441,25.4715815472961,22.1370529945689,0.494657014154223,0.96078431372549,0.735,-0.609185855124131,FAHNSCC_15,HN,1,FAHNSCC_15,tumor cells,,carcinoma_in_situ_FAHNSCC_15_2
9587,10927,8910.29235880399,186.6926910299,71.6063122923588,599.63122923588,20.1112956810631,2026.3073089701,462.073089700997,311.001661129568,957.752491694352,3066.21760797342,366.935215946844,1086.70431893688,1129.85049833887,2098.41694352159,348.257475083057,164.574750830565,1122.31561461794,1538.23089700997,1010.57973421927,375.443521594684,1038.64451827243,1118.63122923588,397.852159468439,1779.573089701,574.865448504983,741.023255813954,237.775747508306,105.242524916944,972.257475083056,407.302325581395,14137.9219269103,8939.05980066445,602,34.8338794145847,22.0919459062173,0.773161982586681,0.967845659163987,0.781818181818182,0.149358585054761,FAHNSCC_15,HN,1,FAHNSCC_15,tumor cells,,carcinoma_in_situ_FAHNSCC_15_2
9594,10934,5141.496875,165.828125,80.89375,595.159375,16.528125,1242.5125,380.084375,186.9375,938.946875,2099.86875,369.4,2668.575,1054.98125,1616.371875,375.89375,116.353125,977.696875,1584.78125,1258.5,385.446875,953.0125,1294.615625,483.059375,1723.40625,573.60625,882.23125,274.0625,115.596875,992.35625,410.76875,13528.140625,9044.75,320,23.7064719130016,17.2724284102747,0.684944244937637,0.960960960960961,0.76555023923445,-0.503574487382628,FAHNSCC_15,HN,1,FAHNSCC_15,tumor cells,,carcinoma_in_situ_FAHNSCC_15_2
9598,10939,5982.61670235546,196.021413276231,81.8351177730193,595.526766595289,41.9443254817987,1470.74304068522,818.788008565311,229.614561027837,943.593147751606,2345.44111349036,453.094218415418,905.501070663812,976.723768736617,1674.99571734475,564.533190578159,172.75374732334,1135.1199143469,1249.93147751606,1674.83083511777,382.52034261242,963.029978586724,861.955032119914,265.006423982869,2455.8800856531,578.792291220557,772.494646680942,268.75374732334,147.52034261242,997.952890792291,409.704496788009,14226.3169164882,8951.41327623126,467,28.682233593967,20.784311436084,0.689126967125603,0.960905349794239,0.758116883116883,0.366255771839093,FAHNSCC_15,HN,1,FAHNSCC_15,tumor cells,,carcinoma_in_situ_FAHNSCC_15_2
9619,10966,14632.2088724584,189.449168207024,89.0332717190388,600.390018484288,18.5637707948244,3146.5101663586,500.236598890943,245.064695009242,953.524953789279,4695.53049907579,435.236598890943,1091.82439926063,1112.62107208872,3318.60443622921,389.463955637708,158.964879852126,1093.36414048059,2326.26247689464,1408.62292051756,387.365988909427,995.410351201479,1686.01109057301,3252.13678373383,3628.07393715342,578.650646950092,895.767097966728,273.748613678373,116.059149722736,1004.84658040665,411.630314232902,14165.2458410351,8741.8853974122,541,31.964045844001,21.6228528837407,0.736466315431482,0.969534050179212,0.746206896551724,-0.555153592609116,FAHNSCC_15,HN,1,FAHNSCC_15,Ki67+ tumor cells,,carcinoma_in_situ_FAHNSCC_15_2
9620,10967,9641.19420289855,189.614492753623,93.1826086956522,609.373913043478,16.4579710144928,2393.95362318841,446.350724637681,234.63768115942,959.730434782609,3669.30434782609,393.884057971015,1649.99710144928,997.263768115942,2567.58260869565,378.066666666667,157.672463768116,1072.61739130435,2042.81449275362,1244.66956521739,396.16231884058,1039.5884057971,1552.93913043478,692.376811594203,1340.02028985507,575.008695652174,872.898550724638,273.017391304348,114.915942028986,993.684057971015,413.4,13188.4289855072,9032.40579710145,345,26.866543488436,16.3521329505382,0.793444219378678,0.96100278551532,0.798611111111111,1.53095771873402,FAHNSCC_15,HN,1,FAHNSCC_15,tumor cells,,carcinoma_in_situ_FAHNSCC_15_2
9630,10978,8849.55077452668,189.005163511188,89.3631669535284,601.917383820998,11.6437177280551,1816.35283993115,450.335628227195,254.860585197935,957.905335628227,2886.44578313253,414.655765920826,1769.94836488812,989.09982788296,2432.50430292599,387.533562822719,157.444061962134,1091.70223752151,1638.27194492255,2458.6230636833,331.468158347676,1093.61445783133,1190.8760757315,472.783132530121,1774.88984509466,572.371772805508,812.640275387263,270.889845094664,112.483648881239,999.679862306368,412.743545611015,13522.0292598967,8348.71944922547,581,32.9941277019413,22.4622277704202,0.732474269736292,0.97319932998325,0.774666666666667,-1.06338224375866,FAHNSCC_15,HN,1,FAHNSCC_15,tumor cells,,carcinoma_in_situ_FAHNSCC_15_2
9635,10984,13522.20657277,315.279342723005,97.4460093896714,611.077464788732,480.049295774648,3123.00234741784,5175.17605633803,200.896713615024,967.260563380282,4552.57746478873,600.340375586854,180.852112676056,958.828638497653,3012.92723004695,879.093896713615,3010.82629107981,1256.52112676056,2079.06103286385,555.387323943662,389.253521126761,1036.3779342723,1517.73708920188,263.988262910798,2365.34507042254,801.089201877934,751.253521126761,267.384976525822,527.396713615024,1013.75352112676,408.208920187793,13736.5492957746,9613.11971830986,426,27.7977197167691,19.6197367656112,0.708407345783732,0.965986394557823,0.774545454545455,-1.00256009150392,FAHNSCC_15,HN,1,FAHNSCC_15,dendritic cells,,carcinoma_in_situ_FAHNSCC_15_2
9642,10993,7461.98932384342,229.20640569395,79.6405693950178,605.498220640569,291.220640569395,1804.62633451957,4023.18505338078,188.946619217082,962.758007117438,2705.27046263345,491.409252669039,170.565836298932,949.868327402135,1964.96085409253,720.395017793594,2310.04270462633,1160.66192170819,1418.9537366548,548.32384341637,391.220640569395,996.843416370107,1069.76868327402,236.533807829181,3876.24911032028,1343.58362989324,750.608540925267,302.085409252669,353.327402135231,1019.88612099644,410.024911032028,13766.1992882562,9618.61921708185,281,21.3640443638676,16.9960059503421,0.605897746760537,0.962328767123288,0.743386243386243,-1.0640838013129,FAHNSCC_15,HN,1,FAHNSCC_15,M1/M0 macrophages,,carcinoma_in_situ_FAHNSCC_15_2
9663,11016,33129.2909090909,403.122727272727,260.5,610.263636363636,174.095454545455,9725.79090909091,914.159090909091,280.131818181818,959.104545454546,14794.8454545455,734.704545454546,216.686363636364,1002.75454545455,11793.0181818182,549.522727272727,246.345454545455,1092.12727272727,7526.69090909091,855.009090909091,473.118181818182,978.445454545455,6356.98636363636,6925.95454545455,3058.47272727273,1473.46363636364,1999.15,386.840909090909,151.013636363636,1050.87272727273,427.322727272727,14617.4227272727,8455.8,220,18.7706167889057,14.9624150029139,0.603822261700913,0.944206008583691,0.723684210526316,0.324369467287406,FAHNSCC_15,HN,1,FAHNSCC_15,stromal cells,,carcinoma_in_situ_FAHNSCC_15_2
9684,11038,6772.71212121212,200.247474747475,73.2954545454546,599.166666666667,24.5934343434343,1834.89898989899,459.14898989899,197.191919191919,951.69696969697,3104.08080808081,411.487373737374,1669.89141414141,962.073232323232,2581.76767676768,444.929292929293,125.161616161616,1008.15656565657,2347.06565656566,2742.36111111111,393.002525252525,970.285353535354,2007.58080808081,512.989898989899,3575.5404040404,575.330808080808,1327.25252525253,308.694444444444,120.868686868687,1023.90404040404,417.09595959596,14092.2626262626,8470.78535353535,396,26.9047924269266,18.7613534592594,0.716756197845561,0.965853658536585,0.75,-0.654279495181255,FAHNSCC_15,HN,1,FAHNSCC_15,tumor cells,,carcinoma_in_situ_FAHNSCC_15_2
9767,11130,7778.79417879418,477.018711018711,288.989604989605,624.457380457381,778.04158004158,1200.15176715177,586.126819126819,198.661122661123,959.629937629938,1773.98960498961,520.336798336798,164.141372141372,945.151767151767,1403.26403326403,426.008316008316,143.218295218295,955.097713097713,1150.52390852391,525.582120582121,389.738045738046,949.422037422037,688.316008316008,211.887733887734,584.844074844075,586.386694386694,750.879417879418,319.070686070686,123.043659043659,989.037422037422,409.474012474012,14488.6611226611,9573.08523908524,481,30.9542841431169,19.8391465053557,0.76760965893525,0.954365079365079,0.721139430284858,-1.11884156372092,FAHNSCC_15,HN,1,FAHNSCC_15,stromal cells,,carcinoma_in_situ_FAHNSCC_15_2
9768,11132,18113.9186440678,316.759322033898,120.484745762712,608.95593220339,477.4,4747.22711864407,844.657627118644,223.393220338983,969.986440677966,6819.14915254237,553.918644067797,180.376271186441,957.623728813559,4739.61355932203,485.877966101695,190.342372881356,1171.86101694915,3840.81694915254,608.122033898305,401.850847457627,970.528813559322,3366.67118644068,269.847457627119,2578.23728813559,1659.71525423729,1288.97966101695,342.901694915254,130.803389830508,1041.93559322034,414.620338983051,13725.9355932203,9676.70847457627,295,20.5439566259179,18.3688485352647,0.447819089071736,0.967213114754098,0.819444444444444,-0.998391912765901,FAHNSCC_15,HN,1,FAHNSCC_15,endothelial cells,,carcinoma_in_situ_FAHNSCC_15_2
9792,11160,4212.13821138211,221.967479674797,88.6666666666667,602.739837398374,16.5365853658537,1147.08401084011,423.39566395664,180.008130081301,945.79674796748,1901.9620596206,367.593495934959,1733.38482384824,961.558265582656,1558.86720867209,434.891598915989,119.612466124661,991.121951219512,1750.71544715447,2020.44173441734,383.907859078591,944.170731707317,1584.94579945799,735.130081300813,2420.21951219512,576.338753387534,1185.41463414634,311.271002710027,115.872628726287,1001.85907859079,416.365853658537,13399.5962059621,9369.17344173442,369,23.2233638911106,20.2505285857551,0.489524645061155,0.9609375,0.798701298701299,0.913260291088161,FAHNSCC_15,HN,1,FAHNSCC_15,Ki67+ tumor cells,,carcinoma_in_situ_FAHNSCC_15_2
9818,11188,9088.15160349854,191.198250728863,80.8309037900875,600.34693877551,18.1486880466472,2239.56559766764,484.498542274052,236.644314868805,951.195335276968,3448.03790087464,429.833819241983,884.320699708455,1000.93002915452,2367.52186588921,390.562682215743,153.626822157434,1040.32361516035,1855.67055393586,1389.34693877551,389.032069970846,961.215743440233,1304.16326530612,806.763848396501,2403.79883381924,581.30029154519,859.938775510204,289.740524781341,115.938775510204,994.113702623907,411.909620991254,14385.9125364432,8529.02332361516,343,22.5101526416741,19.503647015659,0.499285036554334,0.971671388101983,0.816666666666667,-0.662588688988541,FAHNSCC_15,HN,1,FAHNSCC_15,Ki67+ tumor cells,,carcinoma_in_situ_FAHNSCC_15_2
9840,11212,8335.92328767123,200.005479452055,82.1068493150685,605.230136986301,11.1561643835616,1719.22191780822,496.975342465753,253.131506849315,957.93698630137,2707.08767123288,456.47397260274,1724.23561643836,989.693150684932,2336.13698630137,404.915068493151,148.939726027397,1029.8904109589,1608.77534246575,1220.67945205479,416.632876712329,1030.52602739726,1133.71232876712,1326.8,1315.86849315069,571.175342465753,913.934246575342,320.375342465753,116.306849315068,1002.34520547945,415.449315068493,13631.3232876712,8107.34794520548,365,23.2716633977623,19.992426127907,0.511826512279184,0.975935828877005,0.829545454545455,-1.06829648350645,FAHNSCC_15,HN,1,FAHNSCC_15,Ki67+ tumor cells,,carcinoma_in_situ_FAHNSCC_15_2
9863,11238,7906.09635974304,262.286937901499,105.52034261242,600.162740899358,9.6338329764454,1533.63169164882,462.471092077088,248.768736616702,957.773019271949,2560.62526766595,385.293361884368,2832.00642398287,1029.46466809422,1744.07922912206,355.057815845824,144.346895074946,1084.51605995717,1486.01284796574,1005.20128479657,395.413276231263,1198.79871520343,993.456102783726,411.428265524625,1732.59100642398,571.531049250535,696.646680942184,233.284796573876,102.985010706638,969.443254817987,408.858672376874,13422.1755888651,8393.94218415418,467,29.253943288554,20.4351602953386,0.71556731288797,0.972916666666667,0.805172413793103,0.0872085534421572,FAHNSCC_15,HN,1,FAHNSCC_15,tumor cells,,carcinoma_in_situ_FAHNSCC_15_2
9878,11257,11279.7298474946,154.185185185185,74.7734204793028,597.039215686275,15.562091503268,1390.1220043573,381.263616557734,204.686274509804,991.291938997821,3987.54030501089,399.599128540305,1101.76688453159,996.590413943355,2942.88671023965,388.010893246187,149.825708061002,1076.98039215686,2083.79520697168,1108.92592592593,399.154684095861,1168.93464052288,1628.52723311547,1935.174291939,1647.45533769063,573.895424836601,929.38779956427,283.533769063181,113.664488017429,993.936819172113,410.657952069717,13155.7233115468,8787.1045751634,459,28.3481403391035,20.6888571823071,0.683646231317291,0.968354430379747,0.780612244897959,0.23348413574971,FAHNSCC_15,HN,1,FAHNSCC_15,Ki67+ tumor cells,,carcinoma_in_situ_FAHNSCC_15_2
9892,11272,7306.48909657321,269.528037383178,101.03738317757,604.705607476636,9.11993769470405,1618.20093457944,446.682242990654,218.931464174455,956.685358255452,2752.80996884735,419.688473520249,3813.88317757009,1050.80529595016,2678.3722741433,391.13707165109,134.791277258567,993.107476635514,1514.33644859813,1957.84579439252,408.468847352025,1010.33489096573,1701.78971962617,376.556074766355,1922.746105919,572.484423676013,1100.36604361371,343.602803738318,125.766355140187,1008.74299065421,419.001557632399,13571.8831775701,8331.11682242991,642,35.7872087190049,22.849590154881,0.769634401438537,0.972727272727273,0.797515527950311,0.186164677538376,FAHNSCC_15,HN,1,FAHNSCC_15,tumor cells,,carcinoma_in_situ_FAHNSCC_15_2
9922,11306,12561.0909090909,219.796650717703,81.188995215311,603.854066985646,26.61004784689,2802.16267942584,496.787081339713,288.799043062201,950.083732057416,4387.17464114833,398.337320574163,639.387559808612,1001.52392344498,2976.33253588517,385.311004784689,161.076555023923,1073.06459330144,2293.01196172249,1056.94736842105,391.456937799043,1045.55741626794,1765.53349282297,430.430622009569,2193.36124401914,573.645933014354,980.88995215311,291.375598086124,116.320574162679,993.212918660287,410.200956937799,13653.3779904306,8862.64593301435,418,25.9108883251681,20.5793842609061,0.607608185728806,0.96983758700696,0.757246376811594,-0.945050693203756,FAHNSCC_15,HN,1,FAHNSCC_15,tumor cells,,carcinoma_in_situ_FAHNSCC_15_2
9932,11318,9732.35271317829,187.817829457364,84.5736434108527,608.093023255814,216.290697674419,2289.22480620155,540.868217054264,199.081395348837,953.755813953488,3403.86821705426,488.294573643411,156.786821705426,950.445736434108,2973.66279069767,393.662790697674,197.255813953488,1085.77131782946,1761.08527131783,578.523255813954,418.875968992248,950.891472868217,1350.41860465116,349.197674418605,1343.89534883721,1273.41860465116,800.484496124031,271.87984496124,180.678294573643,995.46511627907,410.635658914729,14752.9147286822,8600.38372093023,258,19.4406406892338,16.9429085640593,0.490359832083852,0.955555555555556,0.798761609907121,1.48753820307769,FAHNSCC_15,HN,1,FAHNSCC_15,stromal cells,,carcinoma_in_situ_FAHNSCC_15_2
9943,11330,21872.4603174603,292.039682539683,111.170634920635,609.781746031746,355.777777777778,5276.67857142857,673.480158730159,227.412698412698,962.448412698413,8197.86507936508,577.722222222222,161.599206349206,957.599206349206,6252.51984126984,518.896825396825,165.761904761905,1306.78571428571,5093.69444444444,642.559523809524,398.019841269841,982.761904761905,5013.61507936508,307.861111111111,6856.89285714286,1049.75,1347.75,334.15873015873,127.095238095238,1014.62301587302,418.738095238095,14275.0158730159,9149.0873015873,252,19.1005355469432,16.8087961792501,0.474942167332589,0.96551724137931,0.780185758513932,-1.41769954677481,FAHNSCC_15,HN,1,FAHNSCC_15,stromal cells,,carcinoma_in_situ_FAHNSCC_15_2
9954,11342,11014.5048355899,167.034816247582,72.7756286266925,603.04835589942,18.0154738878143,3065.99226305609,514.520309477756,247.224371373308,954.889748549323,4657.50096711799,487.056092843327,1209.18762088975,1021.59574468085,3128.67891682785,409.508704061896,161.715667311412,1038.18955512573,2326.05222437137,1674.02901353965,400.239845261122,1060.59767891683,1708.34235976789,1352.44874274662,3676.80077369439,584.114119922631,926.893617021277,293.023210831722,116.063829787234,1002.0502901354,413.323017408124,14461.7059961315,8497.30560928433,517,30.8929875002349,21.3412750382055,0.7230335424409,0.977315689981096,0.810344827586207,-1.19017120026562,FAHNSCC_15,HN,1,FAHNSCC_15,Ki67+ tumor cells,,carcinoma_in_situ_FAHNSCC_15_2
9998,11396,8220.59857482185,232.919239904988,98.6579572446556,605.748218527316,15.7624703087886,2192.26365795724,448.154394299287,196.46080760095,951.503562945368,3536.98812351544,387.931116389549,2616.12114014252,968.855106888361,2569.49406175772,365.672209026128,119.950118764846,955.641330166271,2435.71733966746,844.821852731591,391.631828978622,993.178147268409,2033.3919239905,478.693586698337,2294.45843230404,578.182897862233,1140.27078384798,297.496437054632,117.643705463183,1010.31828978622,412.401425178147,13403.8788598575,8840.66983372922,421,29.4096148093315,18.2831547832226,0.783277120953363,0.952488687782805,0.725862068965517,-0.224377890790027,FAHNSCC_15,HN,1,FAHNSCC_15,tumor cells,,carcinoma_in_situ_FAHNSCC_15_2
10024,11424,4787.16607773852,96.8480565371025,55.791519434629,597.413427561838,23.547703180212,1276.04240282686,346.586572438163,179.43109540636,947.420494699647,2128.93639575972,343.805653710247,826.95406360424,960.024734982332,1509.43462897527,374.321554770318,159.671378091873,999.689045936396,1487.56890459364,1437.80212014134,386.265017667845,972.427561837456,1270.90459363958,364.388692579505,2007.93286219081,582.349823321555,895.689045936396,279.646643109541,123.908127208481,1015.71378091873,410.604240282686,13460.5406360424,9650.62544169611,283,20.8403417208834,17.3013976950843,0.557483808524941,0.965870307167236,0.786111111111111,1.16171169627107,FAHNSCC_15,HN,1,FAHNSCC_15,tumor cells,,carcinoma_in_situ_FAHNSCC_15_2
10058,11464,7541.37142857143,149.597802197802,93.8307692307692,601.951648351648,14.8021978021978,1761.70989010989,476.578021978022,246.228571428571,954.114285714286,2901.18681318681,431.501098901099,1437.06373626374,1111.33846153846,2404.99340659341,397.013186813187,149.707692307692,1010.0043956044,1745.72967032967,1554.86813186813,412.281318681319,1071.16263736264,1316.70549450549,2516.45274725275,3422.84395604396,575.934065934066,922.804395604396,302.483516483517,117.476923076923,995.428571428571,417.791208791209,13983.0065934066,8318.66373626374,455,27.1576711751289,21.3848163103995,0.616401671323574,0.970149253731343,0.833333333333333,0.196649176648641,FAHNSCC_15,HN,1,FAHNSCC_15,Ki67+ tumor cells,,carcinoma_in_situ_FAHNSCC_15_2
10097,11510,14797.4225352113,242.507042253521,105.704225352113,605.940845070423,21.9070422535211,3139.69577464789,527.084507042254,267.138028169014,952.608450704225,4674.38873239437,420.149295774648,820.49014084507,1128.62535211268,3105.4985915493,403.045070422535,165.602816901408,1061.73521126761,2299.05633802817,938.732394366197,380.92676056338,1001.21126760563,1819.01690140845,1399.71549295775,2165.87042253521,577.557746478873,904.552112676056,273.791549295775,112.523943661972,987.476056338028,408.647887323944,14097.014084507,8997.55211267606,355,23.1437767327813,19.6651715699014,0.527273101737819,0.959459459459459,0.739583333333333,1.51187193879718,FAHNSCC_15,HN,1,FAHNSCC_15,Ki67+ tumor cells,,carcinoma_in_situ_FAHNSCC_15_2
10179,11601,28056.435530086,494.80229226361,140.432664756447,619.595988538682,354.017191977077,6505.51289398281,891.555873925502,280.553008595989,969.530085959885,10252.9971346705,717.472779369628,180.598853868195,974.899713467049,9175.81375358166,535.865329512894,234.759312320917,1324.65042979943,5833.89111747851,862.25787965616,434.753581661891,966.034383954155,6025.85959885387,405.180515759312,5675.01432664756,2523.17191977077,1966.29512893983,375.538681948424,138.166189111748,1053.09455587393,425.578796561605,14849.787965616,8654.63896848138,349,21.5246931536272,20.6538589044429,0.281563668447478,0.977591036414566,0.791383219954649,1.19541336865852,FAHNSCC_15,HN,1,FAHNSCC_15,endothelial cells,,carcinoma_in_situ_FAHNSCC_15_2
10180,11602,28227.7492063492,418.346031746032,127.593650793651,608.911111111111,236.796825396825,6856.33650793651,818.24126984127,252.885714285714,979.330158730159,9555.50158730159,656.612698412698,159.095238095238,975.790476190476,8121.54285714286,464.942857142857,176.053968253968,1397.89523809524,5749.43492063492,727.139682539683,418.133333333333,974.857142857143,5611.76825396825,342.177777777778,5587.3873015873,1892.39365079365,1503.50476190476,362.952380952381,129.425396825397,1041.35238095238,422.130158730159,14642.2634920635,9037.3873015873,315,21.0750479364707,19.0937878621277,0.423298564077846,0.960365853658537,0.789473684210526,-0.106198184957665,FAHNSCC_15,HN,1,FAHNSCC_15,endothelial cells,,carcinoma_in_situ_FAHNSCC_15_2
10193,11618,5818.93442622951,116.341920374707,70.8454332552693,595.316159250585,19.6346604215457,1450.01170960187,415.449648711944,217.744730679157,946.91569086651,2334.7681498829,404.112412177986,620.632318501171,1059.68618266979,1602.59016393443,382.548009367682,143.75644028103,1037.99297423888,1333.34426229508,974.44262295082,381.435597189696,976.423887587822,1034.32786885246,331.44262295082,3777.07962529274,580.918032786885,803.276346604215,287.15925058548,113.971896955504,1014.52693208431,410.583138173302,13822.6604215457,9354.98360655738,427,25.5192754735249,21.3430588777252,0.548195071284845,0.96606334841629,0.776363636363636,0.306308727488991,FAHNSCC_15,HN,1,FAHNSCC_15,tumor cells,,carcinoma_in_situ_FAHNSCC_15_2
10202,11629,10358.4159292035,153.336283185841,94.8466076696165,602.448377581121,9.68141592920354,2074.2802359882,506.941002949853,253.274336283186,959.554572271386,3426.52212389381,470.386430678466,1444.16519174041,1139.81120943953,2812.71386430678,406.162241887906,152.383480825959,1035.2389380531,1470.07374631268,1339.00589970501,418.188790560472,1037.78466076696,1373.35693215339,9473.8820058997,2563.3215339233,574.321533923304,940.176991150442,310.070796460177,117.020648967552,1009.77581120944,416.997050147493,13687.6637168142,8290.66371681416,339,21.6829589115282,19.9184287277569,0.39513901011673,0.97134670487106,0.807142857142857,-0.746782237215845,FAHNSCC_15,HN,1,FAHNSCC_15,Ki67+ tumor cells,,carcinoma_in_situ_FAHNSCC_15_2
10267,11707,21067.1387096774,419.890322580645,127.929032258065,607.916129032258,190.806451612903,5780.08709677419,908.983870967742,246.596774193548,978.851612903226,8185.51612903226,657.738709677419,182.593548387097,970.222580645161,5557.94516129032,443.683870967742,318.435483870968,1214.32580645161,4057.73870967742,722.88064516129,425.477419354839,961.274193548387,3372.93225806452,334.0,3769.59677419355,1078.3,1110.28709677419,330.135483870968,148.096774193548,1032.58064516129,416.493548387097,14761.8193548387,8632.23548387097,310,21.0094125721236,18.8654418328623,0.440093619801609,0.977917981072555,0.815789473684211,0.784213105360474,FAHNSCC_15,HN,1,FAHNSCC_15,stromal cells,,carcinoma_in_situ_FAHNSCC_15_2
10325,11771,10596.8966666667,173.711666666667,77.8966666666667,604.48,13.4033333333333,2431.36,506.03,266.55,960.56,3722.3,438.533333333333,966.315,1113.45333333333,3135.23,377.441666666667,158.806666666667,993.121666666667,2190.50833333333,1116.88,408.925,991.706666666667,1838.04833333333,478.216666666667,3717.00833333333,576.838333333333,1070.71166666667,313.786666666667,117.725,1008.42166666667,417.691666666667,14447.495,8283.795,600,32.9243807764322,23.371328955692,0.704354186742403,0.958466453674121,0.735294117647059,-0.0818389697761271,FAHNSCC_15,HN,1,FAHNSCC_15,tumor cells,,carcinoma_in_situ_FAHNSCC_15_2
10364,11817,22104.6746031746,249.690476190476,87.2142857142857,606.796296296296,105.859788359788,5349.42063492064,721.373015873016,234.31746031746,969.597883597884,7541.93386243386,573.396825396825,155.756613756614,966.306878306878,5893.35978835979,407.997354497355,198.097883597884,1238.0582010582,3438.19312169312,639.560846560847,404.481481481482,972.044973544974,2965.12433862434,285.145502645503,4768.3544973545,1914.7671957672,894.169312169312,286.10582010582,124.761904761905,1032.0873015873,411.486772486773,14633.5978835979,8926.91798941799,378,22.1428257394047,21.7770197715355,0.181018412911927,0.969230769230769,0.78099173553719,0.499215581542141,FAHNSCC_15,HN,1,FAHNSCC_15,endothelial cells,,carcinoma_in_situ_FAHNSCC_15_2
10377,11831,25896.3835125448,264.713261648746,94.2114695340502,608.89247311828,69.4731182795699,7035.35125448029,816.910394265233,233.702508960573,960.451612903226,10009.9713261649,598.236559139785,173.670250896057,959.20788530466,8198.01433691756,475.985663082437,209.835125448029,1007.74551971326,6271.01075268817,652.89605734767,397.014336917563,958.139784946236,6242.68100358423,296.516129032258,2349.87455197133,1071.50537634409,2254.73835125448,373.272401433692,280.057347670251,1034.10394265233,425.878136200717,14205.2508960573,9296.1935483871,279,23.233689167911,15.3471615373068,0.75077644676714,0.962068965517241,0.792613636363636,-1.23189628063011,FAHNSCC_15,HN,1,FAHNSCC_15,stromal cells,,carcinoma_in_situ_FAHNSCC_15_2
10411,11878,3045.77637130802,240.616033755274,98.5316455696202,599.696202531646,19.1983122362869,666.632911392405,431.021097046414,196.924050632911,949.628691983122,1204.74683544304,401.464135021097,3880.96624472574,1002.94514767932,1318.26160337553,394.79746835443,123.801687763713,1026.58227848101,1168.38818565401,1531.83544303797,410.472573839662,963.050632911392,867.409282700422,1629.74683544304,2756.37130801688,568.029535864979,851.616033755274,321.506329113924,117.029535864979,1020.34599156118,417.295358649789,13469.2953586498,8177.37552742616,237,18.73714176488,16.0978512518735,0.51173853273453,0.96734693877551,0.779605263157895,-1.39204051055705,FAHNSCC_15,HN,1,FAHNSCC_15,Ki67+ tumor cells,,carcinoma_in_situ_FAHNSCC_15_2
10414,11881,18808.2636655949,373.508038585209,110.591639871383,608.906752411576,229.945337620579,5025.12540192926,873.35691318328,227.093247588424,961.266881028939,7215.86495176849,581.48231511254,188.996784565916,980.646302250804,5582.44694533762,521.64308681672,201.03536977492,1055.79421221865,4772.42443729904,631.91961414791,406.061093247588,965.926045016077,4314.58199356913,291.945337620579,7308.961414791,703.508038585209,1504.79742765273,364.922829581994,136.688102893891,1057.14469453376,419.762057877814,13655.2411575563,9555.63022508039,311,20.7202800482377,19.3000169467559,0.363855492279246,0.971875,0.818421052631579,1.37411761682556,FAHNSCC_15,HN,1,FAHNSCC_15,stromal cells,,carcinoma_in_situ_FAHNSCC_15_2
10425,11892,11442.1265432099,176.990740740741,90.0617283950617,607.092592592593,23.1450617283951,2591.23765432099,802.308641975309,205.635802469136,948.66049382716,4167.0524691358,434.858024691358,1248.48148148148,1052.68827160494,2798.27469135802,427.530864197531,175.277777777778,997.561728395062,2503.64814814815,1505.29320987654,397.975308641975,963.530864197531,1987.26851851852,7001.6512345679,2409.88888888889,577.283950617284,1223.11728395062,329.87962962963,145.929012345679,1022.51234567901,414.907407407407,13819.9783950617,8514.06481481482,324,24.5266287153877,16.9137075717889,0.724184865494906,0.961424332344214,0.75,-0.244334436128767,FAHNSCC_15,HN,1,FAHNSCC_15,Ki67+ tumor cells,,carcinoma_in_situ_FAHNSCC_15_2
10432,11900,11208.3397435897,116.891025641026,58.4038461538462,598.544871794872,98.6602564102564,2851.24358974359,459.717948717949,172.74358974359,953.589743589744,4122.63461538462,395.50641025641,132.538461538462,942.294871794872,3383.08333333333,320.410256410256,299.916666666667,1048.1858974359,3230.44230769231,485.762820512821,378.50641025641,954.74358974359,3210.69230769231,206.384615384615,868.794871794872,660.519230769231,1723.61538461538,287.512820512821,140.685897435897,1011.19230769231,419.692307692308,14484.3269230769,9255.38461538462,156,14.4970488105126,13.7081179912685,0.325389995588642,0.945454545454545,0.742857142857143,1.45743344349086,FAHNSCC_15,HN,1,FAHNSCC_15,stromal cells,,carcinoma_in_situ_FAHNSCC_15_2
10438,11906,12647.1412639405,321.918215613383,80.7472118959108,608.944237918216,528.330855018587,3169.21933085502,1614.14126394052,195.672862453532,996.550185873606,4962.92936802974,1711.4907063197,209.0,943.754646840149,3881.98141263941,735.420074349442,256.96282527881,1133.59479553903,3543.66914498141,615.104089219331,401.278810408922,1066.45353159851,3488.34572490706,466.252788104089,3344.96654275093,884.368029739777,1346.65055762082,364.602230483271,214.375464684015,1042.11524163569,417.35687732342,13727.6356877323,9749.55018587361,269,20.8807012256574,16.4916253735325,0.613361527350831,0.960714285714286,0.786549707602339,-0.910294434773286,FAHNSCC_15,HN,1,FAHNSCC_15,M2 macrophages,,carcinoma_in_situ_FAHNSCC_15_2
10522,12004,10042.8783185841,141.203539823009,71.0530973451327,599.316371681416,16.2323008849558,2503.34292035398,447.323008849558,221.393805309735,947.533185840708,3900.30752212389,406.87610619469,1851.62168141593,965.858407079646,2695.11504424779,387.553097345133,151.311946902655,1061.75663716814,1910.28982300885,1338.97787610619,388.028761061947,1147.77212389381,1355.21902654867,606.940265486726,5081.02876106195,574.409292035398,880.783185840708,280.592920353982,114.78982300885,1002.12389380531,410.681415929204,14252.8163716814,8633.0110619469,452,30.1172898001088,19.3710930483144,0.765707916481471,0.959660297239915,0.701863354037267,-0.514894825065853,FAHNSCC_15,HN,1,FAHNSCC_15,tumor cells,,carcinoma_in_situ_FAHNSCC_15_2
10534,12017,8108.3729281768,136.265193370166,64.7541436464088,601.828729281768,12.9171270718232,1721.03867403315,469.42817679558,220.232044198895,951.776243093923,2766.54419889503,431.171270718232,1183.97237569061,1079.52762430939,2248.88121546961,404.110497237569,166.569060773481,1028.47790055249,1652.54972375691,1447.75966850829,406.472375690608,1002.20994475138,1291.76243093923,1616.03038674033,4498.76243093923,575.74861878453,935.972375690608,311.049723756906,121.052486187845,1011.50276243094,417.690607734807,14405.729281768,8235.50552486188,362,23.7651337719112,19.4598612178224,0.574020678699526,0.965333333333333,0.793859649122807,0.193503131425736,FAHNSCC_15,HN,1,FAHNSCC_15,Ki67+ tumor cells,,carcinoma_in_situ_FAHNSCC_15_2
10537,12020,9638.57829457365,118.151937984496,77.8403100775194,598.415503875969,16.9503875968992,2128.84031007752,450.542635658915,230.358139534884,955.308527131783,3716.73023255814,434.291472868217,583.568992248062,1009.93798449612,2530.20310077519,378.437209302326,151.578294573643,1111.41240310078,1715.91007751938,1431.41705426357,390.73023255814,1121.38294573643,1140.93798449612,687.533333333333,2959.75658914729,572.114728682171,824.279069767442,269.238759689922,111.066666666667,1010.76434108527,408.243410852713,13603.703875969,8665.53488372093,645,35.3252504762027,23.3981445843465,0.749182916487771,0.968468468468468,0.717463848720801,-0.870418497119854,FAHNSCC_15,HN,1,FAHNSCC_15,tumor cells,,carcinoma_in_situ_FAHNSCC_15_2
10545,12030,7863.04970178926,196.180914512922,80.2246520874752,597.51689860835,17.2246520874752,1915.94831013917,450.363817097416,236.389662027833,961.441351888668,2852.33001988072,369.017892644135,2363.46918489066,1014.92445328032,2185.54274353877,368.119284294235,161.499005964215,1075.50099403579,1755.72564612326,767.82703777336,381.339960238569,954.059642147117,1306.70377733598,278.72365805169,2183.91451292247,572.624254473161,797.147117296223,281.304174950298,120.640159045726,987.268389662028,409.777335984095,13794.9125248509,8995.70576540755,503,28.3079488529833,22.6389970353578,0.600346603466805,0.96360153256705,0.781055900621118,-0.239199519928319,FAHNSCC_15,HN,1,FAHNSCC_15,tumor cells,,carcinoma_in_situ_FAHNSCC_15_2
10566,12054,12622.0451807229,184.46686746988,72.7560240963855,600.996987951807,19.8765060240964,3108.47289156627,474.201807228916,206.210843373494,950.246987951807,4859.8765060241,412.256024096386,1782.80722891566,968.340361445783,3489.93072289157,359.301204819277,129.213855421687,986.132530120482,2757.43373493976,1041.78915662651,388.915662650602,968.954819277108,2405.52108433735,4286.02409638554,2703.36445783133,582.364457831325,1290.32530120482,311.515060240964,118.768072289157,1004.79518072289,415.0,14437.0361445783,8628.02108433735,332,23.2793239101122,18.1949748777975,0.623787749059799,0.96231884057971,0.752834467120181,0.873698426871302,FAHNSCC_15,HN,1,FAHNSCC_15,Ki67+ tumor cells,,carcinoma_in_situ_FAHNSCC_15_2
10576,12064,27862.4297752809,401.306179775281,95.0252808988764,612.477528089888,164.587078651685,7074.75,1053.86797752809,245.019662921348,985.887640449438,10182.3483146067,773.957865168539,171.13202247191,954.081460674157,8430.29494382023,516.831460674157,289.418539325843,1252.23876404494,5798.25280898876,668.502808988764,413.710674157303,975.418539325843,5422.85112359551,332.191011235955,6638.59550561798,1176.73314606742,1292.1404494382,341.561797752809,153.098314606742,1038.23314606742,413.629213483146,14389.9887640449,9018.36235955056,356,22.3734330181762,20.3083167083729,0.419624404247455,0.959568733153639,0.770562770562771,0.541749474385573,FAHNSCC_15,HN,1,FAHNSCC_15,stromal cells,,carcinoma_in_situ_FAHNSCC_15_2
10669,12182,30298.751497006,392.62874251497,136.895209580838,621.320359281437,937.320359281437,7317.02395209581,814.248502994012,256.961077844311,977.802395209581,10666.5628742515,677.655688622755,165.299401197605,957.98502994012,8403.72155688623,504.254491017964,185.988023952096,1378.34730538922,5930.2005988024,748.946107784431,428.425149700599,976.293413173653,6236.37724550898,351.461077844311,8414.00299401198,1444.97005988024,1531.34431137725,352.766467065868,132.637724550898,1023.50299401198,419.637724550898,14603.8832335329,8939.76047904192,334,23.1834863372784,18.6020588290913,0.596808087956905,0.962536023054755,0.764302059496568,-0.296404839201212,FAHNSCC_15,HN,1,FAHNSCC_15,stromal cells,,carcinoma_in_situ_FAHNSCC_15_2
10686,12201,10282.0891089109,190.267326732673,73.2722772277228,602.217821782178,238.410891089109,2589.77227722772,573.222772277228,198.079207920792,956.792079207921,4011.15346534654,436.920792079208,165.485148514852,946.277227722772,3780.12871287129,464.683168316832,151.0,1095.88118811881,3200.79207920792,563.326732673267,388.207920792079,981.351485148515,3100.51485148515,268.440594059406,6413.0297029703,3745.59405940594,1641.4801980198,342.861386138614,142.475247524752,1028.32673267327,420.064356435644,14309.9653465347,9230.69801980198,202,16.6642910125518,15.4596680568589,0.37329593286964,0.952830188679245,0.742647058823529,-0.767154757700398,FAHNSCC_15,HN,1,FAHNSCC_15,endothelial cells,,carcinoma_in_situ_FAHNSCC_15_2
10688,12203,6674.59317585302,103.832020997375,70.8897637795276,601.225721784777,17.2887139107612,1599.69816272966,448.430446194226,211.758530183727,954.53280839895,2472.61417322835,400.023622047244,1613.78477690289,1014.49606299213,1760.70341207349,398.304461942257,133.149606299213,1058.60892388451,1391.9501312336,1656.31758530184,385.679790026247,981.257217847769,972.406824146982,339.377952755906,2993.56692913386,577.446194225722,801.543307086614,323.992125984252,126.61154855643,1003.43307086614,411.994750656168,13827.2073490814,8865.95275590551,381,25.2257778014903,19.7888337528154,0.620168379767806,0.940740740740741,0.732692307692308,-1.25035443555589,FAHNSCC_15,HN,1,FAHNSCC_15,tumor cells,,carcinoma_in_situ_FAHNSCC_15_2
10691,12207,3862.1592920354,103.522123893805,53.6216814159292,601.805309734513,12.9911504424779,869.367256637168,404.780973451327,213.174778761062,955.652654867257,1653.84513274336,397.54203539823,2373.59734513274,991.241150442478,1391.5907079646,392.619469026549,150.807522123894,1082.54424778761,1600.42920353982,2306.57300884956,324.703539823009,973.157079646018,807.95796460177,344.314159292035,3190.46902654867,570.002212389381,803.462389380531,277.015486725664,112.37610619469,1002.15486725664,410.073008849558,13559.9336283186,8424.02654867257,452,28.3258866410989,20.4490624575646,0.691975113425617,0.967880085653105,0.724358974358974,-0.856971387322952,FAHNSCC_15,HN,1,FAHNSCC_15,tumor cells,,carcinoma_in_situ_FAHNSCC_15_2
10738,12261,9059.67620751342,140.686940966011,70.6189624329159,598.862254025045,16.5545617173524,2132.08050089445,444.175313059034,228.729874776386,950.726296958855,3523.22003577818,428.30053667263,595.273703041145,1062.1252236136,2610.95348837209,387.273703041145,162.62969588551,1108.61717352415,1751.79069767442,1197.46511627907,393.060822898032,1048.9373881932,1238.0,2368.84973166369,2729.16100178891,578.343470483005,858.291592128801,280.25939177102,111.649373881932,1003.2343470483,411.729874776386,13777.8890876565,8638.4740608229,559,29.8260488066985,23.9894641937932,0.594206517521432,0.972173913043478,0.766803840877915,-0.754749254808646,FAHNSCC_15,HN,1,FAHNSCC_15,Ki67+ tumor cells,,carcinoma_in_situ_FAHNSCC_15_2
10785,12312,11463.891588785,182.785046728972,82.4598130841122,602.801869158879,24.7046728971963,2930.30841121495,496.003738317757,245.631775700935,950.057943925234,4463.56261682243,434.347663551402,1188.57943925234,1025.04299065421,2843.67289719626,396.469158878505,152.566355140187,1095.0261682243,2128.68037383178,1182.55327102804,399.957009345794,1092.23925233645,1572.35140186916,499.293457943925,2124.53457943925,577.259813084112,845.560747663551,280.216822429907,112.614953271028,1003.56448598131,411.342056074766,13246.2710280374,8535.18130841122,535,32.5233322792209,20.9829660794422,0.764041964048059,0.965703971119134,0.796130952380952,-0.124360624060381,FAHNSCC_15,HN,1,FAHNSCC_15,tumor cells,,carcinoma_in_situ_FAHNSCC_15_2
10861,12395,15636.7292225201,156.949061662198,61.2734584450402,604.538873994638,50.3780160857909,4224.53887399464,2459.82841823056,203.522788203753,950.056300268096,6411.20643431635,532.761394101877,612.986595174263,973.927613941019,4670.71849865952,708.415549597855,183.908847184987,1136.90616621984,3236.76407506702,2264.02144772118,387.611260053619,977.981233243968,2629.65147453083,815.369973190349,4839.7399463807,578.418230563003,1221.00804289544,297.965147453083,496.932975871314,1031.17694369973,413.292225201072,14099.8391420912,8718.90080428954,373,27.0624999560216,17.6691003823187,0.757444302729624,0.961340206185567,0.706439393939394,-0.887010930743551,FAHNSCC_15,HN,1,FAHNSCC_15,Ki67+ tumor cells,,carcinoma_in_situ_FAHNSCC_15_2
10867,12402,8244.28491620112,217.011173184358,85.3351955307263,602.513966480447,9.95810055865922,1930.11731843575,497.488826815643,240.846368715084,947.374301675978,3021.22625698324,456.170391061453,894.678770949721,992.262569832402,2670.38268156425,426.134078212291,155.346368715084,951.927374301676,1882.6843575419,1193.08100558659,420.790502793296,1006.67597765363,1434.50558659218,11744.4469273743,2128.27374301676,573.77374301676,1073.53351955307,386.91061452514,128.27094972067,1016.91620111732,419.254189944134,14276.2458100559,8094.54189944134,358,23.7099741839063,19.3073880870604,0.580423163918016,0.952127659574468,0.71031746031746,-1.12980791716135,FAHNSCC_15,HN,1,FAHNSCC_15,Ki67+ tumor cells,,carcinoma_in_situ_FAHNSCC_15_2
10869,12405,8572.95918367347,159.877551020408,78.1150278293136,599.072356215213,15.8497217068646,1890.52319109462,418.178107606679,228.773654916512,952.948051948052,3017.7439703154,373.669758812616,1911.00556586271,1001.29128014842,2171.8905380334,368.961038961039,161.883116883117,1130.68645640074,1764.56400742115,1043.82189239332,390.634508348794,1103.91280148423,1236.85157699443,570.897959183674,1728.70686456401,571.445269016698,739.567717996289,235.230055658627,102.512059369202,976.706864564007,406.792207792208,13503.0278293135,8562.05380333952,539,31.9760897892067,21.4996593449916,0.740218186028024,0.969424460431655,0.802083333333333,1.51258203172392,FAHNSCC_15,HN,1,FAHNSCC_15,tumor cells,,carcinoma_in_situ_FAHNSCC_15_2
10872,12408,9600.35304659498,231.431899641577,84.3118279569893,606.951612903226,17.0519713261649,2208.41397849462,518.05017921147,246.064516129032,961.921146953405,3286.2688172043,443.566308243728,1771.0017921147,1174.75089605735,2239.33333333333,403.498207885305,163.867383512545,1137.78315412186,1687.89426523298,921.433691756272,393.335125448029,1046.22759856631,1153.77240143369,392.025089605735,3223.24193548387,576.629032258065,816.956989247312,262.60394265233,108.664874551971,984.347670250896,411.908602150538,14356.1792114695,8507.17562724014,558,29.1567948410872,24.4022316565702,0.547308090275265,0.975524475524476,0.797142857142857,1.03076218191469,FAHNSCC_15,HN,1,FAHNSCC_15,tumor cells,,carcinoma_in_situ_FAHNSCC_15_2
10874,12410,14007.5802816901,198.743661971831,80.8732394366197,598.242253521127,18.4281690140845,3501.78028169014,486.983098591549,210.825352112676,950.430985915493,4864.65070422535,390.549295774648,1190.34366197183,1038.55774647887,3946.4,399.301408450704,140.842253521127,1014.89577464789,2853.75774647887,1326.37746478873,383.732394366197,1066.28732394366,2619.80281690141,845.123943661972,2013.45352112676,578.670422535211,1001.0676056338,278.577464788732,113.608450704225,992.619718309859,412.154929577465,13961.8563380282,9183.21126760563,355,25.7916436911257,17.5290581109519,0.733544908061867,0.956873315363881,0.701581027667984,-0.904797266166853,FAHNSCC_15,HN,1,FAHNSCC_15,Ki67+ tumor cells,,carcinoma_in_situ_FAHNSCC_15_2
10887,12425,8849.33700440529,99.7819383259912,64.5220264317181,598.530837004405,17.352422907489,2024.90748898678,390.947136563877,184.189427312775,943.942731277533,3211.60352422908,369.013215859031,1600.60572687225,973.469162995595,2435.60572687225,395.422907488987,123.867841409692,979.645374449339,2236.25330396476,1171.12555066079,377.691629955947,975.539647577092,1927.25110132159,1475.26651982379,2266.21806167401,575.625550660793,1068.05726872247,277.046255506608,115.513215859031,1005.68061674009,413.4140969163,13763.1916299559,9108.63876651982,454,29.7660666253239,19.5331455849761,0.754567944714314,0.959830866807611,0.704968944099379,-0.514956516561557,FAHNSCC_15,HN,1,FAHNSCC_15,Ki67+ tumor cells,,carcinoma_in_situ_FAHNSCC_15_2
10906,12445,6148.89903846154,194.550480769231,87.1201923076923,603.242788461539,20.0048076923077,1519.95913461538,451.71875,183.396634615385,944.302884615385,2330.96875,372.850961538462,1760.28846153846,982.4375,1945.78605769231,365.03125,122.579326923077,1070.90625,1595.99278846154,1661.98076923077,378.757211538462,961.15625,1252.30288461538,405.704326923077,1939.20192307692,579.0,880.454326923077,258.694711538462,113.423076923077,997.552884615385,410.211538461538,14260.1875,8939.18990384615,416,29.8450940659512,17.8954248141072,0.800292151658537,0.962962962962963,0.729824561403509,0.173290046425441,FAHNSCC_15,HN,1,FAHNSCC_15,tumor cells,,carcinoma_in_situ_FAHNSCC_15_2
10925,12469,10489.1199040767,239.812949640288,104.601918465228,604.486810551559,17.3453237410072,844.992805755396,492.035971223022,174.959232613909,924.280575539568,4485.86810551559,471.776978417266,683.374100719424,1164.68345323741,2699.04076738609,384.589928057554,164.73381294964,1018.68105515588,2001.64508393285,1300.99040767386,406.916067146283,988.901678657074,1408.3860911271,4662.52038369305,897.045563549161,572.880095923261,912.916067146283,330.865707434053,123.326139088729,1001.78657074341,416.112709832134,13079.2254196643,8677.47242206235,417,24.6072798169469,21.7290264789681,0.469311942984385,0.963048498845266,0.789772727272727,-0.482869179774689,FAHNSCC_15,HN,1,FAHNSCC_15,Ki67+ tumor cells,,carcinoma_in_situ_FAHNSCC_15_2
10967,12518,5646.31106471816,102.329853862213,64.5302713987474,604.288100208768,21.8580375782881,1284.63674321503,410.918580375783,188.425887265136,944.156576200418,2087.29853862213,378.847599164927,1640.26513569937,1036.0981210856,1588.07098121086,348.154488517745,127.083507306889,1017.72860125261,1354.83507306889,569.465553235908,374.590814196242,946.661795407098,1115.20876826722,3267.18580375783,4394.75574112735,581.914405010438,791.895615866388,275.434237995825,112.565762004175,1008.13987473904,410.503131524008,14101.8413361169,9202.83924843424,479,29.7101626662643,20.67335708573,0.718202134751714,0.971602434077079,0.743788819875776,-0.504001660528223,FAHNSCC_15,HN,1,FAHNSCC_15,Ki67+ tumor cells,,carcinoma_in_situ_FAHNSCC_15_2
11005,12561,17473.3568904594,461.742049469965,143.766784452297,609.893992932862,244.367491166078,4021.86219081272,806.968197879859,216.660777385159,961.628975265018,5562.95053003534,557.936395759717,178.855123674912,972.360424028268,3551.34628975265,467.247349823322,194.409893992933,1230.00706713781,1833.83038869258,566.643109540636,390.918727915194,964.975265017668,1136.06007067138,276.611307420495,8022.98586572438,707.462897526502,872.031802120141,314.053003533569,130.229681978799,1040.90812720848,414.685512367491,14336.1166077739,8977.90812720848,283,20.466902328134,17.8245457756647,0.491467142799848,0.943333333333333,0.744736842105263,1.40279530314225,FAHNSCC_15,HN,1,FAHNSCC_15,stromal cells,,carcinoma_in_situ_FAHNSCC_15_2
11084,12651,18460.9164179105,433.397014925373,152.925373134328,613.110447761194,409.438805970149,4715.99701492537,824.889552238806,272.217910447761,979.304477611941,7151.25671641791,723.916417910448,175.307462686567,951.988059701492,6693.94328358209,548.020895522388,203.134328358209,1436.48059701493,5055.42686567164,848.611940298507,429.14328358209,985.083582089552,5105.01194029851,379.925373134328,11222.1492537313,1106.51940298507,1733.36417910448,406.650746268657,138.140298507463,1043.51044776119,424.75223880597,14780.6805970149,8717.34029850746,335,20.9173973280917,20.4113965410473,0.218622227925341,0.968208092485549,0.797619047619048,-0.519030426168821,FAHNSCC_15,HN,1,FAHNSCC_15,stromal cells,,carcinoma_in_situ_FAHNSCC_15_2
11119,12695,5106.65934065934,147.040293040293,71.018315018315,603.172161172161,14.0695970695971,1283.2380952381,472.772893772894,223.783882783883,943.695970695971,1970.25274725275,402.424908424909,1671.24542124542,1006.336996337,1489.79853479853,385.626373626374,141.945054945055,1064.86080586081,1222.92307692308,1464.27106227106,394.879120879121,958.893772893773,870.373626373626,407.703296703297,1493.31501831502,576.076923076923,804.666666666667,286.70695970696,113.040293040293,997.355311355311,413.263736263736,13181.9157509158,8561.63736263736,273,20.5387768845419,16.9472234632924,0.56493845851367,0.964664310954064,0.802941176470588,-0.375249261953949,FAHNSCC_15,HN,1,FAHNSCC_15,tumor cells,,carcinoma_in_situ_FAHNSCC_15_2
11259,12848,23036.3909465021,462.942386831276,330.234567901235,602.201646090535,113.786008230453,6487.12757201646,1148.41563786008,223.123456790123,953.127572016461,9076.61316872428,512.609053497942,175.131687242798,958.543209876543,6157.77366255144,412.320987654321,215.588477366255,1109.42386831276,5782.02469135803,582.905349794239,400.43621399177,968.559670781893,5864.04526748971,294.860082304527,1749.69547325103,661.707818930041,2644.34979423868,328.77366255144,133.884773662551,983.135802469136,419.962962962963,14391.4074074074,8954.78600823045,243,20.0400849433248,15.4518513297071,0.636777998596951,0.964285714285714,0.799342105263158,-0.342211488245991,FAHNSCC_15,HN,1,FAHNSCC_15,Unknown,,carcinoma_in_situ_FAHNSCC_15_2
11304,12898,10995.8682170543,166.914728682171,94.6770025839793,601.007751937985,9.92248062015504,2261.33850129199,478.478036175711,232.780361757106,956.346253229974,3816.7338501292,431.28165374677,1787.09043927649,1003.42377260982,3379.73643410853,394.279069767442,145.062015503876,979.072351421189,1659.78294573643,2086.11369509044,398.568475452196,1260.37984496124,2089.78552971576,1772.31524547804,2120.6149870801,573.808785529716,1332.51679586563,323.072351421189,121.710594315245,1002.17054263566,418.829457364341,13659.5400516796,8292.80361757106,387,27.2396318929916,18.1092161767298,0.74701130002262,0.96029776674938,0.767857142857143,-1.42036257642266,FAHNSCC_15,HN,1,FAHNSCC_15,Ki67+ tumor cells,,carcinoma_in_situ_FAHNSCC_15_2
11321,12917,29639.203539823,291.181415929204,108.486725663717,614.893805309735,403.557522123894,7059.03097345133,711.83185840708,237.393805309735,1018.62831858407,10893.7168141593,625.181415929204,167.37610619469,959.853982300885,8166.87610619469,594.314159292035,153.504424778761,4880.98230088496,6239.50442477876,651.327433628319,400.893805309735,979.898230088496,6114.90707964602,303.491150442478,3742.14159292035,750.867256637168,1491.24778761062,326.057522123894,164.261061946903,1021.73451327434,415.070796460177,14290.6592920354,9138.2389380531,226,19.4450338052527,14.8122609073534,0.647870693564709,0.953586497890295,0.743421052631579,0.438257233830987,FAHNSCC_15,HN,1,FAHNSCC_15,effector CD8+ T cells,,carcinoma_in_situ_FAHNSCC_15_2
11336,12932,7184.37588652482,220.557919621749,85.2080378250591,596.035460992908,17.9645390070922,1877.4988179669,412.153664302601,186.479905437352,937.413711583924,2877.10874704492,382.042553191489,2780.05910165485,976.408983451537,2206.40189125296,361.385342789598,120.007092198582,985.340425531915,1920.55319148936,1061.13711583924,381.579196217494,965.721040189125,1712.99763593381,1015.87470449173,2245.57446808511,578.354609929078,1025.92671394799,297.075650118203,118.186761229314,1005.02600472813,413.54609929078,14022.6690307329,9050.18439716312,423,26.7673929713775,20.1901026755737,0.656553156750469,0.965753424657534,0.774725274725275,1.25979472551221,FAHNSCC_15,HN,1,FAHNSCC_15,Ki67+ tumor cells,,carcinoma_in_situ_FAHNSCC_15_2
11359,12955,7157.7421686747,208.679518072289,84.8361445783133,600.980722891566,27.7180722891566,1513.60240963855,466.272289156627,255.946987951807,958.903614457831,2433.0265060241,414.968674698795,1813.77590361446,1126.45301204819,2246.7734939759,405.24578313253,152.807228915663,1020.82168674699,1599.12771084337,1842.6,413.619277108434,998.069879518072,1092.24819277108,383.289156626506,2274.92530120482,573.877108433735,845.472289156627,288.571084337349,114.33734939759,1000.6578313253,419.026506024096,13681.4120481928,8211.6,415,29.5837443839275,17.8860580057333,0.796536272340741,0.976470588235294,0.725524475524476,-0.978567122780568,FAHNSCC_15,HN,1,FAHNSCC_15,tumor cells,,carcinoma_in_situ_FAHNSCC_15_2
11362,12959,19084.4290540541,336.094594594595,127.162162162162,616.716216216216,712.976351351351,5202.65878378378,631.695945945946,208.787162162162,963.537162162162,7429.66554054054,525.304054054054,190.219594594595,955.716216216216,6088.44594594595,553.881756756757,145.929054054054,1048.08783783784,5445.81418918919,619.506756756757,397.567567567568,963.101351351351,5132.38513513514,256.993243243243,1158.46621621622,608.462837837838,2079.875,355.969594594595,135.864864864865,1018.18581081081,420.341216216216,14001.2601351351,9790.62162162162,296,22.4883315091503,16.8533864044469,0.662085794757784,0.954838709677419,0.757033248081842,-1.31780565983256,FAHNSCC_15,HN,1,FAHNSCC_15,stromal cells,,carcinoma_in_situ_FAHNSCC_15_2
11398,13002,12364.7737226277,261.245742092457,97.2141119221411,607.525547445256,15.3771289537713,2697.25060827251,510.30900243309,266.38199513382,961.435523114355,4313.46228710462,406.720194647202,2472.4501216545,990.248175182482,2740.78588807786,363.051094890511,159.883211678832,1068.93187347932,2247.09732360097,798.715328467153,392.652068126521,1059.89781021898,1712.38929440389,310.8199513382,1918.61800486618,578.537712895377,863.85401459854,281.588807785888,114.141119221411,984.766423357664,410.435523114355,13296.3454987835,8962.21654501217,411,24.3824562134216,21.5969185637649,0.464150255840954,0.953596287703016,0.714782608695652,-0.330068002065407,FAHNSCC_15,HN,1,FAHNSCC_15,tumor cells,,carcinoma_in_situ_FAHNSCC_15_2
11416,13023,11808.0816944024,179.88502269289,81.6883509833586,601.729198184569,11.2102874432678,2753.21331316188,541.349470499244,301.729198184569,963.328290468986,4514.32375189107,458.220877458396,3301.13161875946,1050.0726172466,3415.39788199697,390.354009077156,174.827534039334,1081.44780635401,1809.25113464448,1095.53252647504,398.960665658094,1055.54160363086,1885.20121028744,349.328290468986,2164.98335854766,576.791225416036,954.093797276853,287.096822995461,114.965204236006,993.891074130106,411.512859304085,13607.7594553707,8413.10136157337,661,31.8533221298719,26.561213929564,0.551975866347751,0.972058823529412,0.759770114942529,0.697027788379752,FAHNSCC_15,HN,1,FAHNSCC_15,tumor cells,,carcinoma_in_situ_FAHNSCC_15_2
11420,13028,6359.75253549696,247.563894523327,85.8073022312373,605.04462474645,9.22718052738337,1343.42393509128,510.184584178499,258.186612576065,955.196754563894,2228.90060851927,448.533468559838,1685.3752535497,1121.74442190669,1899.96957403651,410.545638945233,174.212981744422,1048.00202839757,1395.97971602434,1516.81947261663,420.576064908722,1012.91480730223,1008.77687626775,353.647058823529,2987.96551724138,573.756592292089,886.748478701826,330.657200811359,120.90060851927,1006.91480730223,415.971602434077,13835.5659229209,8256.93509127789,493,28.7903909085485,21.8606776349306,0.650735316014158,0.962890625,0.765527950310559,-0.376251567271145,FAHNSCC_15,HN,1,FAHNSCC_15,tumor cells,,carcinoma_in_situ_FAHNSCC_15_2
11469,13081,5705.49425287356,189.547126436782,88.7172413793104,606.287356321839,10.9218390804598,1348.16781609195,447.002298850575,207.252873563218,948.48275862069,2281.71264367816,388.737931034483,5371.25747126437,953.386206896552,2430.08735632184,375.137931034483,124.993103448276,931.252873563218,1992.65977011494,1102.44367816092,414.041379310345,959.43908045977,1828.6275862069,385.218390804598,3054.19770114943,577.045977011494,1340.53793103448,347.864367816092,123.202298850575,1001.31264367816,419.597701149425,14277.4873563218,8280.81149425287,435,26.5969866913791,20.9008990542141,0.618433539337146,0.970982142857143,0.828571428571429,0.374817943712376,FAHNSCC_15,HN,1,FAHNSCC_15,tumor cells,,carcinoma_in_situ_FAHNSCC_15_2
11474,13088,10325.5621301775,156.049309664694,84.163708086785,597.846153846154,17.9033530571992,2464.84615384615,458.615384615385,228.157790927022,953.280078895464,3620.49112426036,405.739644970414,1322.59566074951,1056.38461538462,2534.3865877712,375.917159763314,152.925049309665,1062.73964497041,2008.17554240631,706.240631163708,380.199211045365,1043.25641025641,1690.02564102564,300.546351084813,2313.37475345168,579.041420118343,774.341222879684,262.05325443787,110.785009861933,981.297830374753,408.925049309665,14022.2307692308,9178.52465483235,507,31.6812613286527,20.3880496918685,0.765415381146015,0.958412098298677,0.695473251028807,0.803315143164792,FAHNSCC_15,HN,1,FAHNSCC_15,tumor cells,,carcinoma_in_situ_FAHNSCC_15_2
11480,13095,11920.4614035088,195.733333333333,78.1052631578947,607.221052631579,243.628070175439,3148.3,488.319298245614,192.215789473684,951.577192982456,4792.1649122807,443.382456140351,155.90350877193,941.00701754386,3563.08947368421,445.936842105263,132.610526315789,1036.32456140351,3124.91578947368,569.173684210526,390.549122807018,963.266666666667,2969.61929824561,242.485964912281,659.731578947369,2631.18947368421,1402.43157894737,349.559649122807,278.71052631579,1036.21403508772,416.0,13824.4578947368,9781.01052631579,570,38.8956427198923,18.8224547765327,0.875111169294995,0.95959595959596,0.659722222222222,-1.12771369552763,FAHNSCC_15,HN,1,FAHNSCC_15,endothelial cells,,carcinoma_in_situ_FAHNSCC_15_2
11520,13142,10564.6010498688,198.766404199475,93.2860892388452,605.58530183727,10.4619422572178,2493.93175853018,505.603674540682,235.721784776903,954.929133858268,4333.14173228347,436.202099737533,1985.86614173228,1099.47244094488,3614.19947506562,397.118110236221,151.076115485564,991.879265091864,1722.68503937008,1597.89501312336,408.01312335958,1097.22309711286,2167.96587926509,2002.64566929134,1816.16535433071,574.496062992126,1183.70603674541,309.41469816273,119.790026246719,1004.06824146982,419.887139107612,13691.4146981627,8316.97637795276,381,24.7528602744345,19.6379288126349,0.608752771642716,0.962121212121212,0.788819875776398,-0.587924073968477,FAHNSCC_15,HN,1,FAHNSCC_15,Ki67+ tumor cells,,carcinoma_in_situ_FAHNSCC_15_2
11535,13160,4061.77777777778,181.271111111111,90.8222222222222,604.937777777778,9.31111111111111,904.991111111111,441.728888888889,213.946666666667,957.44,1675.82666666667,447.871111111111,2344.62666666667,948.631111111111,1775.88,477.968888888889,136.253333333333,919.124444444444,1565.61777777778,2936.20444444445,425.377777777778,950.675555555556,1348.83555555556,358.991111111111,4410.6,577.213333333333,1287.94666666667,397.377777777778,136.395555555556,1014.81777777778,425.84,14365.6888888889,8102.04,225,19.1131564865201,15.0179783530658,0.618556460908884,0.949367088607595,0.740131578947369,-1.22406266760996,FAHNSCC_15,HN,1,FAHNSCC_15,tumor cells,,carcinoma_in_situ_FAHNSCC_15_2
11542,13169,24521.652173913,284.055900621118,104.260869565217,613.850931677019,195.83850931677,6265.47826086957,744.378881987578,225.329192546584,972.515527950311,9693.71118012422,547.372670807454,155.729813664596,949.922360248447,8279.86645962733,543.568322981367,181.807453416149,1121.42546583851,5982.74534161491,612.922360248447,409.239130434783,974.254658385093,6361.26086956522,304.093167701863,6443.46894409938,1219.39440993789,2056.25155279503,381.273291925466,140.534161490683,1044.18944099379,421.295031055901,14472.0527950311,9164.41925465838,322,20.8701329382317,19.7056713119114,0.329360067956319,0.955489614243324,0.766666666666667,1.52987014489687,FAHNSCC_15,HN,1,FAHNSCC_15,stromal cells,,carcinoma_in_situ_FAHNSCC_15_2
11550,13179,23025.8620689655,410.301724137931,116.577586206897,608.275862068966,69.1163793103448,5804.96120689655,731.685344827586,231.85775862069,956.719827586207,8224.06034482759,504.831896551724,183.659482758621,967.370689655172,6852.43103448276,521.146551724138,238.590517241379,985.918103448276,5510.40948275862,670.646551724138,405.922413793103,963.89224137931,5172.51293103448,294.422413793103,3432.99568965517,1031.0775862069,2282.91379310345,390.883620689655,150.702586206897,1031.5,427.637931034483,13897.025862069,9468.14224137931,232,22.8236052791132,13.0802693528785,0.819483567967628,0.946938775510204,0.644444444444445,-0.814743964439979,FAHNSCC_15,HN,1,FAHNSCC_15,stromal cells,,carcinoma_in_situ_FAHNSCC_15_2
11554,13183,10912.5141800247,152.854500616523,68.8545006165228,598.801479654747,20.7336621454994,2710.90382244143,428.230579531443,224.130702836005,949.40813810111,4036.56226880395,383.801479654747,882.780517879162,1005.18618988903,2836.53144266338,381.646115906289,146.355117139334,1012.19975339088,2262.71270036991,1030.13440197287,381.805178791615,1076.30826140567,1937.83847102343,724.755856966708,2441.51911220715,579.001233045623,832.508014796548,266.893958076449,110.578298397041,997.939580764488,411.220715166461,13794.1824907522,9371.11220715166,811,38.3323410180645,27.5275165976779,0.695911330566966,0.957497048406139,0.693162393162393,0.416811487846663,FAHNSCC_15,HN,1,FAHNSCC_15,tumor cells,,carcinoma_in_situ_FAHNSCC_15_2
11573,13207,10103.1291079812,213.93896713615,76.5985915492958,602.394366197183,13.7535211267606,2742.94366197183,505.5,258.511737089202,961.394366197183,4398.14319248826,462.948356807512,1915.56572769953,1074.94366197183,2683.94835680751,430.81455399061,155.638497652582,1073.11971830986,1996.79812206573,1593.94366197183,406.708920187793,962.133802816901,1469.93192488263,1002.01643192488,2775.07746478873,582.394366197183,924.058685446009,308.582159624413,114.819248826291,1013.83802816901,413.720657276995,13306.5070422535,8468.68779342723,426,24.19877720581,22.4498323240879,0.373262183174711,0.961625282167043,0.771739130434783,0.520700526934101,FAHNSCC_15,HN,1,FAHNSCC_15,Ki67+ tumor cells,,carcinoma_in_situ_FAHNSCC_15_2
11648,13294,13867.0346820809,132.690751445087,62.393063583815,600.661849710983,16.3323699421965,3678.65028901734,515.843930635838,236.754335260116,945.297687861272,6636.24277456647,447.35549132948,599.653179190751,1169.95086705202,4289.35549132948,355.511560693642,142.228323699422,944.898843930636,4006.11560693642,867.413294797688,404.265895953757,960.867052023121,3022.47976878613,1158.12716763006,1906.30057803468,576.349710982659,1588.9161849711,325.838150289017,122.85549132948,1022.09248554913,419.656069364162,13771.1820809249,8450.50289017341,346,23.5008139521088,18.851157142888,0.597123768825229,0.969187675070028,0.791762013729977,-0.393728245774179,FAHNSCC_15,HN,1,FAHNSCC_15,Ki67+ tumor cells,,carcinoma_in_situ_FAHNSCC_15_2
11677,13324,18352.298245614,288.163742690059,81.7017543859649,610.356725146199,38.0526315789474,4480.9298245614,748.508771929825,237.888888888889,960.023391812866,6695.12865497076,601.953216374269,196.415204678363,993.204678362573,5455.0701754386,471.140350877193,212.450292397661,1122.34502923977,2850.84210526316,738.736842105263,452.33918128655,965.397660818714,2046.77192982456,405.099415204678,1700.02923976608,1216.47368421053,1110.30409356725,353.824561403509,148.614035087719,1037.49707602339,420.017543859649,14617.6081871345,8436.52631578947,171,16.5151357245055,13.2713211009083,0.595189538942641,0.94475138121547,0.763392857142857,1.14231940634321,FAHNSCC_15,HN,1,FAHNSCC_15,stromal cells,,carcinoma_in_situ_FAHNSCC_15_2
11721,13377,21101.40625,706.234375,112.21875,610.9296875,706.2734375,5198.078125,875.59375,207.1953125,981.109375,7071.7890625,916.4453125,166.0625,937.203125,5497.296875,729.5,715.34375,1084.1640625,4610.625,591.921875,393.203125,961.8828125,4445.140625,267.3828125,2755.953125,797.5234375,1632.15625,363.59375,314.8125,1038.6484375,418.9609375,13831.21875,9728.0703125,128,14.2318232269907,11.4667118684124,0.592311215621405,0.962406015037594,0.757396449704142,0.913000633003964,FAHNSCC_15,HN,1,FAHNSCC_15,CD4+ T cells,,carcinoma_in_situ_FAHNSCC_15_2
11722,13378,5265.78444444444,214.357777777778,82.2288888888889,601.215555555556,16.8,1241.62888888889,509.871111111111,244.808888888889,946.366666666667,2043.16666666667,429.413333333333,1800.34444444444,986.931111111111,1454.35777777778,412.308888888889,160.028888888889,1007.11777777778,1216.19333333333,886.482222222222,394.471111111111,954.075555555556,909.364444444444,308.133333333333,2687.64888888889,573.715555555556,910.682222222222,339.766666666667,121.726666666667,999.891111111111,413.851111111111,13772.7222222222,8956.54888888889,450,26.862391016367,21.4555153517053,0.601703556920597,0.957446808510638,0.75,-0.535203724091007,FAHNSCC_15,HN,1,FAHNSCC_15,tumor cells,,carcinoma_in_situ_FAHNSCC_15_2
11743,13400,7127.94368932039,185.512621359223,90.3320388349515,600.036893203884,22.6252427184466,1598.12038834951,451.51067961165,198.295145631068,952.254368932039,2668.73786407767,398.770873786408,3663.3786407767,973.017475728155,2147.19417475728,376.836893203884,142.182524271845,959.607766990291,1869.01941747573,1193.59223300971,391.871844660194,945.625242718447,1539.86990291262,341.233009708738,2300.6,574.730097087379,1114.12815533981,331.846601941748,124.772815533981,1013.05825242718,418.553398058252,13953.5417475728,8561.04854368932,515,35.009813946027,18.8292985398261,0.84305385560884,0.969868173258004,0.797213622291022,0.170793603974179,FAHNSCC_15,HN,1,FAHNSCC_15,tumor cells,,carcinoma_in_situ_FAHNSCC_15_2
11768,13431,12841.1101449275,214.750724637681,94.8376811594203,599.292753623188,16.7507246376812,3138.41739130435,510.68115942029,214.208695652174,951.524637681159,5157.64347826087,439.452173913043,1647.25217391304,969.408695652174,4018.15652173913,404.91884057971,139.768115942029,994.049275362319,3150.97971014493,1084.68405797101,390.478260869565,961.44347826087,2856.37971014493,1899.16231884058,2475.04347826087,578.666666666667,1555.71014492754,334.486956521739,122.382608695652,1007.54492753623,420.202898550725,14233.9594202899,8585.71594202899,345,22.2388594925441,19.7579510004388,0.458987666983054,0.971830985915493,0.784090909090909,0.123215614048279,FAHNSCC_15,HN,1,FAHNSCC_15,Ki67+ tumor cells,,carcinoma_in_situ_FAHNSCC_15_2
11817,13485,13196.4584717608,232.760797342193,86.9302325581395,604.408637873754,77.4285714285714,3506.43521594684,617.983388704319,202.734219269103,956.016611295681,5388.03986710963,1199.40199335548,297.833887043189,968.724252491694,4481.49833887043,559.966777408638,439.634551495017,1036.18936877076,3554.10299003322,562.059800664452,391.926910299003,963.162790697674,3350.4219269103,259.09634551495,484.787375415282,668.129568106312,1478.62790697674,342.139534883721,301.478405315615,1025.1561461794,416.09634551495,14229.292358804,9439.54485049834,301,20.9216867561074,18.4132933620418,0.474778010464452,0.95859872611465,0.792105263157895,-0.478744992979071,FAHNSCC_15,HN,1,FAHNSCC_15,M2 macrophages,,carcinoma_in_situ_FAHNSCC_15_2
11819,13487,7728.00821917808,224.753424657534,86.7287671232877,602.2,13.413698630137,2191.48493150685,447.624657534247,203.391780821918,948.991780821918,3516.9095890411,409.123287671233,3006.82739726027,957.219178082192,2799.76712328767,427.830136986301,121.317808219178,1013.15890410959,2591.21095890411,1673.48219178082,408.183561643836,961.506849315068,2147.12054794521,1596.62465753425,1937.15616438356,572.315068493151,1403.69589041096,330.139726027397,121.750684931507,1012.35616438356,417.482191780822,13272.2,8484.60547945206,365,25.2601771726674,18.4143692863046,0.684526338643688,0.955497382198953,0.760416666666667,-0.416221000954548,FAHNSCC_15,HN,1,FAHNSCC_15,Ki67+ tumor cells,,carcinoma_in_situ_FAHNSCC_15_2
11835,13503,19169.0244755245,502.566433566434,113.671328671329,629.381118881119,185.51048951049,4407.84965034965,6378.26573426573,216.258741258741,982.692307692308,6087.22027972028,1045.16433566434,216.853146853147,967.171328671329,3847.05594405594,583.195804195804,554.874125874126,1160.44405594406,2449.86363636364,582.094405594406,392.797202797203,985.020979020979,1587.29370629371,234.758741258741,895.961538461539,667.265734265734,786.153846153846,298.944055944056,197.751748251748,1014.08391608392,412.786713286713,14184.1433566434,9489.35664335665,286,19.757590168986,18.541229663681,0.345453723639248,0.962962962962963,0.836257309941521,-1.11006280231254,FAHNSCC_15,HN,1,FAHNSCC_15,M2 macrophages,,carcinoma_in_situ_FAHNSCC_15_2
11858,13533,8842.05283018868,209.307547169811,68.7433962264151,596.339622641509,15.6622641509434,1852.51132075472,440.68679245283,232.81320754717,953.262264150944,2994.77547169811,375.779245283019,2191.09811320755,1120.53396226415,2053.84905660377,356.301886792453,158.890566037736,1108.18301886792,1603.64339622642,705.805660377358,381.456603773585,992.456603773585,1077.93396226415,286.260377358491,2652.85660377359,579.447169811321,733.488679245283,237.222641509434,105.58679245283,978.962264150943,409.515094339623,13467.2169811321,9040.27547169811,530,28.1717359868118,23.976265674564,0.525043820932865,0.972477064220184,0.788690476190476,0.241868955021098,FAHNSCC_15,HN,1,FAHNSCC_15,tumor cells,,carcinoma_in_situ_FAHNSCC_15_2
11864,13539,5605.19859402461,136.198594024605,64.4182776801406,600.381370826011,10.0333919156415,1104.4165202109,410.240773286467,215.732864674868,954.107205623902,1891.44815465729,371.866432337434,4960.69771528998,981.836555360281,1666.49736379613,325.824253075571,137.015817223199,957.850615114236,1331.52724077329,850.884007029877,408.11072056239,999.298769771529,1003.29525483304,336.724077328647,2491.05272407733,571.288224956063,857.991212653779,304.455184534271,117.205623901582,1000.19683655536,413.449912126538,13867.9033391916,8201.19507908612,569,28.9083024193264,25.1621419391312,0.492323502940685,0.964406779661017,0.784827586206897,-0.191843501992942,FAHNSCC_15,HN,1,FAHNSCC_15,tumor cells,,carcinoma_in_situ_FAHNSCC_15_2
11866,13542,29540.1350574713,416.344827586207,124.284482758621,613.183908045977,121.112068965517,7161.82471264368,882.014367816092,265.261494252874,976.770114942529,10640.5747126437,722.094827586207,161.640804597701,962.112068965517,8533.27873563218,489.586206896552,181.045977011494,1326.62068965517,6338.87068965517,731.431034482759,417.060344827586,971.103448275862,6206.11206896552,358.008620689655,10508.0086206897,1906.08333333333,1615.4224137931,373.92816091954,137.520114942529,1050.64367816092,421.841954022989,14523.3965517241,9002.35632183908,348,21.6376898664679,20.4994731180383,0.320062092445802,0.96398891966759,0.789115646258503,-0.748678330354661,FAHNSCC_15,HN,1,FAHNSCC_15,endothelial cells,,carcinoma_in_situ_FAHNSCC_15_2
11884,13567,32965.1047297297,584.864864864865,104.287162162162,611.412162162162,333.935810810811,7752.94256756757,855.52027027027,244.641891891892,1024.84459459459,11483.4527027027,703.263513513514,165.486486486486,981.503378378378,8421.83783783784,611.871621621622,225.39527027027,1312.38851351351,5762.80067567568,678.868243243243,417.652027027027,979.810810810811,5396.31081081081,322.875,4975.82094594595,1576.66554054054,1264.90540540541,344.118243243243,141.959459459459,1025.84121621622,416.871621621622,14805.5472972973,8977.45945945946,296,21.1668474175701,17.8343669202842,0.538600427455983,0.954838709677419,0.74,-0.659689177558546,FAHNSCC_15,HN,1,FAHNSCC_15,CD4+ T cells,,carcinoma_in_situ_FAHNSCC_15_2
11906,13594,7884.75598086124,136.040669856459,60.8397129186603,598.985645933014,17.811004784689,1780.27990430622,387.141148325359,204.435406698565,948.44019138756,2742.11244019139,359.241626794258,1417.86363636364,1032.81100478469,1998.18421052632,373.356459330144,137.887559808612,979.901913875598,1759.96889952153,942.375598086125,381.691387559809,1066.22966507177,1460.16267942584,437.483253588517,1829.53588516746,577.459330143541,764.117224880383,254.904306220096,107.607655502392,979.397129186603,405.708133971292,13740.480861244,9091.88995215311,418,26.730682146867,19.9234947733103,0.666682532905841,0.965357967667436,0.774074074074074,0.203885285988276,FAHNSCC_15,HN,1,FAHNSCC_15,tumor cells,,carcinoma_in_situ_FAHNSCC_15_2
11943,13640,6301.64573991031,233.508968609865,87.8251121076233,596.589686098655,14.5896860986547,1705.46860986547,472.017937219731,245.12331838565,954.372197309417,2540.47757847534,411.035874439462,1762.71748878924,1042.04932735426,1790.16591928251,403.553811659193,148.443946188341,1085.07174887892,1376.11434977578,1763.37668161435,392.479820627803,987.742152466368,986.766816143498,1516.96860986547,2673.92600896861,574.894618834081,798.316143497758,273.331838565022,118.726457399103,1005.01121076233,410.12331838565,13271.9461883408,8938.4865470852,446,28.2082254057618,20.1766897826588,0.698841233707435,0.955032119914347,0.758503401360544,-0.246081024578961,FAHNSCC_15,HN,1,FAHNSCC_15,Ki67+ tumor cells,,carcinoma_in_situ_FAHNSCC_15_2
11967,13668,16343.1863354037,245.170807453416,91.2546583850932,603.900621118012,20.2950310559006,3658.40062111801,521.450310559006,278.388198757764,948.105590062112,5596.33850931677,470.512422360248,888.649068322981,1145.69565217391,4037.04037267081,392.624223602485,164.214285714286,1044.26708074534,2943.8198757764,1274.72049689441,393.708074534162,1137.6149068323,2281.26708074534,8392.45031055901,2396.39440993789,581.400621118012,935.015527950311,268.614906832298,116.05900621118,989.850931677019,412.285714285714,14489.2111801242,8709.91614906832,322,21.7984250265144,18.8667148318057,0.500894816636608,0.964071856287425,0.770334928229665,1.05233082259365,FAHNSCC_15,HN,1,FAHNSCC_15,Ki67+ tumor cells,,carcinoma_in_situ_FAHNSCC_15_2
11978,13680,9053.36337209303,239.395348837209,97.0697674418605,615.880813953488,749.543604651163,2255.64244186047,497.043604651163,183.956395348837,953.372093023256,3402.83720930233,475.014534883721,182.031976744186,950.043604651163,2965.66569767442,440.552325581395,148.220930232558,1206.27034883721,2576.39825581395,547.095930232558,388.017441860465,978.031976744186,2346.48255813954,236.636627906977,1187.6773255814,604.863372093023,1075.33430232558,310.020348837209,125.447674418605,1004.10465116279,412.668604651163,14083.5872093023,9715.72674418605,344,26.3452692147892,16.8648853020798,0.768251171407004,0.955555555555556,0.735042735042735,-1.34663656721491,FAHNSCC_15,HN,1,FAHNSCC_15,stromal cells,,carcinoma_in_situ_FAHNSCC_15_2
12021,13727,14432.8708971554,191.29102844639,96.1531728665208,603.021881838074,23.8840262582057,3387.92560175055,559.533916849015,256.277899343545,949.216630196936,5396.2056892779,464.849015317287,883.691466083151,993.969365426696,3598.56455142232,432.345733041576,163.678336980306,1090.71772428884,2532.5010940919,1371.64551422319,402.380743982495,1018.42013129103,2057.81181619256,1954.71553610503,2242.72866520788,575.938730853392,1038.06345733042,316.586433260394,118.415754923414,1012.58424507659,411.396061269147,13447.9168490153,8695.30196936543,457,27.9653459881814,20.8305139595543,0.667210954178268,0.970276008492569,0.764214046822743,0.551639923760086,FAHNSCC_15,HN,1,FAHNSCC_15,Ki67+ tumor cells,,carcinoma_in_situ_FAHNSCC_15_2
12078,13790,16287.6634615385,166.288461538462,71.9230769230769,609.608173076923,148.762019230769,4245.50480769231,637.173076923077,208.757211538462,959.540865384615,6201.73317307692,567.858173076923,175.40625,960.442307692308,5039.38461538462,569.326923076923,358.276442307692,1170.98557692308,3570.83413461538,608.528846153846,391.230769230769,973.391826923077,3192.70432692308,324.367788461538,3784.05288461538,964.382211538462,1233.55769230769,345.632211538462,241.230769230769,1026.50240384615,417.211538461538,14091.8894230769,9350.48798076923,416,30.3179468276783,17.565512505815,0.815059887091437,0.945454545454545,0.641975308641975,-0.960833790473714,FAHNSCC_15,HN,1,FAHNSCC_15,stromal cells,,carcinoma_in_situ_FAHNSCC_15_2
12081,13794,12810.1848101266,205.141772151899,81.0784810126582,597.59746835443,20.526582278481,3337.27088607595,491.230379746835,217.205063291139,950.805063291139,4989.98734177215,402.210126582278,1259.72911392405,1014.82784810127,3628.07594936709,380.820253164557,173.511392405063,1005.25063291139,2929.78734177215,965.635443037975,397.005063291139,1072.09367088608,2379.62784810127,543.622784810127,1663.81518987342,576.0,1166.81518987342,296.774683544304,120.913924050633,992.19746835443,412.979746835443,13116.4683544304,8939.10886075949,395,23.6552682864125,21.2921775730077,0.435677194849075,0.963414634146341,0.780632411067194,0.740726154063718,FAHNSCC_15,HN,1,FAHNSCC_15,tumor cells,,carcinoma_in_situ_FAHNSCC_15_2
12135,13859,8379.32388222465,133.266085059978,74.8189749182116,598.907306434024,19.030534351145,2086.92039258451,427.374045801527,226.396946564886,953.430752453653,3039.76990185387,369.85387131952,774.934569247546,1094.28244274809,2250.62377317339,373.424209378408,156.973827699019,1057.413304253,1676.37840785169,834.407851690295,379.075245365322,1068.41439476554,1285.88985823337,248.364231188659,2796.4667393675,578.663031624864,732.003271537623,246.802617230098,108.281352235551,983.53653217012,407.971646673937,13818.7208287895,9309.16466739368,917,46.3364414637822,25.3047582130156,0.837713980174103,0.969344608879493,0.682291666666667,0.515387918451644,FAHNSCC_15,HN,1,FAHNSCC_15,tumor cells,,carcinoma_in_situ_FAHNSCC_15_2
12178,13913,11219.6816479401,238.243445692884,95.3857677902622,601.00936329588,19.7228464419476,2781.27715355805,549.586142322097,264.241573033708,955.338951310861,4384.65917602996,472.284644194757,1455.1329588015,1137.02059925094,2977.35018726592,441.106741573034,164.808988764045,1050.93071161049,2337.15355805243,1796.86516853933,400.50936329588,1078.20224719101,1731.40074906367,580.280898876405,3720.91573033708,576.833333333333,963.503745318352,301.147940074906,119.166666666667,1011.91573033708,413.835205992509,14118.9981273408,8501.01123595506,534,34.3312248961804,19.8194503948814,0.816531418695251,0.972677595628415,0.681992337164751,-0.864175146480894,FAHNSCC_15,HN,1,FAHNSCC_15,tumor cells,,carcinoma_in_situ_FAHNSCC_15_2
12181,13916,5338.20175438597,413.092105263158,124.530701754386,601.412280701754,15.1337719298246,1231.89254385965,443.65350877193,209.478070175439,950.850877192982,2005.28728070175,393.030701754386,7160.12280701754,944.177631578947,2214.22807017544,366.870614035088,129.142543859649,965.219298245614,1783.04385964912,1063.99122807018,421.747807017544,963.675438596491,1372.45175438597,327.21052631579,1967.46052631579,572.892543859649,1093.49780701754,348.322368421053,122.894736842105,1005.56359649123,420.142543859649,13563.9364035088,8170.82675438597,456,27.9611472640896,20.9648287284761,0.66168234848415,0.982758620689655,0.76,0.843435771707295,FAHNSCC_15,HN,1,FAHNSCC_15,tumor cells,,carcinoma_in_situ_FAHNSCC_15_2
12198,13937,18200.7735042735,284.760683760684,96.2393162393162,601.418803418804,167.794871794872,4185.48717948718,2052.52136752137,205.752136752137,956.726495726496,6242.74358974359,445.833333333333,231.679487179487,969.931623931624,4012.28205128205,457.230769230769,166.824786324786,968.376068376068,3796.84188034188,804.653846153846,391.871794871795,969.538461538462,3038.4358974359,332.888888888889,2511.4358974359,580.320512820513,1522.86752136752,316.012820512821,311.538461538462,1004.12393162393,416.662393162393,13637.7136752137,9125.09829059829,234,25.6624612766913,11.6855890311056,0.890308784081043,0.936,0.75,0.0097703037184436,FAHNSCC_15,HN,1,FAHNSCC_15,M1/M0 macrophages,,carcinoma_in_situ_FAHNSCC_15_2
12231,13975,7222.37380952381,193.259523809524,81.3904761904762,602.27380952381,9.80952380952381,1522.52380952381,438.883333333333,233.807142857143,958.395238095238,2567.87619047619,379.17380952381,3948.20476190476,963.780952380952,2213.25952380952,361.178571428571,143.033333333333,932.25,1797.63571428571,1024.42619047619,413.895238095238,962.880952380952,1428.99285714286,353.016666666667,2451.93333333333,571.790476190476,1069.8380952381,333.854761904762,119.883333333333,985.580952380953,418.0,13906.4119047619,8192.59523809524,420,25.3112182549526,21.1278777711413,0.550668756743148,0.979020979020979,0.795454545454545,0.59075425071601,FAHNSCC_15,HN,1,FAHNSCC_15,tumor cells,,carcinoma_in_situ_FAHNSCC_15_2
12247,13994,8847.06588235294,166.312941176471,78.4823529411765,600.089411764706,16.3082352941176,2320.47294117647,422.818823529412,221.531764705882,956.272941176471,3608.76705882353,360.289411764706,1665.72,1010.36941176471,2411.16705882353,373.807058823529,145.129411764706,1063.92,1859.18588235294,1187.27058823529,382.221176470588,1134.87529411765,1303.09411764706,425.312941176471,1621.78588235294,571.030588235294,748.461176470588,237.345882352941,106.371764705882,990.682352941176,406.578823529412,13454.6,8854.64235294118,425,24.4206674380932,22.1962041350007,0.416990975274081,0.968109339407745,0.804924242424242,-0.226917412967947,FAHNSCC_15,HN,1,FAHNSCC_15,tumor cells,,carcinoma_in_situ_FAHNSCC_15_2
12266,14017,23763.9446808511,398.136170212766,113.740425531915,612.493617021277,43.5914893617021,6187.4,837.131914893617,235.017021276596,956.621276595745,9455.98723404255,577.68085106383,206.642553191489,959.302127659574,7626.97446808511,632.787234042553,775.2,975.557446808511,6845.49787234043,658.259574468085,418.23829787234,993.672340425532,7188.07234042553,311.148936170213,3388.56170212766,1291.05957446809,2890.01276595745,416.314893617021,260.225531914894,1043.9914893617,435.612765957447,13793.7744680851,9518.64680851064,235,21.7475053710081,13.7533783889434,0.774632397824406,0.955284552845528,0.746031746031746,-1.26263411257657,FAHNSCC_15,HN,1,FAHNSCC_15,Unknown,,carcinoma_in_situ_FAHNSCC_15_2
12298,14056,6367.50715746421,135.449897750511,83.4672801635992,606.842535787321,16.0633946830266,1506.46523517382,430.974437627812,215.370143149284,956.078732106339,2390.24028629857,429.354805725971,781.674846625767,1029.11145194274,1603.10940695297,375.467280163599,175.172801635992,1078.25153374233,1356.05828220859,622.051124744376,402.575664621677,997.197341513292,941.340490797546,250.984662576687,2314.59509202454,577.336400817996,824.335378323108,300.149284253579,113.886503067485,991.128834355828,411.71881390593,13205.7597137014,9304.8118609407,978,44.4285468865922,28.5208740476225,0.766747097442758,0.956011730205279,0.719117647058824,-1.15015407524044,FAHNSCC_15,HN,1,FAHNSCC_15,tumor cells,,carcinoma_in_situ_FAHNSCC_15_2
12306,14064,20017.3322580645,471.1,148.958064516129,624.309677419355,738.087096774194,5188.78064516129,664.241935483871,230.722580645161,964.809677419355,7272.84516129032,555.096774193548,167.706451612903,970.758064516129,5095.23548387097,416.677419354839,161.209677419355,1310.76451612903,3966.96129032258,628.270967741936,398.932258064516,996.725806451613,3008.64516129032,258.1,5398.8064516129,670.058064516129,828.390322580645,291.183870967742,128.474193548387,994.11935483871,411.061290322581,14383.164516129,9467.4064516129,310,22.970273534976,17.356227277253,0.655038906701786,0.950920245398773,0.738095238095238,0.70270159397102,FAHNSCC_15,HN,1,FAHNSCC_15,stromal cells,,carcinoma_in_situ_FAHNSCC_15_2
12417,14190,11304.1365187713,195.506825938567,73.0392491467577,602.945392491468,10.8703071672355,2450.88737201365,504.165529010239,247.563139931741,957.158703071672,3905.03754266212,415.88566552901,1955.20989761092,1114.68600682594,3162.01023890785,372.665529010239,177.469283276451,1011.25767918089,2256.17406143345,1184.92150170648,411.184300341297,1198.67235494881,1874.81058020478,1005.70989761092,3108.15699658703,574.602389078498,1035.5409556314,307.576791808874,119.460750853242,994.60409556314,416.945392491468,14291.5290102389,8316.79692832765,586,29.0869867638822,25.7592728436314,0.464459409747788,0.971807628524047,0.803840877914952,0.792218032065849,FAHNSCC_15,HN,1,FAHNSCC_15,Ki67+ tumor cells,,carcinoma_in_situ_FAHNSCC_15_2
12436,14209,10440.0302114804,185.151057401813,82.8821752265861,600.447129909366,31.9728096676737,2674.60725075529,467.634441087613,194.030211480363,947.492447129909,3859.583081571,408.836858006042,1178.95468277946,954.522658610272,3162.65558912387,327.256797583082,117.700906344411,992.966767371601,2606.14803625378,675.383685800604,385.175226586103,970.583081570997,2292.06042296073,530.419939577039,2833.89425981873,580.099697885196,1328.80060422961,308.845921450151,119.978851963746,1013.09365558912,415.102719033233,14352.9607250755,8785.48640483384,331,22.4840421386482,18.7758048023731,0.550139941410674,0.959420289855072,0.791866028708134,0.178249650084836,FAHNSCC_15,HN,1,FAHNSCC_15,tumor cells,,carcinoma_in_situ_FAHNSCC_15_2
12443,14217,32446.4224598931,667.566844919786,163.016042780749,617.72192513369,517.112299465241,8247.81818181818,5120.0320855615,250.529411764706,980.101604278075,12145.0481283422,614.454545454546,252.705882352941,1007.09625668449,9427.68449197861,695.192513368984,1593.94652406417,1071.88770053476,6940.62032085562,669.780748663102,407.267379679144,1007.83422459893,6444.86631016043,590.069518716578,1983.68449197861,634.577540106952,2808.08021390374,353.064171122995,421.695187165775,1007.61497326203,426.213903743316,13994.8609625668,8832.87700534759,187,17.7325653723981,13.4665149844164,0.650597390671099,0.939698492462312,0.733333333333333,0.981373154577875,FAHNSCC_15,HN,1,FAHNSCC_15,CD4+ T cells,,carcinoma_in_situ_FAHNSCC_15_2
12444,14218,30809.9045643154,356.912863070539,134.319502074689,610.286307053942,80.4522821576764,7331.36514522822,910.0622406639,253.02489626556,957.46887966805,10849.0248962656,610.721991701245,173.829875518672,943.033195020747,9410.63485477178,485.286307053942,192.92531120332,1129.11203319502,8133.53112033195,653.863070539419,405.817427385892,963.240663900415,9232.27800829876,338.784232365145,5855.27385892116,921.983402489626,3519.08713692946,400.659751037344,148.966804979253,1033.88381742739,432.182572614108,14337.1825726141,9106.87136929461,241,18.0442318010779,17.0188376760882,0.332301254640722,0.956349206349206,0.746130030959752,0.279625340259771,FAHNSCC_15,HN,1,FAHNSCC_15,stromal cells,,carcinoma_in_situ_FAHNSCC_15_2
12505,14286,8321.43624161074,242.744966442953,101.456375838926,616.510067114094,644.503355704698,2049.45637583893,481.577181208054,194.597315436242,934.288590604027,3462.18791946309,398.221476510067,269.295302013423,949.355704697986,2624.25503355705,341.214765100671,126.348993288591,972.691275167785,2644.54362416107,606.859060402685,394.51677852349,956.979865771812,2236.44295302013,328.61744966443,2715.20134228188,578.476510067114,1349.63087248322,331.926174496644,120.979865771812,1007.46308724832,413.738255033557,13280.2617449664,8615.02013422819,149,18.0014973128353,10.5371419713993,0.810782103831964,0.973856209150327,0.716346153846154,0.949073246145123,FAHNSCC_15,HN,1,FAHNSCC_15,stromal cells,,carcinoma_in_situ_FAHNSCC_15_2
12508,14289,4556.94809688581,228.418685121107,87.9965397923875,602.692041522491,14.7093425605536,1149.96885813149,433.235294117647,178.747404844291,945.833910034602,2090.0,378.598615916955,3430.50865051903,937.18339100346,1620.8339100346,448.965397923875,122.941176470588,1002.49826989619,1700.12802768166,1883.94809688581,386.598615916955,953.134948096886,1517.18685121107,360.391003460208,2928.40484429066,575.896193771626,1105.87197231834,303.647058823529,121.750865051903,1008.3598615917,412.57785467128,13289.3460207612,9062.33910034602,289,21.308851514698,17.3713013796005,0.579158048634603,0.953795379537954,0.764550264550265,1.31346093322566,FAHNSCC_15,HN,1,FAHNSCC_15,tumor cells,,carcinoma_in_situ_FAHNSCC_15_2
12538,14319,9653.45245901639,161.718032786885,75.4524590163935,598.059016393443,16.1409836065574,2477.05245901639,407.718032786885,188.481967213115,947.485245901639,3939.16393442623,387.554098360656,1944.65245901639,950.737704918033,2859.44918032787,399.518032786885,119.495081967213,1023.06229508197,2767.46229508197,1571.06557377049,387.783606557377,966.075409836066,2162.18360655738,1001.15737704918,2133.62295081967,571.862295081967,1292.92786885246,298.16393442623,117.495081967213,1008.0393442623,412.619672131148,13600.5114754098,8579.98032786885,305,22.1040027922191,17.6589226342498,0.601461781166566,0.950155763239875,0.77020202020202,-1.26185506575622,FAHNSCC_15,HN,1,FAHNSCC_15,Ki67+ tumor cells,,carcinoma_in_situ_FAHNSCC_15_2
12540,14321,11877.4878640777,162.330097087379,62.5752427184466,597.461165048544,24.0995145631068,2795.37621359223,439.820388349515,216.371359223301,949.46359223301,4041.01699029126,391.956310679612,913.68932038835,1155.32524271845,2705.38834951456,387.334951456311,151.631067961165,1001.31067961165,2312.32766990291,726.665048543689,387.543689320388,1021.29854368932,1991.67961165048,15791.1189320388,1149.19660194175,582.854368932039,849.364077669903,255.371359223301,114.162621359223,993.730582524272,407.638349514563,13530.4902912621,9572.33252427184,412,25.8887617870461,20.3370002637553,0.618794096355889,0.967136150234742,0.746376811594203,0.612611450236614,FAHNSCC_15,HN,1,FAHNSCC_15,Ki67+ tumor cells,,carcinoma_in_situ_FAHNSCC_15_2
12579,14367,8153.6696969697,199.3,74.3424242424242,599.275757575758,21.0333333333333,1933.59393939394,396.575757575758,185.951515151515,942.49696969697,3121.19696969697,341.884848484849,2676.34848484849,996.1,2209.41515151515,343.769696969697,118.890909090909,964.772727272727,2205.89090909091,662.651515151515,382.993939393939,958.284848484849,1950.17272727273,1175.59696969697,1363.98181818182,578.287878787879,1138.9696969697,284.012121212121,114.584848484848,995.012121212121,413.963636363636,13424.9575757576,9265.02121212121,330,24.4937285735634,17.229205050203,0.710781449531312,0.970588235294118,0.75,-0.928976343196071,FAHNSCC_15,HN,1,FAHNSCC_15,Ki67+ tumor cells,,carcinoma_in_situ_FAHNSCC_15_2
12628,14427,8914.59452054795,134.304109589041,73.1616438356165,600.202739726027,23.9178082191781,2446.2,537.978082191781,205.531506849315,949.175342465753,3650.08767123288,387.895890410959,1013.59178082192,997.298630136986,2815.69589041096,380.704109589041,134.698630136986,1009.78356164384,2371.90684931507,1258.65753424658,381.115068493151,954.635616438356,2277.06575342466,323.531506849315,2883.04931506849,587.786301369863,1267.75068493151,306.254794520548,127.254794520548,1015.08767123288,413.958904109589,14129.8410958904,9240.8904109589,365,26.4336260708785,17.6672086663411,0.743836928267166,0.94559585492228,0.701923076923077,0.402659768339523,FAHNSCC_15,HN,1,FAHNSCC_15,tumor cells,,carcinoma_in_situ_FAHNSCC_15_2
12662,14470,7815.81724137931,181.806896551724,72.7827586206897,605.5,18.8310344827586,1941.33103448276,429.88275862069,227.18275862069,953.737931034483,3095.92068965517,400.089655172414,1024.11379310345,1005.09655172414,2134.96551724138,415.975862068966,149.651724137931,1095.91724137931,1593.66896551724,1433.72413793103,387.013793103448,982.386206896552,1095.28620689655,851.944827586207,2524.40344827586,571.689655172414,788.513793103448,272.686206896552,112.78275862069,1014.06896551724,408.637931034483,13476.0517241379,8814.97586206897,290,22.1834938110793,16.6813686525463,0.65919492222979,0.950819672131148,0.726817042606516,-0.591923349713981,FAHNSCC_15,HN,1,FAHNSCC_15,Ki67+ tumor cells,,carcinoma_in_situ_FAHNSCC_15_2
12672,14480,23019.9051987768,361.550458715596,117.899082568807,611.648318042814,86.6177370030581,5616.25076452599,843.440366972477,241.581039755352,972.620795107034,7466.03975535168,685.042813455657,165.495412844037,949.724770642202,5557.23241590214,476.666666666667,227.899082568807,1286.62691131499,3194.24464831804,654.094801223242,402.660550458716,978.235474006116,2340.59021406728,296.290519877676,9760.79204892967,2136.62691131498,894.409785932722,330.018348623853,129.525993883792,1041.8501529052,413.535168195719,14434.2568807339,8992.71559633028,327,20.9879239372296,19.8864025120022,0.319707111999659,0.956140350877193,0.743181818181818,-1.40806717439478,FAHNSCC_15,HN,1,FAHNSCC_15,endothelial cells,,carcinoma_in_situ_FAHNSCC_15_2
12779,14604,15043.743083004,417.01185770751,129.300395256917,612.387351778656,137.110671936759,3599.98418972332,580.316205533597,216.114624505929,964.881422924901,5432.66798418972,547.901185770751,169.221343873518,957.02766798419,4049.67193675889,455.332015810277,169.166007905138,1223.95652173913,2662.02766798419,608.897233201581,397.853754940711,960.588932806324,2068.99209486166,246.375494071146,6035.41897233202,856.059288537549,886.233201581028,336.920948616601,139.438735177866,1011.74703557312,413.304347826087,14310.4584980237,9620.90909090909,253,19.5882064639631,16.4607596041203,0.542059179234461,0.969348659003831,0.826797385620915,-0.915282754589354,FAHNSCC_15,HN,1,FAHNSCC_15,stromal cells,,carcinoma_in_situ_FAHNSCC_15_2
12820,14648,9035.30837004405,150.290748898678,80.6079295154185,602.982378854626,11.773127753304,2135.93392070485,472.453744493392,249.165198237885,953.301762114538,3389.6013215859,412.900881057269,1750.03964757709,1138.00220264317,2883.95594713656,393.953744493392,152.462555066079,1012.30837004405,2046.01101321586,1505.14977973568,409.737885462555,1043.16299559471,1642.72246696035,2719.74669603524,3204.34140969163,575.45154185022,999.059471365639,305.129955947137,118.819383259912,1006.08370044053,414.469162995595,13974.2026431718,8288.59030837004,454,28.5489768000323,20.2680526105379,0.70426244627158,0.961864406779661,0.764309764309764,1.17273944504958,FAHNSCC_15,HN,1,FAHNSCC_15,Ki67+ tumor cells,,carcinoma_in_situ_FAHNSCC_15_2
12846,14676,23756.9781021898,336.405109489051,110.047445255474,612.525547445256,110.675182481752,6281.34306569343,717.350364963504,249.277372262774,969.456204379562,9034.54379562044,623.671532846715,164.043795620438,949.890510948905,7788.39416058394,439.167883211679,147.605839416058,1301.89051094891,5353.93065693431,703.510948905109,410.959854014599,981.916058394161,5313.53284671533,341.032846715328,8721.71897810219,1905.45620437956,1428.08394160584,347.678832116788,127.0,1023.17883211679,416.631386861314,14694.7518248175,8848.21897810219,274,20.8730303208371,16.7957367999659,0.593732999638213,0.968197879858657,0.761111111111111,-0.611236248782721,FAHNSCC_15,HN,1,FAHNSCC_15,endothelial cells,,carcinoma_in_situ_FAHNSCC_15_2
12864,14697,24585.5733333333,424.022222222222,118.52,611.137777777778,73.2711111111111,6618.92,991.813333333333,232.68,961.697777777778,9608.83555555556,651.16,176.168888888889,986.52,7072.94666666667,458.2,365.071111111111,1012.28444444444,5969.52888888889,697.311111111111,409.493333333333,985.813333333333,5125.91555555556,283.173333333333,1166.24444444444,659.191111111111,1391.88,313.262222222222,191.386666666667,1014.89777777778,415.791111111111,14273.3644444444,9539.86222222222,225,18.0912061469523,15.857822415244,0.481313261230728,0.974025974025974,0.778546712802768,-0.833014311698682,FAHNSCC_15,HN,1,FAHNSCC_15,stromal cells,,carcinoma_in_situ_FAHNSCC_15_2
12876,14710,6316.21657754011,155.529411764706,81.1631016042781,595.585561497326,16.2219251336898,787.18449197861,304.622994652406,182.780748663102,971.965240641711,2725.35294117647,434.22192513369,1134.62834224599,1030.46524064171,2042.15240641711,361.79679144385,143.411764705882,1069.68983957219,1566.02673796791,1125.2486631016,404.058823529412,1030.32085561497,1136.1550802139,611.510695187166,1606.64171122995,575.414438502674,893.310160427807,304.933155080214,117.171122994652,1019.10427807487,411.136363636364,13099.9010695187,8699.32085561497,374,23.8954737785216,19.9955716273132,0.547518971602167,0.958974358974359,0.774327122153209,0.281831796549183,FAHNSCC_15,HN,1,FAHNSCC_15,tumor cells,,carcinoma_in_situ_FAHNSCC_15_2
12881,14716,8378.03535353535,222.111111111111,90.3838383838384,607.454545454546,445.964646464647,1816.26767676768,909.5,189.944444444444,953.570707070707,3017.32323232323,826.661616161616,206.126262626263,950.106060606061,2452.36868686869,400.39898989899,562.656565656566,1176.25252525253,1519.69191919192,599.040404040404,471.060606060606,962.444444444444,981.09595959596,326.853535353535,5311.71212121212,610.631313131313,804.727272727273,274.090909090909,189.252525252525,1014.20707070707,410.409090909091,14538.6262626263,8417.78282828283,198,19.6490657261967,12.8399423347115,0.756958243130651,0.965853658536585,0.733333333333333,0.987105341833976,FAHNSCC_15,HN,1,FAHNSCC_15,stromal cells,,carcinoma_in_situ_FAHNSCC_15_2
12954,14803,15420.7567567568,151.436936936937,63.0945945945946,606.157657657658,107.711711711712,3776.39189189189,765.40990990991,215.423423423423,970.261261261261,5816.74324324324,659.594594594595,151.545045045045,950.711711711712,4707.97297297297,548.653153153153,340.774774774775,1314.80630630631,2533.79279279279,621.067567567568,519.036036036036,2972.93693693694,2052.94144144144,275.171171171171,6749.81081081081,1072.05405405405,832.292792792793,278.761261261261,142.855855855856,1012.94594594595,415.301801801802,14760.6081081081,8880.74324324324,222,18.0824455145975,15.723957559985,0.49380916800325,0.961038961038961,0.768166089965398,0.636093016417107,FAHNSCC_15,HN,1,FAHNSCC_15,B cells,,carcinoma_in_situ_FAHNSCC_15_2
12974,14824,4421.42201834862,204.833027522936,80.9229357798165,602.053211009174,14.9926605504587,990.040366972477,402.864220183486,212.308256880734,955.522935779816,1835.73944954128,393.390825688073,3531.00550458716,971.073394495413,1455.64587155963,391.392660550459,140.998165137615,1078.70458715596,1595.68440366972,1955.58532110092,335.763302752294,1005.66788990826,817.45871559633,333.066055045872,2633.60917431193,574.873394495413,795.095412844037,276.798165137615,113.396330275229,995.25871559633,411.682568807339,13609.719266055,8482.53944954128,545,30.6543924265237,22.6631971502652,0.673361703006357,0.971479500891266,0.789855072463768,0.263812496034851,FAHNSCC_15,HN,1,FAHNSCC_15,tumor cells,,carcinoma_in_situ_FAHNSCC_15_2
12983,14833,11863.8141176471,343.270588235294,83.4023529411765,609.927058823529,215.089411764706,3144.29176470588,557.555294117647,197.268235294118,977.36,4660.91764705882,505.835294117647,161.550588235294,962.952941176471,3808.28941176471,549.668235294118,172.068235294118,1210.42588235294,2962.86352941177,584.303529411765,391.724705882353,965.16,2827.13647058824,244.715294117647,3952.36941176471,774.550588235294,1206.53882352941,327.701176470588,141.298823529412,1028.90352941176,414.804705882353,13851.4141176471,9726.45411764706,425,28.0870569093311,19.356005539237,0.724625136161584,0.955056179775281,0.743006993006993,-1.03729928289461,FAHNSCC_15,HN,1,FAHNSCC_15,stromal cells,,carcinoma_in_situ_FAHNSCC_15_2
13014,14868,20484.1885714286,446.502857142857,132.371428571429,610.8,182.748571428571,4471.06285714286,695.828571428571,230.702857142857,959.274285714286,6581.75428571429,565.171428571429,236.937142857143,955.72,4011.13142857143,399.097142857143,184.645714285714,1004.73142857143,2600.04,684.777142857143,427.897142857143,961.154285714286,1833.70285714286,364.68,1753.33142857143,630.388571428572,890.045714285714,319.531428571429,122.851428571429,1018.48571428571,413.291428571429,14530.9885714286,8329.76571428572,175,17.7375461053019,12.5555560918078,0.70636085491091,0.956284153005464,0.79185520361991,0.34808844004921,FAHNSCC_15,HN,1,FAHNSCC_15,stromal cells,,carcinoma_in_situ_FAHNSCC_15_2
13023,14878,6284.31019522777,306.24295010846,127.874186550976,606.817787418655,24.1973969631236,1402.82429501085,529.798264642083,267.932754880694,962.483731019523,2050.62255965293,468.075921908894,1456.90455531453,986.798264642082,1902.09761388286,410.824295010846,162.383947939262,1034.1409978308,1389.44685466377,1367.10412147505,431.945770065076,971.676789587853,933.674620390456,311.637744034707,1067.02819956616,574.533622559653,888.206073752712,356.995661605206,124.817787418655,993.507592190889,418.789587852495,13415.1800433839,8155.95661605206,461,26.7988696461028,21.9157482341962,0.575522007250268,0.974630021141649,0.768333333333333,0.648662028616675,FAHNSCC_15,HN,1,FAHNSCC_15,tumor cells,,carcinoma_in_situ_FAHNSCC_15_2
13036,14892,10921.6111111111,147.948717948718,85.5,603.905982905983,21.1538461538462,2486.50854700855,445.880341880342,194.448717948718,946.512820512821,3851.14102564103,411.628205128205,1589.04273504274,956.264957264957,3189.7905982906,354.038461538462,121.213675213675,1013.60683760684,2680.55982905983,1024.22222222222,383.491452991453,955.106837606838,2347.42307692308,763.568376068376,3412.51709401709,576.705128205128,1344.31623931624,288.995726495727,119.435897435897,994.773504273504,415.666666666667,14372.5641025641,8769.8547008547,234,18.762941821524,15.892580644507,0.531561559708551,0.975,0.764705882352941,0.610152341616081,FAHNSCC_15,HN,1,FAHNSCC_15,Ki67+ tumor cells,,carcinoma_in_situ_FAHNSCC_15_2
13054,14911,7969.77272727273,158.924242424242,71.4772727272727,595.689393939394,16.6287878787879,2007.9053030303,448.359848484849,188.776515151515,941.310606060606,3209.85227272727,404.219696969697,1568.45454545455,963.924242424242,2905.2803030303,455.651515151515,127.318181818182,1015.17424242424,2635.74242424242,2768.9053030303,386.386363636364,1016.53409090909,2321.56060606061,1480.52651515152,1765.98106060606,573.984848484849,1448.60606060606,318.814393939394,127.67803030303,1024.73863636364,415.42803030303,13919.2575757576,8932.11363636364,264,19.9706433983303,16.8746481800573,0.534809462375166,0.967032967032967,0.771929824561404,1.03162763837687,FAHNSCC_15,HN,1,FAHNSCC_15,Ki67+ tumor cells,,carcinoma_in_situ_FAHNSCC_15_2
13081,14943,6239.09595959596,229.457070707071,78.0909090909091,597.891414141414,25.1994949494949,706.391414141414,338.497474747475,177.888888888889,961.123737373737,2427.93434343434,353.916666666667,1802.77272727273,978.454545454546,1818.72474747475,337.575757575758,151.383838383838,1073.61868686869,1448.37626262626,881.085858585859,390.441919191919,1095.21717171717,998.14898989899,336.361111111111,1317.47474747475,572.578282828283,751.14898989899,250.191919191919,107.237373737374,986.045454545454,408.70202020202,13167.1944444444,8642.45454545455,396,23.2163014093623,21.7980098067387,0.344163680114682,0.958837772397094,0.748582230623819,-0.791678200100696,FAHNSCC_15,HN,1,FAHNSCC_15,tumor cells,,carcinoma_in_situ_FAHNSCC_15_2
13161,15035,20868.5529411765,387.61568627451,111.952941176471,605.713725490196,70.5411764705882,5732.46666666667,734.239215686275,235.705882352941,954.278431372549,8376.50588235294,578.81568627451,182.2,943.262745098039,7183.5568627451,569.239215686275,286.588235294118,1044.31764705882,6459.73725490196,685.407843137255,408.439215686275,958.839215686274,6463.94509803922,343.137254901961,6676.21960784314,1079.72549019608,2562.21960784314,452.309803921569,171.925490196078,1061.92941176471,432.207843137255,13843.3450980392,9490.78039215687,255,22.0532308766729,14.7517177926776,0.74333968266732,0.947955390334572,0.75,-1.08280217253466,FAHNSCC_15,HN,1,FAHNSCC_15,stromal cells,,carcinoma_in_situ_FAHNSCC_15_2
13186,15064,7927.13518197574,142.627383015598,59.8596187175043,601.809358752166,23.5909878682842,1920.17157712305,416.719237435009,247.301559792028,952.935875216638,2868.99653379549,395.833622183709,592.343154246101,1091.03812824957,2061.91681109185,389.608318890815,159.443674176776,1005.87868284229,1602.99480069324,938.892547660312,384.124783362218,1050.9705372617,1252.5979202773,375.814558058926,1647.53726169844,580.94280762565,780.951473136915,263.020797227036,110.2287694974,989.928942807626,409.989601386482,13553.6117850953,9519.95320623917,577,30.6818389622138,24.1407954256699,0.617194552382513,0.963272120200334,0.73974358974359,1.20584113598942,FAHNSCC_15,HN,1,FAHNSCC_15,tumor cells,,carcinoma_in_situ_FAHNSCC_15_2
13213,15093,5515.46612466125,142.352303523035,75.3631436314363,613.111111111111,16.7777777777778,1375.26558265583,392.747967479675,189.143631436314,941.054200542005,2405.43089430894,335.233062330623,2743.70460704607,977.726287262873,1800.14905149052,339.176151761518,120.219512195122,991.19783197832,1876.93766937669,1041.76964769648,385.392953929539,972.078590785908,1587.22493224932,522.831978319783,2075.23577235772,579.747967479675,1021.23848238482,282.837398373984,116.108401084011,999.848238482385,412.411924119241,13200.1002710027,9162.76151761518,369,23.5027394955425,20.0065770031344,0.524769334002621,0.965968586387434,0.763975155279503,0.122311904891003,FAHNSCC_15,HN,1,FAHNSCC_15,tumor cells,,carcinoma_in_situ_FAHNSCC_15_2
13218,15098,14588.9295302013,128.91610738255,81.1291946308725,603.370805369128,17.4261744966443,3439.70973154362,475.01677852349,230.793624161074,952.661073825503,5742.47651006711,441.107382550336,705.065436241611,1134.20973154362,4081.97483221477,373.335570469799,156.102348993289,1115.92785234899,2659.87751677852,893.501677852349,397.505033557047,1067.4110738255,1905.38926174497,16273.3389261745,2097.14429530201,572.773489932886,905.053691275168,275.471476510067,112.58389261745,1005.50167785235,410.909395973154,13601.3422818792,8633.89765100671,596,31.9841160096464,23.8027629341152,0.667950452306256,0.967532467532468,0.733990147783251,-0.83303753567678,FAHNSCC_15,HN,1,FAHNSCC_15,Ki67+ tumor cells,,carcinoma_in_situ_FAHNSCC_15_2
13221,15101,6874.23023255814,165.541860465116,74.8441860465116,601.876744186047,14.2,1623.0511627907,422.758139534884,232.946511627907,951.188372093023,2716.72558139535,354.616279069767,2259.08837209302,982.93488372093,1721.66976744186,340.669767441861,144.346511627907,1057.22093023256,1538.87441860465,803.618604651163,386.620930232558,1045.60930232558,1149.83953488372,289.344186046512,2151.46744186047,574.737209302326,753.344186046512,246.132558139535,107.672093023256,971.076744186046,408.958139534884,13275.0023255814,9024.4,430,27.9252143414352,19.6685084444242,0.709874753306341,0.972850678733032,0.747826086956522,-0.614883539060934,FAHNSCC_15,HN,1,FAHNSCC_15,tumor cells,,carcinoma_in_situ_FAHNSCC_15_2
13277,15163,10222.0944350759,139.549747048904,67.204047217538,603.059021922428,16.787521079258,2525.80607082631,453.050590219224,195.774030354132,948.490725126476,3853.586846543,404.608768971332,1201.01517706577,1015.41146711636,2777.87521079258,380.827993254637,128.370994940978,1001.98650927487,2604.21922428331,947.308600337268,384.844856661046,984.913996627319,2429.61720067454,3951.17032040472,2153.81281618887,578.079258010118,1172.88701517707,298.510961214165,121.372681281619,1015.81956155143,412.241146711636,13448.7386172007,9367.61888701518,593,34.5167029111941,21.923668655089,0.772379644828877,0.973727422003284,0.735732009925558,0.99600610584478,FAHNSCC_15,HN,1,FAHNSCC_15,Ki67+ tumor cells,,carcinoma_in_situ_FAHNSCC_15_2
13280,15166,14230.3116147309,173.492917847026,73.429178470255,599.065155807365,14.9022662889518,3431.31303116147,441.93342776204,201.849858356941,945.682719546742,4916.77620396601,400.287535410765,1435.27195467422,1456.99433427762,3160.80736543909,405.084985835694,134.198300283286,1056.14730878187,1849.44617563739,914.953257790368,389.991501416431,1009.03824362606,1107.57932011331,4043.27053824363,2412.38668555241,577.514164305949,730.987252124646,255.810198300283,111.339943342776,995.451841359773,407.089235127479,13059.3569405099,9015.26770538244,706,35.8792578743714,25.1488077196676,0.713231181024132,0.968449931412894,0.798642533936652,0.211603974768573,FAHNSCC_15,HN,1,FAHNSCC_15,Ki67+ tumor cells,,carcinoma_in_situ_FAHNSCC_15_2
13281,15167,15060.0094339623,265.066037735849,90.0283018867925,602.018867924528,123.518867924528,4069.14150943396,839.283018867925,198.584905660377,938.933962264151,6068.28301886792,430.037735849057,251.207547169811,938.716981132076,4461.35849056604,879.537735849057,2772.37735849057,974.358490566038,3347.88679245283,599.349056603774,386.396226415094,984.858490566038,2719.95283018868,1273.28301886792,827.575471698113,654.877358490566,1181.33018867925,313.122641509434,200.339622641509,1126.54716981132,415.066037735849,13979.1886792453,8825.58490566038,106,13.7826420667912,9.87062855630765,0.697932296559178,0.921739130434783,0.67948717948718,0.938243370815203,FAHNSCC_15,HN,1,FAHNSCC_15,other APCs,,carcinoma_in_situ_FAHNSCC_15_2
13282,15168,29505.0091743119,421.834862385321,141.633027522936,601.880733944954,16.1330275229358,8045.41743119266,717.087155963303,260.449541284404,960.692660550459,14497.2889908257,555.334862385321,3524.56422018349,1023.5504587156,12138.3623853211,495.44495412844,157.766055045872,970.954128440367,11182.0458715596,1010.83486238532,447.623853211009,961.206422018349,11564.9128440367,415.339449541284,587.761467889908,572.032110091743,5656.99082568807,501.096330275229,152.857798165138,1001.10091743119,452.371559633028,13488.0550458716,8639.35321100918,218,19.9955832679007,14.1175901861263,0.708176513822054,0.956140350877193,0.712418300653595,0.829292890292005,FAHNSCC_15,HN,1,FAHNSCC_15,tumor cells,,carcinoma_in_situ_FAHNSCC_15_2
13285,15171,7593.17081850534,110.104982206406,75.7758007117438,598.615658362989,29.44128113879,1890.83807829182,419.832740213523,201.603202846975,945.451957295374,2878.27402135231,405.848754448399,1505.75444839858,974.569395017794,2202.90213523132,438.962633451957,127.76512455516,1002.7846975089,1971.54804270463,1336.2384341637,384.505338078292,972.29537366548,1663.04448398577,420.432384341637,1680.00177935943,575.229537366548,914.250889679715,275.846975088968,113.532028469751,1005.4359430605,410.637010676157,13584.334519573,9029.01245551602,562,31.7048609707328,22.7331329108361,0.697048912190794,0.967297762478485,0.788218793828892,1.42330757693736,FAHNSCC_15,HN,1,FAHNSCC_15,tumor cells,,carcinoma_in_situ_FAHNSCC_15_2
13384,15278,31992.5898305085,418.576271186441,118.572881355932,614.077966101695,382.549152542373,7349.14237288136,830.549152542373,257.003389830508,960.077966101695,11199.8949152542,664.213559322034,164.294915254237,971.420338983051,9960.37288135593,731.389830508475,201.664406779661,1170.77627118644,6347.3593220339,717.325423728814,415.701694915254,996.033898305085,6352.27118644068,323.983050847458,2511.64745762712,717.261016949153,1634.48813559322,301.786440677966,123.159322033898,1163.2779661017,417.538983050847,14869.5050847458,8831.8406779661,295,21.6943715868308,17.3899999537139,0.597873593582455,0.967213114754098,0.826330532212885,0.0024950012687926,FAHNSCC_15,HN,1,FAHNSCC_15,stromal cells,,carcinoma_in_situ_FAHNSCC_15_2
13392,15286,6132.85539714868,153.431771894094,78.6130346232179,602.737270875764,16.1812627291242,1334.32586558045,482.670061099796,233.743380855397,954.843177189409,2134.99592668024,401.228105906314,1317.74745417515,1008.19348268839,1612.53156822811,389.560081466395,156.714867617108,1117.19144602851,1214.75967413442,1245.91038696538,383.9633401222,1000.55804480652,858.737270875764,545.362525458249,3113.35845213849,576.67617107943,785.476578411405,281.254582484725,111.830957230143,994.270875763747,409.718940936864,13743.716904277,8910.25458248473,491,27.3841227284344,22.9140407750269,0.547564109641181,0.960861056751468,0.762422360248447,-1.56143114074781,FAHNSCC_15,HN,1,FAHNSCC_15,tumor cells,,carcinoma_in_situ_FAHNSCC_15_2
13401,15298,20739.0880681818,255.414772727273,81.0625,608.982954545455,136.295454545455,5026.21022727273,941.894886363636,228.017045454545,973.789772727273,7379.71306818182,640.522727272727,154.536931818182,962.769886363636,5368.19318181818,392.681818181818,254.1875,1240.48579545455,3532.41761363636,609.585227272727,400.659090909091,959.576704545454,2912.90909090909,278.633522727273,6688.27840909091,1016.29545454545,1154.38636363636,322.590909090909,138.301136363636,1023.86931818182,414.795454545455,14652.5596590909,8940.44886363636,352,22.365108041571,20.2366335626757,0.42577180633811,0.941176470588235,0.728778467908903,1.45724816000894,FAHNSCC_15,HN,1,FAHNSCC_15,stromal cells,,carcinoma_in_situ_FAHNSCC_15_2
13409,15307,11933.3274725275,161.261538461538,79.3912087912088,600.327472527473,16.7406593406593,2986.99340659341,419.485714285714,201.712087912088,950.672527472528,4511.90989010989,381.575824175824,2617.78241758242,1385.49010989011,3014.02857142857,343.184615384615,129.189010989011,967.158241758242,2722.69450549451,1086.1978021978,384.969230769231,1086.57362637363,1999.96483516484,9845.02417582418,2988.33406593407,576.745054945055,840.334065934066,264.054945054945,114.221978021978,989.628571428571,410.531868131868,13483.3054945055,9133.35824175824,455,27.6631286546718,21.0020476838004,0.650848953059793,0.974304068522484,0.789930555555556,-0.741948093012924,FAHNSCC_15,HN,1,FAHNSCC_15,Ki67+ tumor cells,,carcinoma_in_situ_FAHNSCC_15_2
13614,15540,12691.3098591549,181.798122065728,73.5305164319249,606.460093896714,283.291079812207,3295.39906103286,612.863849765258,189.333333333333,978.211267605634,5201.65258215962,512.962441314554,170.56338028169,943.258215962441,3995.98591549296,481.535211267606,235.788732394366,3749.47417840376,3988.15492957747,539.380281690141,388.840375586854,963.849765258216,3729.55399061033,249.887323943662,1506.54929577465,672.882629107981,1632.02816901408,325.253521126761,204.323943661972,1021.08920187793,416.43661971831,13740.7370892019,9524.98591549296,213,18.1669056831101,14.9330256677499,0.569501059406929,0.968181818181818,0.788888888888889,-1.50407946625442,FAHNSCC_15,HN,1,FAHNSCC_15,effector CD8+ T cells,,carcinoma_in_situ_FAHNSCC_15_2
13658,15598,12050.8144329897,169.241237113402,70.5505154639175,602.527835051546,22.2845360824742,2986.17731958763,484.488659793814,200.134020618557,945.047422680412,4601.27216494845,418.38969072165,789.016494845361,977.837113402062,3761.83298969072,400.835051546392,139.59381443299,932.109278350515,3469.25360824742,822.872164948454,391.861855670103,961.158762886598,3358.07422680412,356.682474226804,1726.88453608247,579.317525773196,1700.76288659794,345.441237113402,127.472164948454,1020.28453608247,423.486597938144,13757.2886597938,9414.76701030928,485,31.0287438488276,19.9379671204947,0.766231657301049,0.958498023715415,0.76984126984127,-0.186273848016408,FAHNSCC_15,HN,1,FAHNSCC_15,tumor cells,,carcinoma_in_situ_FAHNSCC_15_2
13684,15633,22384.7782258065,568.125,165.713709677419,621.254032258065,403.91935483871,5443.28629032258,830.576612903226,268.927419354839,977.717741935484,7719.23387096774,688.447580645161,212.810483870968,971.991935483871,6127.60483870968,642.915322580645,200.612903225807,1219.52822580645,3513.77016129032,705.487903225807,424.165322580645,972.536290322581,3483.96774193548,304.04435483871,4431.41532258065,2546.17741935484,1143.29435483871,432.66935483871,140.83064516129,1076.59677419355,421.616935483871,13634.4637096774,9715.04838709678,248,21.8967968393253,14.4385510145221,0.75180016897557,0.946564885496183,0.751515151515152,-1.2848878479705,FAHNSCC_15,HN,1,FAHNSCC_15,endothelial cells,,carcinoma_in_situ_FAHNSCC_15_2
13706,15656,22926.7307692308,492.9,142.376923076923,608.176923076923,143.761538461538,6061.63846153846,796.534615384615,263.430769230769,972.803846153846,9080.91153846154,665.665384615385,211.642307692308,962.126923076923,6645.21153846154,607.819230769231,189.015384615385,1193.78846153846,5415.04230769231,744.665384615385,422.153846153846,970.569230769231,5621.0,338.680769230769,5887.36923076923,3159.81153846154,2297.50384615385,463.653846153846,148.057692307692,1062.15,431.823076923077,13618.6,9703.66538461538,260,24.385587967855,13.7921133044517,0.824690273307898,0.945454545454545,0.722222222222222,-1.42926196140862,FAHNSCC_15,HN,1,FAHNSCC_15,endothelial cells,,carcinoma_in_situ_FAHNSCC_15_2
13710,15660,8696.45616883117,130.478896103896,69.0470779220779,601.358766233766,17.8181818181818,1916.67045454545,430.313311688312,249.449675324675,959.693181818182,2998.02272727273,376.404220779221,1219.38961038961,1045.96915584416,2127.44642857143,348.926948051948,160.676948051948,1159.80844155844,1671.59253246753,910.128246753247,383.98538961039,1052.2012987013,1158.72564935065,321.483766233766,2564.6461038961,575.063311688312,774.11525974026,291.475649350649,118.133116883117,979.508116883117,409.487012987013,13797.2694805195,8838.42532467533,616,40.7122470818,19.3951254181982,0.879231178553667,0.968553459119497,0.675438596491228,0.412008173887809,FAHNSCC_15,HN,1,FAHNSCC_15,tumor cells,,carcinoma_in_situ_FAHNSCC_15_2
13722,15673,7760.86848635236,164.168734491315,89.0074441687345,601.483870967742,16.7766749379653,1923.27047146402,482.955334987593,227.942928039702,950.292803970223,2930.77171215881,464.992555831266,832.27047146402,1117.60545905707,2104.11662531017,357.645161290323,145.751861042184,1024.78660049628,1528.30272952854,1057.67493796526,397.682382133995,1028.04962779156,1097.47642679901,3371.02977667494,3746.72456575682,582.816377171216,940.622828784119,311.94540942928,116.186104218362,991.856079404466,413.518610421836,14317.7320099256,8655.25558312655,403,27.0973033891957,18.9589723038336,0.714473312224001,0.966426858513189,0.775,0.294917626835793,FAHNSCC_15,HN,1,FAHNSCC_15,Ki67+ tumor cells,,carcinoma_in_situ_FAHNSCC_15_2
13805,15771,10837.5986842105,140.81798245614,66.2850877192983,600.089912280702,17.2521929824561,2858.09429824561,438.953947368421,229.171052631579,949.870614035088,4458.42324561404,406.015350877193,953.651315789474,1013.5701754386,3084.85745614035,397.40350877193,147.032894736842,1043.82894736842,2606.44736842105,1129.17324561404,384.47149122807,1013.97368421053,2089.65131578947,2850.59429824561,1569.5350877193,578.910087719298,845.543859649123,267.175438596491,111.265350877193,995.098684210526,410.907894736842,13477.8157894737,9355.81359649123,456,30.0101159825936,19.3548405213672,0.764229937123193,0.962025316455696,0.708074534161491,0.470942517181523,FAHNSCC_15,HN,1,FAHNSCC_15,Ki67+ tumor cells,,carcinoma_in_situ_FAHNSCC_15_2
13808,15774,8069.0475161987,122.123110151188,67.5637149028078,608.60475161987,14.7775377969762,2000.68034557235,533.492440604752,234.110151187905,959.250539956803,3432.66954643629,441.427645788337,1317.88336933045,965.565874730022,2754.4686825054,377.814254859611,175.498920086393,992.127429805616,2200.71706263499,802.365010799136,407.488120950324,992.274298056156,1790.44492440605,346.88120950324,3146.75593952484,578.04535637149,1193.49460043197,341.451403887689,125.650107991361,1008.02591792657,420.086393088553,14194.8876889849,8450.06911447084,463,30.7002574310465,19.3904399801261,0.775290245072483,0.958592132505176,0.734920634920635,0.291719928666042,FAHNSCC_15,HN,1,FAHNSCC_15,tumor cells,,carcinoma_in_situ_FAHNSCC_15_2
13892,15867,6443.76496350365,172.232116788321,74.8481751824818,602.144525547445,17.1270072992701,1672.4598540146,472.433576642336,245.185401459854,953.807299270073,2570.29051094891,438.005839416058,1400.05839416058,1013.23065693431,1686.10802919708,415.632116788321,153.252554744526,974.579562043796,1280.58832116788,1082.08467153285,386.207299270073,959.680291970803,969.921167883212,374.410218978102,2419.42919708029,577.83795620438,838.753284671533,322.947445255474,118.538686131387,1006.65255474453,412.92700729927,13789.1124087591,9218.24671532847,685,33.8959567015658,25.8683166091561,0.646199878467089,0.970254957507082,0.738146551724138,-0.56968983746179,FAHNSCC_15,HN,1,FAHNSCC_15,tumor cells,,carcinoma_in_situ_FAHNSCC_15_2
13935,15914,10141.6014925373,137.861194029851,67.8432835820896,598.297014925373,18.3388059701493,2658.98656716418,417.988059701493,220.025373134328,947.965671641791,4337.30895522388,417.922388059702,868.137313432836,976.080597014925,3251.14029850746,393.289552238806,148.79552238806,1073.01940298507,2473.07164179105,1133.95373134328,384.740298507463,988.144776119403,1907.54776119403,318.277611940299,1441.52835820896,576.282089552239,807.370149253731,252.735820895522,106.962686567164,992.85223880597,408.855223880597,13575.0910447761,9251.93582089552,670,36.2569821668702,23.5673033892034,0.759927956466323,0.975254730713246,0.809178743961353,1.53802883636601,FAHNSCC_15,HN,1,FAHNSCC_15,tumor cells,,carcinoma_in_situ_FAHNSCC_15_2
14033,16027,8770.56935817805,169.915113871636,79.4389233954451,601.327122153209,11.7412008281574,2087.99585921325,442.569358178054,208.455486542443,950.459627329193,3500.65631469979,416.836438923395,1939.49275362319,994.801242236025,3131.35610766046,412.387163561077,127.72049689441,1010.72049689441,1682.74534161491,1912.60248447205,392.511387163561,1018.98136645963,2099.91718426501,2062.7784679089,1719.43892339545,573.96066252588,1292.95652173913,317.184265010352,119.821946169772,1013.76811594203,416.809523809524,13681.7763975155,8383.06211180124,483,27.9305580193188,22.0747712446648,0.612662304840909,0.962151394422311,0.777777777777778,-1.07779888910491,FAHNSCC_15,HN,1,FAHNSCC_15,Ki67+ tumor cells,,carcinoma_in_situ_FAHNSCC_15_2
14072,16070,35761.4575645757,385.210332103321,113.107011070111,609.317343173432,118.527675276753,7790.54612546126,902.963099630997,247.678966789668,967.789667896679,11728.4391143911,633.892988929889,166.343173431734,967.062730627306,10418.5350553506,486.243542435424,197.608856088561,1147.87822878229,6994.76383763838,671.273062730627,405.719557195572,962.490774907749,7133.9815498155,329.140221402214,7155.28782287823,1097.66051660517,1729.51660516605,352.546125461255,129.782287822878,1042.87453874539,418.505535055351,14379.1992619926,9180.07011070111,271,20.413418923202,16.9303701915364,0.558692984641497,0.971326164874552,0.792397660818713,-1.04825685397474,FAHNSCC_15,HN,1,FAHNSCC_15,stromal cells,,carcinoma_in_situ_FAHNSCC_15_2
14073,16071,11149.8501228501,323.226044226044,105.781326781327,599.132678132678,10.0835380835381,2768.1941031941,521.68058968059,263.719901719902,957.943488943489,4442.48402948403,432.309582309582,2742.84275184275,992.835380835381,3976.67076167076,423.769041769042,166.213759213759,985.400491400491,2881.24078624079,1182.58722358722,425.358722358722,1100.06388206388,2135.64619164619,1916.76167076167,1928.27518427518,573.712530712531,1130.91891891892,329.22113022113,121.690417690418,989.358722358722,418.862407862408,13794.8476658477,8325.45454545455,407,27.8036436638875,18.8611303809194,0.734721361295836,0.953161592505855,0.707826086956522,-0.758425610585067,FAHNSCC_15,HN,1,FAHNSCC_15,Ki67+ tumor cells,,carcinoma_in_situ_FAHNSCC_15_2
14167,16180,10160.9559633028,223.899082568807,92.9467889908257,602.02752293578,22.6844036697248,2513.50091743119,462.489908256881,201.315596330275,943.662385321101,4038.65688073395,428.139449541284,2300.14678899083,945.735779816514,3026.35779816514,400.064220183486,127.453211009174,978.533944954128,2652.57247706422,1574.15412844037,396.666055045872,950.990825688073,2416.40183486239,371.555963302752,2512.04036697248,578.62752293578,1455.34678899083,348.996330275229,127.684403669725,1008.75229357798,419.188990825688,14221.6275229358,8668.71926605505,545,35.9193533389788,19.4016923578442,0.841571374875213,0.964601769911504,0.718050065876153,-0.378649773256979,FAHNSCC_15,HN,1,FAHNSCC_15,tumor cells,,carcinoma_in_situ_FAHNSCC_15_2
14180,16195,26914.3865546218,392.773109243698,113.55462184874,615.449579831933,70.4621848739496,7103.11764705882,1372.69327731092,238.739495798319,970.584033613445,10032.2647058824,763.957983193277,186.865546218487,949.088235294118,7297.41176470588,459.659663865546,187.285714285714,1053.82352941176,6310.8487394958,643.18487394958,396.113445378151,968.008403361345,6545.44957983193,306.857142857143,4357.9243697479,859.747899159664,2744.05462184874,394.760504201681,179.525210084034,1040.90756302521,427.189075630252,14170.256302521,9303.13445378151,238,21.6522999494208,14.2942296410853,0.751114967196185,0.944444444444444,0.721212121212121,-1.50626134364671,FAHNSCC_15,HN,1,FAHNSCC_15,stromal cells,,carcinoma_in_situ_FAHNSCC_15_2
14193,16210,20126.868852459,351.846994535519,118.275956284153,613.193989071038,641.871584699454,4751.46448087432,733.01912568306,234.901639344262,958.20218579235,7212.00273224044,604.549180327869,198.360655737705,953.169398907104,5532.30054644809,473.53825136612,222.071038251366,1125.69398907104,4014.09016393443,755.833333333333,417.732240437158,965.472677595628,3384.32513661202,360.418032786885,5157.3306010929,660.841530054645,1509.75136612022,343.808743169399,135.079234972678,1026.62841530055,420.363387978142,14621.7841530055,8416.82513661202,366,26.8941950664523,17.3467639808221,0.764182313625134,0.965699208443272,0.726190476190476,0.622261160220933,FAHNSCC_15,HN,1,FAHNSCC_15,stromal cells,,carcinoma_in_situ_FAHNSCC_15_2
14232,16253,10574.1333333333,121.459523809524,61.1071428571429,603.902380952381,316.566666666667,2653.1380952381,590.290476190476,182.180952380952,965.283333333333,3817.6619047619,465.659523809524,164.804761904762,960.202380952381,3192.94761904762,436.597619047619,151.435714285714,1662.27142857143,2425.81904761905,545.157142857143,382.990476190476,990.942857142857,1880.46666666667,213.62380952381,2730.67142857143,705.990476190476,824.3,272.804761904762,129.511904761905,999.764285714286,409.864285714286,13976.8976190476,9716.6619047619,420,31.8160823131365,17.7266889279423,0.830404308582288,0.943820224719101,0.652173913043478,-0.953028073477687,FAHNSCC_15,HN,1,FAHNSCC_15,effector CD8+ T cells,,carcinoma_in_situ_FAHNSCC_15_2
14238,16260,8328.52673796792,183.652406417112,85.0213903743316,603.957219251337,8.81283422459893,1544.3449197861,458.473262032086,240.695187165775,952.989304812834,2423.41978609626,403.192513368984,1217.50534759358,1012.90909090909,2413.40374331551,377.090909090909,137.053475935829,955.593582887701,1785.22727272727,991.94385026738,410.312834224599,972.109625668449,1318.40106951872,335.564171122995,1511.58823529412,570.866310160428,1033.24331550802,324.526737967914,121.614973262032,1002.07219251337,416.03743315508,13698.7887700535,8122.78609625669,374,23.8113388960906,20.0321093121678,0.540592695579851,0.958974358974359,0.774327122153209,1.06571571195569,FAHNSCC_15,HN,1,FAHNSCC_15,tumor cells,,carcinoma_in_situ_FAHNSCC_15_2
14282,16311,4643.94557823129,110.244897959184,75.1394557823129,602.612244897959,9.7108843537415,916.707482993197,430.642857142857,210.272108843537,954.530612244898,1545.92176870748,432.469387755102,1161.94217687075,963.132653061224,1524.91836734694,402.714285714286,132.880952380952,973.462585034014,1236.51020408163,1372.83333333333,413.612244897959,963.595238095238,864.268707482993,1120.91156462585,2170.55102040816,574.58843537415,905.547619047619,328.615646258503,116.091836734694,1001.44557823129,417.493197278912,13700.9115646259,8145.94557823129,294,21.1112518662025,17.7562772301982,0.540908865611793,0.967105263157895,0.777777777777778,-1.44492879388011,FAHNSCC_15,HN,1,FAHNSCC_15,Ki67+ tumor cells,,carcinoma_in_situ_FAHNSCC_15_2
14293,16323,31139.0337837838,426.351351351351,125.459459459459,619.929054054054,211.905405405405,7445.88851351351,900.168918918919,272.361486486487,968.932432432432,11456.8074324324,824.831081081081,181.959459459459,953.037162162162,10052.0878378378,521.168918918919,213.969594594595,1372.34797297297,6512.32432432432,768.050675675676,424.908783783784,962.466216216216,6917.72972972973,371.347972972973,9193.0304054054,1880.07094594595,2079.08783783784,429.658783783784,223.293918918919,1051.15202702703,426.0,14867.9290540541,8910.96283783784,296,19.7763604067247,19.0570542787973,0.267247285211418,0.961038961038961,0.741854636591479,-0.0969374179440576,FAHNSCC_15,HN,1,FAHNSCC_15,endothelial cells,,carcinoma_in_situ_FAHNSCC_15_2
14308,16339,26586.6797385621,309.460784313725,96.7222222222222,607.326797385621,199.87908496732,6483.90196078431,806.346405228758,252.624183006536,971.464052287582,9624.35947712418,658.101307189543,163.513071895425,974.539215686274,8477.50326797386,458.503267973856,197.104575163399,1384.7908496732,5237.17973856209,739.509803921569,467.493464052288,1023.4477124183,4956.81699346405,331.656862745098,7413.69281045752,1576.58169934641,1223.81699346405,341.039215686275,126.101307189542,1030.48366013072,416.81045751634,14785.9281045752,8876.08169934641,306,21.8463054416544,17.8472209319558,0.5767161737835,0.965299684542587,0.766917293233083,-0.518140636074655,FAHNSCC_15,HN,1,FAHNSCC_15,stromal cells,,carcinoma_in_situ_FAHNSCC_15_2
14333,16375,9614.18093699515,145.182552504039,74.9224555735057,596.176090468498,18.4200323101777,2025.92245557351,444.46042003231,210.37802907916,953.138933764136,3074.07754442649,386.806138933764,1064.42487883683,1049.10823909532,2089.94668820679,368.092084006462,160.030694668821,1047.4281098546,1794.41357027464,608.726978998385,381.626817447496,1022.73828756058,1442.57350565428,258.833602584814,2845.43457189015,576.038772213247,856.226171243942,271.011308562197,109.43295638126,982.531502423263,409.324717285945,13910.6704361874,9204.64297253635,619,32.0613243241866,24.6874518406778,0.638035148693901,0.9671875,0.767990074441687,0.375727046291341,FAHNSCC_15,HN,1,FAHNSCC_15,tumor cells,,carcinoma_in_situ_FAHNSCC_15_2
14350,16395,18337.1861313869,609.416058394161,1331.89781021898,620.594890510949,502.905109489051,4351.24452554745,1787.55474452555,223.343065693431,1011.06934306569,6186.47445255475,1822.49635036496,202.773722627737,971.737226277372,3845.36496350365,763.970802919708,308.156934306569,1054.53649635037,2850.48540145985,599.697080291971,395.974452554745,964.565693430657,2061.94890510949,258.5,1124.72627737226,781.905109489051,876.861313868613,346.182481751825,223.412408759124,1029.66423357664,415.532846715329,14216.6240875912,9483.07299270073,274,21.2227084543821,16.4599291858254,0.631248074402936,0.968197879858657,0.767507002801121,-1.26256196097238,FAHNSCC_15,HN,1,FAHNSCC_15,regulatory T cells,,carcinoma_in_situ_FAHNSCC_15_2
14389,16437,8498.55191256831,211.322404371585,95.4535519125683,602.513661202186,37.103825136612,2035.54098360656,536.095628415301,225.508196721311,949.46174863388,2720.04918032787,447.879781420765,927.587431693989,1032.72950819672,1992.18579234973,407.855191256831,141.243169398907,1076.62021857924,1388.66120218579,1485.48087431694,394.144808743169,963.379781420765,947.48087431694,1983.20491803279,2180.19945355191,573.229508196721,864.327868852459,313.765027322404,119.838797814208,1001.93989071038,414.155737704918,13056.6338797814,8859.71038251366,366,25.3547322384823,18.4334715333836,0.686613188073056,0.950649350649351,0.7625,-0.328636788239186,FAHNSCC_15,HN,1,FAHNSCC_15,Ki67+ tumor cells,,carcinoma_in_situ_FAHNSCC_15_2
14398,16448,13474.8633093525,268.214028776978,91.7787769784173,610.226618705036,8.86870503597122,3177.15287769784,594.64928057554,265.230215827338,961.886690647482,4945.86870503597,465.093525179856,1437.39028776978,959.498201438849,4400.60611510791,421.791366906475,170.11690647482,989.392086330935,3060.55215827338,897.829136690648,422.170863309353,1001.73561151079,2721.10971223022,413.158273381295,2603.07553956835,579.070143884892,1493.88489208633,373.571942446043,128.062949640288,1003.61870503597,424.980215827338,14206.5269784173,8278.32014388489,556,31.6954076380667,22.4754376828908,0.705100816534067,0.95697074010327,0.723958333333333,0.305974298555657,FAHNSCC_15,HN,1,FAHNSCC_15,tumor cells,,carcinoma_in_situ_FAHNSCC_15_2
14482,16545,12025.9258241758,199.733516483517,87.9065934065934,600.376373626374,15.7664835164835,2898.38461538462,551.782967032967,279.252747252747,959.032967032967,4437.84065934066,416.793956043956,1384.76923076923,1053.31318681319,2743.26373626374,406.134615384615,148.10989010989,1066.13186813187,2219.22527472527,1210.5521978022,397.574175824176,1030.41758241758,1681.53021978022,486.604395604396,2746.09615384615,581.524725274725,991.884615384615,303.96978021978,121.082417582418,1004.26923076923,412.021978021978,13375.4230769231,8744.88186813187,364,29.0818644669764,15.9530132240695,0.836114223467876,0.952879581151832,0.78448275862069,-0.0757335867573185,FAHNSCC_15,HN,1,FAHNSCC_15,tumor cells,,carcinoma_in_situ_FAHNSCC_15_2
14509,16573,15553.0874439462,209.789237668161,97.5336322869955,611.210762331839,435.735426008969,4066.64798206278,516.35201793722,194.273542600897,984.022421524664,6081.71300448431,429.663677130045,2272.96412556054,939.309417040359,4604.2869955157,468.080717488789,126.419282511211,3609.02466367713,4251.70852017937,1591.97757847534,391.062780269058,960.917040358744,3855.09192825112,1120.50448430493,1976.25560538117,582.217488789238,1869.29596412556,309.556053811659,142.699551569507,1003.92152466368,415.995515695067,13385.0582959641,8934.19730941704,446,34.4392583701936,17.3444434569037,0.863922843463472,0.925311203319502,0.605978260869565,-0.498512204876035,FAHNSCC_15,HN,1,FAHNSCC_15,effector CD8+ T cells,,carcinoma_in_situ_FAHNSCC_15_2
14560,16631,10702.7675,229.325,94.45,599.19,14.6375,2950.4325,482.1625,240.0725,950.77,4757.26,414.48,2585.2075,989.4875,2990.64,390.9875,137.0725,1036.485,2529.3525,948.1675,404.1225,996.9775,2037.5425,3486.6075,1365.115,579.095,1071.9525,302.2325,114.625,1005.825,414.13,13248.7175,8495.545,400,26.3221243978736,19.3875338086841,0.676384213200372,0.961538461538462,0.769230769230769,-0.340974082807133,FAHNSCC_15,HN,1,FAHNSCC_15,Ki67+ tumor cells,,carcinoma_in_situ_FAHNSCC_15_2
14567,16639,9447.94990366089,171.921001926782,69.7533718689788,607.645472061657,40.0578034682081,2188.75529865125,510.011560693642,239.55105973025,954.23506743738,3536.84778420039,457.458574181118,975.840077071291,1032.52215799615,3257.66666666667,529.684007707129,350.462427745665,1060.4527938343,2334.20038535645,1449.21965317919,413.872832369942,1048.91522157996,1996.22736030828,2197.92292870906,4894.29672447014,622.616570327553,1243.1676300578,338.447013487476,163.49710982659,1080.93256262042,419.215799614644,14483.4990366089,8295.35838150289,519,30.4517683149439,21.8098039907709,0.697886750726382,0.971910112359551,0.778110944527736,0.446201998909856,FAHNSCC_15,HN,1,FAHNSCC_15,Ki67+ tumor cells,,carcinoma_in_situ_FAHNSCC_15_2
14578,16651,18607.4942196532,315.901734104046,105.312138728324,607.341040462428,363.462427745665,4623.8612716763,5782.45953757226,211.329479768786,962.578034682081,6699.53757225434,1344.06647398844,227.936416184971,973.42774566474,4674.77167630058,540.294797687861,617.606936416185,1090.69653179191,3624.57514450867,654.367052023121,390.520231213873,1002.62716763006,2963.33526011561,289.739884393064,3135.28323699422,670.109826589595,941.815028901734,286.130057803468,327.580924855491,996.604046242774,413.442196531792,14196.9739884393,9201.99132947977,346,24.9135408608713,17.9677774240628,0.692721395542981,0.971910112359551,0.768888888888889,0.151824315820487,FAHNSCC_15,HN,1,FAHNSCC_15,M2 macrophages,,carcinoma_in_situ_FAHNSCC_15_2
14624,16703,33874.0900900901,448.738738738739,122.708708708709,619.507507507508,270.198198198198,8017.90990990991,879.132132132132,263.951951951952,980.417417417417,11683.0540540541,737.444444444445,164.528528528529,962.831831831832,8989.20420420421,494.366366366366,177.894894894895,1364.34534534535,6440.30630630631,747.327327327327,419.813813813814,974.924924924925,6263.33933933934,362.111111111111,7404.33333333333,1219.68468468468,1497.27027027027,363.096096096096,134.702702702703,1028.78378378378,418.564564564565,14595.4684684685,8988.75075075075,333,20.8548859140222,20.3363055691762,0.221616649584434,0.96242774566474,0.792857142857143,-0.765831331143046,FAHNSCC_15,HN,1,FAHNSCC_15,stromal cells,,carcinoma_in_situ_FAHNSCC_15_2
14639,16719,7979.42435897436,270.516666666667,90.5794871794872,603.057692307692,9.26282051282051,1763.70256410256,488.889743589744,262.071794871795,962.834615384615,2761.92051282051,427.335897435897,3630.07692307692,1024.64615384615,2175.32435897436,381.48717948718,162.952564102564,1087.40128205128,1145.86025641026,3799.82307692308,332.5,1047.65769230769,976.239743589744,353.552564102564,2499.1358974359,572.662820512821,763.99358974359,266.867948717949,108.816666666667,987.929487179487,411.475641025641,13593.1974358974,8262.15128205128,780,37.6796551210362,26.4689924445837,0.711709029487351,0.964153275648949,0.740037950664137,-0.548876734464151,FAHNSCC_15,HN,1,FAHNSCC_15,tumor cells,,carcinoma_in_situ_FAHNSCC_15_2
14687,16775,9797.47552447552,292.794871794872,101.706293706294,602.076923076923,11.5827505827506,2309.82517482517,532.275058275058,290.571095571096,963.172494172494,3489.45687645688,419.783216783217,2571.91841491842,1018.98834498835,3304.31235431235,380.659673659674,161.384615384615,979.692307692308,2207.90675990676,878.340326340326,420.347319347319,1009.44055944056,1689.77622377622,357.27972027972,1698.95337995338,572.678321678322,1106.36130536131,343.034965034965,123.960372960373,988.219114219114,418.440559440559,14008.6433566434,8105.00233100233,429,26.805740037723,20.3717168137888,0.649951235511047,0.979452054794521,0.785714285714286,-1.19800499683839,FAHNSCC_15,HN,1,FAHNSCC_15,tumor cells,,carcinoma_in_situ_FAHNSCC_15_2
14716,16807,6662.855,155.526,85.392,601.229,13.94,1733.85,443.786,264.115,957.471,2920.06,398.136,2258.166,1059.017,2016.501,358.282,167.655,1112.139,1512.673,745.17,395.36,1007.014,1026.012,320.353,2663.181,574.904,789.26,269.828,109.778,985.609,410.697,13419.777,8520.069,1000,48.207816253602,26.5335751842632,0.834901190046105,0.974658869395711,0.818330605564648,0.0955393956181341,FAHNSCC_15,HN,1,FAHNSCC_15,tumor cells,,carcinoma_in_situ_FAHNSCC_15_2
14796,16898,9789.51567944251,221.815331010453,86.2543554006969,600.247386759582,17.2508710801394,1308.74216027875,414.188153310105,196.88850174216,920.515679442509,3520.01045296167,365.04181184669,2709.75609756098,1014.20209059233,2199.54355400697,415.404181184669,132.407665505226,1029.80139372822,1971.29616724739,1523.64111498258,398.693379790941,1114.1637630662,1459.92682926829,688.623693379791,1757.67944250871,579.080139372822,786.439024390244,252.752613240418,114.024390243902,994.292682926829,409.672473867596,13176.1219512195,8595.35888501742,287,20.980326973366,17.43902192483,0.555961114997044,0.969594594594595,0.803921568627451,0.199224033133537,FAHNSCC_15,HN,1,FAHNSCC_15,tumor cells,,carcinoma_in_situ_FAHNSCC_15_2
14829,16931,11632.4949494949,141.016835016835,82.4713804713805,602.86531986532,25.8417508417508,2825.19528619529,433.441077441077,203.410774410774,948.212121212121,4695.47811447812,410.461279461279,1075.10774410774,1005.28956228956,3275.91245791246,346.03367003367,125.329966329966,1015.54208754209,2897.60269360269,1023.91245791246,394.306397306397,1002.08080808081,2387.0101010101,1561.12457912458,2041.9595959596,577.087542087542,1282.51851851852,317.447811447811,121.680134680135,1015.35016835017,413.835016835017,13584.696969697,8617.54208754209,297,22.3368716179671,17.0322803300787,0.6469662798055,0.958064516129032,0.744360902255639,-0.893420123380787,FAHNSCC_15,HN,1,FAHNSCC_15,Ki67+ tumor cells,,carcinoma_in_situ_FAHNSCC_15_2
14842,16945,6904.33248081841,218.708439897698,92.6803069053708,599.350383631714,17.2250639386189,1729.54987212276,395.150895140665,182.255754475703,947.010230179028,2668.89514066496,365.872122762148,3708.08184143223,949.777493606138,2146.38874680307,356.132992327366,120.475703324808,940.744245524297,2060.49616368286,655.897698209719,383.928388746803,955.09462915601,2000.80818414322,345.437340153453,1230.76982097187,575.882352941177,1159.71099744246,292.526854219949,113.820971867008,992.606138107417,413.734015345269,13441.621483376,9521.28388746803,391,24.935041158895,20.0207554675465,0.596091542202982,0.965432098765432,0.782,-1.5648718642776,FAHNSCC_15,HN,1,FAHNSCC_15,tumor cells,,carcinoma_in_situ_FAHNSCC_15_2
14864,16971,19335.3900928793,355.857585139319,128.356037151703,616.393188854489,411.105263157895,4505.15789473684,1508.58204334365,232.421052631579,962.628482972136,6260.40866873065,874.987616099071,213.801857585139,980.269349845201,4378.38699690403,581.448916408669,646.012383900929,1200.57585139319,2655.76160990712,594.089783281734,396.476780185759,995.092879256966,2008.69040247678,296.554179566563,2232.30340557276,1098.30959752322,864.808049535604,313.569659442724,188.575851393189,1015.59442724458,410.959752321981,14065.7058823529,9635.86996904025,323,20.7375714278394,19.8446303905032,0.290282797309852,0.967065868263473,0.769047619047619,-1.54432907268392,FAHNSCC_15,HN,1,FAHNSCC_15,stromal cells,,carcinoma_in_situ_FAHNSCC_15_2
14880,16988,3841.76177285319,185.700831024931,85.3684210526316,599.645429362881,16.404432132964,898.440443213296,409.030470914127,213.839335180055,949.21052631579,1581.4487534626,386.891966759003,1868.01939058172,961.404432132964,1233.5567867036,396.08864265928,136.379501385042,1036.9944598338,1055.67590027701,1429.46814404432,385.182825484765,963.168975069252,782.02216066482,288.027700831025,2442.15512465374,575.653739612188,784.847645429363,275.285318559557,109.842105263158,1005.56786703601,409.124653739612,13503.7700831025,8947.40166204986,361,25.3345078592276,18.1556484702917,0.697446237352744,0.96524064171123,0.791666666666667,0.372006354537997,FAHNSCC_15,HN,1,FAHNSCC_15,tumor cells,,carcinoma_in_situ_FAHNSCC_15_2
14900,17011,5700.75276752768,141.107011070111,68.9335793357934,596.878228782288,14.5461254612546,1450.76014760148,382.760147601476,194.014760147601,947.793357933579,2437.18081180812,369.191881918819,1953.22140221402,994.60147601476,1787.61992619926,389.892988929889,121.036900369004,1038.81180811808,1897.70110701107,1748.38745387454,384.369003690037,974.29520295203,1606.34686346863,366.955719557196,2059.67527675277,575.970479704797,983.29889298893,272.656826568266,120.306273062731,1004.52029520295,412.339483394834,13171.852398524,9191.9557195572,271,25.0815852616991,13.8103588449233,0.834757695043709,0.954225352112676,0.752777777777778,1.33035010040967,FAHNSCC_15,HN,1,FAHNSCC_15,tumor cells,,carcinoma_in_situ_FAHNSCC_15_2
14979,17104,12872.5316742081,207.199095022624,87.6742081447964,602.91628959276,209.303167420814,3258.74660633484,528.986425339367,194.443438914027,973.721719457014,4814.592760181,446.680995475113,221.970588235294,944.282805429864,3470.62895927602,670.857466063348,228.558823529412,956.753393665159,2835.31900452489,699.597285067873,391.671945701358,963.380090497738,2125.7850678733,272.943438914027,1464.03393665158,582.803167420815,752.567873303167,276.683257918552,113.466063348416,991.490950226244,410.653846153846,13615.5701357466,9430.98416289593,442,31.2741682246348,18.0656738414594,0.816281149724284,0.969298245614035,0.775438596491228,0.275516835593555,FAHNSCC_15,HN,1,FAHNSCC_15,stromal cells,,carcinoma_in_situ_FAHNSCC_15_2
14999,17127,25659.1900826446,426.061983471074,134.756198347107,615.789256198347,585.632231404959,6062.34710743802,680.657024793389,232.301652892562,1013.78099173554,8997.51239669422,549.615702479339,173.847107438017,950.479338842975,5715.38842975207,447.53305785124,205.053719008265,1029.19008264463,5045.19421487603,673.078512396694,403.714876033058,959.103305785124,4390.67355371901,322.706611570248,1742.11157024793,647.805785123967,1783.93801652893,326.904958677686,123.392561983471,1005.19421487603,420.247933884298,14690.5082644628,8682.21487603306,242,19.5798894428739,15.7895401083531,0.591348380250443,0.964143426294821,0.796052631578947,-0.277029856352769,FAHNSCC_15,HN,1,FAHNSCC_15,stromal cells,,carcinoma_in_situ_FAHNSCC_15_2
15053,17188,12635.3370607029,133.651757188498,58.8019169329073,594.246006389776,18.1773162939297,2954.44249201278,431.450479233227,216.509584664537,955.659744408946,4339.43769968051,383.683706070288,651.990415335463,1468.54632587859,3049.3338658147,356.217252396166,163.164536741214,1098.79392971246,2219.00798722045,807.477635782748,379.678913738019,1088.63738019169,1484.88977635783,5729.51277955272,1451.22364217252,575.892971246006,669.905750798722,217.319488817891,101.567092651757,969.779552715655,407.257188498403,13718.2444089457,9147.61182108626,626,31.8224548084491,25.3202454980156,0.605727336817759,0.970542635658915,0.776674937965261,-0.338604957476267,FAHNSCC_15,HN,1,FAHNSCC_15,Ki67+ tumor cells,,carcinoma_in_situ_FAHNSCC_15_2
15088,17228,10169.525483304,122.553602811951,80.4112478031635,597.771528998243,16.2126537785589,2226.34094903339,413.089630931459,231.81546572935,952.644991212654,3663.68541300527,393.001757469244,1440.39718804921,1060.72056239016,2531.91564147627,367.952548330404,135.826010544815,1115.11599297012,2165.35500878735,920.773286467487,393.463971880492,1101.60105448155,1625.82776801406,878.910369068541,1711.00702987698,576.275922671353,826.523725834798,251.989455184534,107.121265377856,989.474516695958,409.421792618629,13517.079086116,8598.09490333919,569,34.0775408950985,21.3382429374966,0.779688700452404,0.967687074829932,0.702469135802469,-0.610339521169698,FAHNSCC_15,HN,1,FAHNSCC_15,Ki67+ tumor cells,,carcinoma_in_situ_FAHNSCC_15_2
15091,17231,5724.5652173913,184.7,87.2086956521739,604.852173913043,10.5826086956522,1138.98695652174,429.782608695652,216.973913043478,961.786956521739,2018.63043478261,475.278260869565,3484.55652173913,1016.61304347826,1901.16086956522,403.408695652174,130.273913043478,1029.12173913044,1060.47391304348,1804.18695652174,440.517391304348,1012.99130434783,1160.93043478261,923.582608695652,3109.2,571.973913043478,916.7,296.613043478261,115.239130434783,1016.56956521739,416.391304347826,13669.2130434783,8266.06956521739,230,19.9665554130312,14.700872223933,0.676682623084116,0.950413223140496,0.709876543209877,-0.810497830772792,FAHNSCC_15,HN,1,FAHNSCC_15,Ki67+ tumor cells,,carcinoma_in_situ_FAHNSCC_15_2
15134,17279,28353.9377289377,296.483516483517,94.2380952380952,612.89010989011,426.054945054945,7060.64835164835,781.468864468865,246.336996336996,959.791208791209,10212.6080586081,596.432234432234,153.688644688645,949.043956043956,9304.54212454212,470.355311355311,149.117216117216,1181.47252747253,6325.43956043956,661.945054945055,402.32967032967,966.677655677656,6288.92673992674,318.589743589744,3090.17948717949,1417.77655677656,1980.36263736264,364.476190476191,144.432234432234,1038.69597069597,422.860805860806,14594.1501831502,9077.2380952381,273,20.6426825381095,16.8869335597545,0.57513421692348,0.975,0.798245614035088,0.638885487859843,FAHNSCC_15,HN,1,FAHNSCC_15,stromal cells,,carcinoma_in_situ_FAHNSCC_15_2
15155,17303,8971.07843137255,142.800653594771,80.8921568627451,610.71568627451,27.9967320261438,2051.0,522.918300653595,228.941176470588,950.686274509804,3111.46078431373,423.483660130719,736.045751633987,1009.98692810458,2142.51633986928,424.362745098039,158.539215686275,977.349673202614,1678.36274509804,1297.21895424837,389.359477124183,955.267973856209,1237.82679738562,2163.25490196078,2470.82352941177,579.264705882353,816.820261437909,304.820261437908,134.267973856209,1009.22875816993,410.944444444444,13660.1535947712,9093.6045751634,306,21.1376894356585,18.4665010572307,0.486592393747035,0.953271028037383,0.766917293233083,-0.0701250494262404,FAHNSCC_15,HN,1,FAHNSCC_15,Ki67+ tumor cells,,carcinoma_in_situ_FAHNSCC_15_2
15264,17424,9292.13090128755,219.272532188841,79.6974248927039,598.839055793991,16.1309012875536,864.821888412017,289.409871244635,182.978540772532,951.523605150215,3361.48927038627,378.218884120172,1316.04291845494,954.937768240343,2426.21888412017,362.639484978541,161.431330472103,1058.95922746781,1841.08369098712,1037.07510729614,392.420600858369,1043.75321888412,1317.2339055794,523.328326180258,1479.27896995708,573.944206008584,793.358369098713,255.409871244635,114.944206008584,979.650214592275,408.654506437768,13142.9678111588,8652.61373390558,466,30.3382795665823,19.6990340843008,0.760521434381458,0.958847736625514,0.776666666666667,0.0925763679443702,FAHNSCC_15,HN,1,FAHNSCC_15,tumor cells,,carcinoma_in_situ_FAHNSCC_15_2
15295,17461,6312.52892561984,130.944903581267,73.4683195592287,605.085399449036,13.2809917355372,1586.13774104683,446.209366391185,196.338842975207,942.716253443526,2634.79063360882,387.170798898072,1823.26446280992,944.625344352617,2304.41873278237,339.570247933884,121.250688705234,888.426997245179,2082.36363636364,878.176308539945,393.578512396694,946.99173553719,1665.43801652893,912.798898071625,2410.21487603306,575.02479338843,1275.55371900826,335.881542699725,125.873278236915,1031.6694214876,419.019283746557,14317.4655647383,8418.35812672176,363,25.6848511992914,17.9948650018853,0.713552003822772,0.962864721485411,0.75625,0.464570938076429,FAHNSCC_15,HN,1,FAHNSCC_15,Ki67+ tumor cells,,carcinoma_in_situ_FAHNSCC_15_2
15297,17463,7100.94565217391,179.339673913043,80.1684782608696,603.839673913044,16.9891304347826,1697.63586956522,400.407608695652,197.236413043478,944.932065217391,2906.27717391304,385.646739130435,3037.80434782609,969.157608695652,2022.40217391304,378.703804347826,122.809782608696,1040.09782608696,1997.71739130435,1161.77445652174,389.127717391304,963.76902173913,1476.18206521739,554.209239130435,3166.83967391304,573.16847826087,965.538043478261,280.820652173913,114.616847826087,1016.73097826087,412.095108695652,13640.2989130435,8528.04891304348,368,26.4296960841679,17.7348538233281,0.74143927762777,0.973544973544974,0.817777777777778,0.276250693043007,FAHNSCC_15,HN,1,FAHNSCC_15,tumor cells,,carcinoma_in_situ_FAHNSCC_15_2
15318,17487,3801.26870748299,126.785714285714,68.1530612244898,599.353741496599,24.7993197278912,850.074829931973,422.010204081633,198.680272108844,954.132653061224,1505.71428571429,387.241496598639,3229.74489795918,959.69387755102,1197.57482993197,407.108843537415,121.017006802721,1020.61904761905,1053.8537414966,2065.20408163265,384.612244897959,963.309523809524,766.591836734694,326.312925170068,2482.83333333333,577.006802721088,816.880952380952,278.78231292517,120.850340136054,1004.38775510204,411.289115646259,13957.6496598639,8608.18707482993,294,21.8815039357608,17.1296328501874,0.622227870391091,0.967105263157895,0.777777777777778,0.589641389144565,FAHNSCC_15,HN,1,FAHNSCC_15,tumor cells,,carcinoma_in_situ_FAHNSCC_15_2
15335,17506,13858.2787610619,306.088495575221,109.796460176991,608.508849557522,556.544247787611,3816.10619469027,566.942477876106,209.132743362832,976.977876106195,5266.99115044248,495.132743362832,170.030973451327,966.336283185841,4296.70796460177,549.508849557522,135.70796460177,1335.23008849558,3977.09734513274,600.637168141593,392.194690265487,971.314159292035,3651.61504424779,267.504424778761,4147.30530973451,1455.61061946903,1399.64601769912,368.526548672566,134.199115044248,1013.46017699115,417.579646017699,13985.8539823009,9693.72566371681,226,19.9817047900321,14.4111673319552,0.692708048218557,0.953586497890295,0.738562091503268,-0.721516280874464,FAHNSCC_15,HN,1,FAHNSCC_15,stromal cells,,carcinoma_in_situ_FAHNSCC_15_2
15337,17509,21818.9345794393,601.495327102804,1060.97663551402,617.897196261682,994.214953271028,5282.11682242991,604.158878504673,217.845794392523,996.397196261682,8812.01401869159,513.602803738318,274.233644859813,949.196261682243,4986.29439252337,423.056074766355,153.140186915888,1029.47663551402,4354.18224299065,681.471962616823,410.855140186916,1014.15887850467,3157.0,355.785046728972,962.658878504673,576.747663551402,1573.67757009346,324.705607476636,123.658878504673,997.369158878505,415.883177570093,13759.5186915888,8533.46728971963,214,20.5261222077864,13.2764104463366,0.762654926873822,0.968325791855204,0.764285714285714,0.319782966548193,FAHNSCC_15,HN,1,FAHNSCC_15,regulatory T cells,,carcinoma_in_situ_FAHNSCC_15_2
15467,17669,33321.6260504202,734.899159663866,306.075630252101,610.550420168067,376.995798319328,7651.09243697479,1010.02100840336,240.991596638656,963.59243697479,10740.3823529412,603.247899159664,162.77731092437,970.714285714286,8745.3487394958,526.953781512605,521.668067226891,1098.70588235294,6530.05462184874,639.273109243698,420.218487394958,969.596638655462,5970.8025210084,280.894957983193,479.773109243698,607.642857142857,2489.45378151261,358.609243697479,154.231092436975,1006.6218487395,427.617647058824,14744.4537815126,9213.94537815126,238,19.3088240519716,15.7232901261958,0.580435901329922,0.975409836065574,0.777777777777778,-0.777557490181945,FAHNSCC_15,HN,1,FAHNSCC_15,CD4+ T cells,,carcinoma_in_situ_FAHNSCC_15_2
15468,17671,27177.5673758865,275.124113475177,88.3191489361702,605.187943262411,63.9609929078014,6967.28014184397,821.822695035461,235.145390070922,958.695035460993,10958.5780141844,577.723404255319,162.957446808511,952.985815602837,9370.09929078014,447.36170212766,185.049645390071,1147.11347517731,7582.06737588653,636.070921985816,404.390070921986,965.280141843972,9358.00709219858,318.507092198582,6361.0,1112.62765957447,3089.41134751773,393.106382978723,148.039007092199,1045.48226950355,431.485815602837,14408.6418439716,9159.04255319149,282,20.7220424210839,17.3214694572674,0.54888806901291,0.969072164948454,0.829411764705882,-1.3954347572074,FAHNSCC_15,HN,1,FAHNSCC_15,stromal cells,,carcinoma_in_situ_FAHNSCC_15_2
15483,17686,34125.8540372671,419.242236024845,125.562111801242,622.993788819876,476.093167701863,8558.31366459627,828.006211180124,264.326086956522,964.73602484472,12841.7701863354,726.791925465839,164.093167701863,969.965838509317,10779.1614906832,487.018633540373,183.95652173913,1312.2950310559,6995.60248447205,800.139751552795,429.953416149068,992.434782608696,7138.62732919255,368.257763975155,7947.28881987578,2479.75155279503,1382.51242236025,353.975155279503,136.052795031056,1033.80434782609,420.254658385093,14810.9409937888,8931.86335403727,322,21.1398131592099,19.4485094850501,0.391931530659087,0.969879518072289,0.807017543859649,0.113458311473468,FAHNSCC_15,HN,1,FAHNSCC_15,endothelial cells,,carcinoma_in_situ_FAHNSCC_15_2
15518,17727,20685.072555205,351.476340694006,120.779179810726,619.141955835962,798.611987381703,5032.2523659306,1014.64984227129,220.687697160883,1061.76340694006,7012.56782334385,1077.52681388013,228.375394321767,964.258675078864,4156.23974763407,1073.02839116719,1041.3690851735,1126.00315457413,2800.90536277603,619.082018927445,414.082018927445,962.230283911672,1996.90220820189,341.93690851735,2527.73186119874,604.160883280757,928.507886435331,280.545741324921,159.031545741325,995.794952681388,411.652996845426,14551.8958990536,8498.65930599369,317,26.2786508988275,15.3871612832016,0.810644613474369,0.97239263803681,0.812820512820513,0.125408315960015,FAHNSCC_15,HN,1,FAHNSCC_15,M2 macrophages,,carcinoma_in_situ_FAHNSCC_15_2
15521,17730,10721.9411764706,161.833333333333,78.1137254901961,607.01568627451,23.2313725490196,2605.42352941177,576.678431372549,230.541176470588,944.73137254902,4210.38823529412,441.694117647059,717.374509803922,1070.25294117647,3147.92941176471,453.247058823529,173.398039215686,1083.85490196078,2170.43333333333,1281.21960784314,395.456862745098,1012.3568627451,1655.29019607843,9400.89803921569,2268.55098039216,575.217647058824,959.227450980392,315.556862745098,165.376470588235,1014.02352941176,411.172549019608,13918.4607843137,8880.63333333333,510,32.0569913214851,20.2871799127846,0.774276639370091,0.965909090909091,0.708333333333333,1.03747565142466,FAHNSCC_15,HN,1,FAHNSCC_15,Ki67+ tumor cells,,carcinoma_in_situ_FAHNSCC_15_2
15579,17794,11531.4140127389,164.605095541401,69.4649681528663,606.764331210191,390.84076433121,2791.6178343949,641.687898089172,187.789808917197,947.019108280255,4282.85987261147,481.732484076433,157.019108280255,952.547770700637,3350.36942675159,561.949044585987,372.503184713376,1156.66242038217,3013.70063694268,533.528662420382,386.414012738854,981.235668789809,2770.03184713376,240.305732484076,2998.95541401274,1043.23566878981,1045.33121019108,297.777070063694,127.732484076433,1023.36305732484,411.535031847134,13722.0191082803,9640.87261146497,157,15.4205335172692,13.09661316652,0.527915307065768,0.94578313253012,0.805128205128205,0.40697537213076,FAHNSCC_15,HN,1,FAHNSCC_15,stromal cells,,carcinoma_in_situ_FAHNSCC_15_2
15701,17933,12060.409703504,309.245283018868,96.6091644204852,603.66846361186,9.97035040431267,2666.41239892183,541.943396226415,232.587601078167,947.377358490566,4102.97035040431,488.388140161725,1960.06199460916,960.250673854447,3467.39083557951,547.261455525607,142.99730458221,964.460916442048,2872.98382749326,2408.78167115903,425.277628032345,985.172506738544,2545.0539083558,985.175202156334,4432.77358490566,575.355795148248,1693.03504043127,404.212938005391,147.549865229111,1021.90835579515,425.983827493262,14436.0134770889,8123.47708894879,371,29.5162063469644,16.1293806820066,0.837486209366869,0.961139896373057,0.779411764705882,-1.29641836815587,FAHNSCC_15,HN,1,FAHNSCC_15,Ki67+ tumor cells,,carcinoma_in_situ_FAHNSCC_15_2
15732,17966,17632.6811594203,349.55652173913,90.0289855072464,608.620289855072,259.089855072464,3778.66666666667,4227.11304347826,199.626086956522,953.286956521739,6533.4115942029,474.020289855072,611.150724637681,981.571014492754,4300.54492753623,667.115942028986,180.275362318841,1195.68985507246,3075.92463768116,2243.13333333333,395.23768115942,990.684057971015,2396.5652173913,419.350724637681,3385.8115942029,574.472463768116,978.582608695652,290.194202898551,344.365217391304,1022.07536231884,411.739130434783,13444.4289855072,8665.39710144927,345,22.8231014654281,19.2416591807046,0.537790998100472,0.971830985915493,0.784090909090909,0.546434826224292,FAHNSCC_15,HN,1,FAHNSCC_15,M1/M0 macrophages,,carcinoma_in_situ_FAHNSCC_15_2
15767,18006,41072.6242038217,468.070063694268,131.554140127389,607.299363057325,176.197452229299,10310.6433121019,919.146496815287,288.573248407643,970.006369426752,15936.8535031847,776.535031847134,200.745222929936,976.484076433121,11879.1719745223,536.847133757962,273.566878980892,1219.65605095541,9265.64331210191,817.299363057325,437.095541401274,967.949044585987,8773.40127388535,415.382165605096,5812.15923566879,1444.75159235669,2854.93630573248,381.101910828026,149.152866242038,1040.88535031847,430.872611464968,14654.2738853503,8514.66878980892,157,15.128886245363,13.3472337249568,0.470809213133332,0.93452380952381,0.747619047619048,-0.31279149939143,FAHNSCC_15,HN,1,FAHNSCC_15,stromal cells,,carcinoma_in_situ_FAHNSCC_15_2
15789,18031,10599.7068493151,146.964383561644,75.9835616438356,601.553424657534,16.5671232876712,2330.53424657534,408.695890410959,221.041095890411,955.854794520548,3570.00547945205,377.331506849315,2741.18630136986,1053.41369863014,2516.51780821918,359.4,137.87397260274,981.515068493151,2246.33698630137,687.27397260274,377.465753424658,995.786301369863,1813.25753424658,446.4,1769.46301369863,572.6,883.312328767123,254.712328767123,110.109589041096,979.580821917808,407.254794520548,13786.0602739726,9115.21369863014,365,27.8299222055497,16.7699927408923,0.798052020617062,0.958005249343832,0.766806722689076,-0.120667561286886,FAHNSCC_15,HN,1,FAHNSCC_15,tumor cells,,carcinoma_in_situ_FAHNSCC_15_2
15835,18087,8558.91966173362,165.714587737844,84.9767441860465,602.775898520085,12.7124735729387,1977.54122621564,471.306553911205,228.099365750529,951.809725158562,3145.41649048626,409.729386892178,1665.92600422833,1077.8689217759,2630.69978858351,380.877378435518,156.217758985201,1006.5665961945,1888.0422832981,1381.74418604651,419.816067653277,1054.9133192389,1500.41860465116,3740.75898520085,3323.42071881607,575.503171247357,1004.61733615222,314.295983086681,118.794926004228,996.3911205074,418.896405919662,14249.5961945032,8214.71458773784,473,31.062985443128,19.4288147388866,0.780252107075241,0.959432048681542,0.716666666666667,-0.370835273004846,FAHNSCC_15,HN,1,FAHNSCC_15,Ki67+ tumor cells,,carcinoma_in_situ_FAHNSCC_15_2
15843,18095,7366.84813084112,176.782710280374,77.2009345794393,602.492990654206,16.2827102803738,1888.34345794392,408.343457943925,190.595794392523,945.82476635514,2999.77570093458,365.677570093458,4323.14953271028,957.397196261682,2156.44859813084,341.815420560748,122.941588785047,979.614485981308,2158.3714953271,847.586448598131,392.63785046729,973.278037383178,1890.06074766355,368.771028037383,1068.18224299065,577.03738317757,1179.41355140187,304.418224299065,120.320093457944,997.406542056075,413.511682242991,13067.9042056075,9063.52336448598,428,26.1530353006364,20.8773366387133,0.602292003852389,0.959641255605381,0.748251748251748,0.402353156057626,FAHNSCC_15,HN,1,FAHNSCC_15,tumor cells,,carcinoma_in_situ_FAHNSCC_15_2
15853,18106,5526.57916666667,209.629166666667,97.25,599.0125,46.2083333333333,1399.34166666667,549.8,202.079166666667,949.066666666667,2579.475,405.316666666667,2548.625,962.070833333333,2152.26666666667,383.05,126.983333333333,1013.41666666667,1982.12916666667,1157.4625,395.320833333333,944.345833333333,1710.82083333333,500.220833333333,4869.16666666667,578.895833333333,1216.12916666667,315.916666666667,123.004166666667,1000.55833333333,416.433333333333,13982.3083333333,8563.0625,240,18.2381778379761,16.7844747124413,0.391228904716111,0.948616600790514,0.743034055727554,-0.122508518970132,FAHNSCC_15,HN,1,FAHNSCC_15,tumor cells,,carcinoma_in_situ_FAHNSCC_15_2
15855,18108,8308.0467571644,126.993966817496,72.3800904977376,601.894419306184,16.0935143288084,1908.69230769231,466.155354449472,239.579185520362,953.722473604826,3014.12368024133,396.871794871795,2085.97586726999,1178.06033182504,2458.21719457014,373.463046757164,153.69532428356,1008.47360482655,1776.09653092006,1241.32277526395,404.340874811463,983.061840120664,1430.39969834088,5872.65912518854,2622.92156862745,573.870286576169,989.450980392157,300.654600301659,115.935143288084,998.595776772247,416.218702865762,14066.5067873303,8197.60784313726,663,40.1629926553781,21.1331123690943,0.850370922738722,0.959479015918958,0.65,-0.961606567011573,FAHNSCC_15,HN,1,FAHNSCC_15,Ki67+ tumor cells,,carcinoma_in_situ_FAHNSCC_15_2
15856,18109,6963.20221606648,184.04432132964,104.180055401662,600.714681440443,21.5872576177285,1640.96398891967,478.409972299169,192.210526315789,953.17728531856,2733.57617728532,412.268698060942,2575.17174515235,961.745152354571,2231.41551246537,422.282548476454,169.180055401662,1004.6703601108,1937.47091412742,1679.65927977839,393.692520775623,955.252077562327,1580.54570637119,462.919667590028,3314.09695290859,575.908587257618,1142.79778393352,316.354570637119,127.060941828255,1027.5567867036,414.800554016621,13963.4903047091,8533.02493074792,361,25.4845370211978,18.0310765609107,0.70668322710929,0.96524064171123,0.771367521367521,0.101207717013797,FAHNSCC_15,HN,1,FAHNSCC_15,tumor cells,,carcinoma_in_situ_FAHNSCC_15_2
15859,18113,15451.7428571429,347.304761904762,108.104761904762,613.119047619048,279.233333333333,4174.70476190476,714.1,228.2,949.9,6529.48095238095,566.252380952381,341.12380952381,972.2,5543.0380952381,480.690476190476,380.828571428571,1046.60952380952,4874.83333333333,608.609523809524,399.219047619048,957.795238095238,5327.59047619048,300.138095238095,5632.80952380952,798.533333333333,2541.15238095238,390.271428571429,154.461904761905,1035.03333333333,426.861904761905,14437.080952381,9199.79523809524,210,19.0370345078871,14.0670640932002,0.673780577880788,0.954545454545455,0.736842105263158,-1.13488348750652,FAHNSCC_15,HN,1,FAHNSCC_15,stromal cells,,carcinoma_in_situ_FAHNSCC_15_2
15883,18139,6108.43665158371,191.031674208145,72.4977375565611,597.846153846154,16.8755656108597,1437.08597285068,451.337104072398,207.393665158371,951.223981900452,2433.96380090498,438.674208144796,1780.41628959276,980.156108597285,2441.0,481.06334841629,130.251131221719,1043.61085972851,2012.78733031674,1723.82126696833,400.859728506787,967.796380090498,1643.82352941176,486.502262443439,4914.99773755656,580.269230769231,1136.7556561086,333.934389140272,121.434389140271,1013.98416289593,416.466063348416,14449.6357466063,8426.90497737557,442,30.1347943571813,18.7307095805375,0.783363220757509,0.962962962962963,0.725779967159278,1.22079613397572,FAHNSCC_15,HN,1,FAHNSCC_15,tumor cells,,carcinoma_in_situ_FAHNSCC_15_2
15888,18145,15154.3873581848,109.638573743922,79.3468395461913,600.570502431118,20.3290113452188,3787.80226904376,500.888168557536,210.745542949757,956.440842787682,6139.87520259319,412.962722852512,1182.51863857374,1472.23500810373,4232.59481361426,367.580226904376,160.996758508914,1083.11183144246,2949.07779578606,839.307941653161,394.340356564019,1032.09886547812,1931.35170178282,7284.03079416532,1019.26580226904,574.461912479741,735.559157212318,239.5056726094,107.468395461912,983.382495948136,407.312803889789,13630.982171799,8752.24473257699,617,33.905202896876,23.3253832189046,0.725749728481949,0.970125786163522,0.77125,-1.22723857382045,FAHNSCC_15,HN,1,FAHNSCC_15,Ki67+ tumor cells,,carcinoma_in_situ_FAHNSCC_15_2
15908,18166,4443.04482758621,229.579310344828,79.9655172413793,599.489655172414,14.8448275862069,1113.4,416.193103448276,186.955172413793,941.879310344828,1992.82413793103,397.658620689655,3133.55517241379,945.331034482759,1652.50689655172,364.668965517241,117.013793103448,968.18275862069,1730.93448275862,677.78275862069,391.120689655173,943.786206896552,1463.23793103448,282.110344827586,2558.73793103448,573.206896551724,1130.84482758621,321.658620689655,120.634482758621,1001.81034482759,410.393103448276,13433.3344827586,9043.76551724138,290,21.5205845800377,17.1713929027462,0.602782552354661,0.966666666666667,0.805555555555556,-0.53329867871632,FAHNSCC_15,HN,1,FAHNSCC_15,tumor cells,,carcinoma_in_situ_FAHNSCC_15_2
15939,18201,11468.5873605948,171.416356877323,70.0557620817844,601.483271375465,19.1635687732342,2712.08550185874,449.468401486989,210.992565055762,951.234200743494,3851.06319702602,384.92936802974,1382.53159851301,983.252788104089,2812.60223048327,386.156133828996,131.014869888476,1018.99256505576,2300.05576208178,900.167286245353,379.10780669145,960.31970260223,1919.30483271375,434.063197026022,2313.05204460967,578.92936802974,814.851301115242,259.687732342007,112.71375464684,986.966542750929,410.46468401487,14076.8364312268,9065.68401486989,269,20.3491418327362,16.8846458683996,0.558139218771537,0.96415770609319,0.791176470588235,0.0513161546176391,FAHNSCC_15,HN,1,FAHNSCC_15,tumor cells,,carcinoma_in_situ_FAHNSCC_15_2
15948,18211,11557.6814159292,233.141592920354,89.740412979351,605.120943952802,45.8023598820059,2672.73746312684,513.023598820059,233.693215339233,945.277286135693,4035.79646017699,451.294985250738,700.020648967552,993.746312684366,2456.9203539823,371.929203539823,150.362831858407,1017.57817109145,1773.80530973451,820.097345132743,397.811209439528,984.129793510324,1217.79056047198,3432.66371681416,2021.29203539823,577.474926253687,950.946902654867,316.171091445428,117.823008849558,998.578171091446,416.787610619469,14159.0884955752,8634.9616519174,339,24.9302568985781,17.3819696330433,0.716853476332681,0.974137931034483,0.775743707093822,-0.445385322512078,FAHNSCC_15,HN,1,FAHNSCC_15,Ki67+ tumor cells,,carcinoma_in_situ_FAHNSCC_15_2
15956,18220,11254.9446494465,144.350553505535,81.4760147601476,599.361623616236,24.9077490774908,2525.30996309963,526.036900369004,231.756457564576,945.070110701107,3652.77859778598,396.254612546126,614.413284132841,1062.74354243542,2701.30073800738,358.276752767528,154.29889298893,1082.20295202952,2048.4557195572,968.726937269373,387.164206642066,1013.42988929889,1518.41328413284,944.483394833948,1646.64206642066,576.887453874539,840.549815498155,268.464944649447,122.785977859779,987.448339483395,410.147601476015,14042.8025830258,8850.31180811808,542,36.4608923557545,18.9704517324643,0.853986069556974,0.966131907308378,0.737414965986395,0.292740163809033,FAHNSCC_15,HN,1,FAHNSCC_15,Ki67+ tumor cells,,carcinoma_in_situ_FAHNSCC_15_2
15982,18253,6407.82990654206,163.493457943925,86.0186915887851,598.900934579439,19.7383177570093,1574.30093457944,435.246728971963,257.65046728972,951.366355140187,2395.47289719626,384.104672897196,1353.45981308411,1030.37570093458,1606.68598130841,393.34953271028,142.585046728972,1070.97943925234,1286.33457943925,1331.50280373832,377.358878504673,1076.60934579439,923.076635514019,496.28785046729,1490.7476635514,577.140186915888,746.577570093458,263.723364485981,112.396261682243,993.140186915888,408.581308411215,13471.9102803738,9291.40560747664,535,28.8863472507018,23.612904772566,0.576011344373051,0.970961887477314,0.796130952380952,1.19054045456692,FAHNSCC_15,HN,1,FAHNSCC_15,tumor cells,,carcinoma_in_situ_FAHNSCC_15_2
15992,18264,6814.27927927928,189.108108108108,76.9932432432432,602.524774774775,17.1103603603604,1633.79954954955,398.601351351351,187.858108108108,946.283783783784,2583.36261261261,348.68018018018,2437.93468468468,967.25,2161.71171171171,354.441441441441,119.75,979.77027027027,2094.9527027027,742.626126126126,383.443693693694,953.81981981982,1831.58783783784,412.43018018018,2320.18243243243,574.849099099099,1133.37162162162,292.36036036036,116.783783783784,996.792792792793,412.477477477478,13806.1013513514,9024.98873873874,444,26.0326122445781,21.7564685629777,0.549126918649167,0.971553610503282,0.807272727272727,0.415307899924595,FAHNSCC_15,HN,1,FAHNSCC_15,tumor cells,,carcinoma_in_situ_FAHNSCC_15_2
16013,18288,13457.0552486188,145.696132596685,74.671270718232,600.593922651934,26.6546961325967,2691.80110497238,594.038674033149,214.113259668508,935.198895027624,4601.17955801105,383.024861878453,1039.16850828729,1044.45303867403,2993.61878453039,376.267955801105,149.569060773481,1034.34806629834,2529.70718232044,1079.39226519337,394.14364640884,1030.72099447514,2035.44475138122,431.378453038674,1812.76795580111,578.243093922652,1052.41160220994,285.853591160221,117.585635359116,992.839779005525,412.085635359116,13116.1850828729,8879.30662983426,362,24.9192734751633,18.5461800509618,0.667900662038607,0.962765957446808,0.715415019762846,0.771485785144125,FAHNSCC_15,HN,1,FAHNSCC_15,tumor cells,,carcinoma_in_situ_FAHNSCC_15_2
16079,18363,7811.27215189874,161.284810126582,75.3417721518987,603.621835443038,18.7120253164557,1674.5585443038,452.851265822785,247.302215189873,961.341772151899,2473.75316455696,380.028481012658,1398.45411392405,1138.16297468354,1682.44620253165,370.058544303798,162.29746835443,1167.67405063291,1315.6914556962,618.370253164557,377.955696202532,1138.80221518987,897.596518987342,275.518987341772,2159.03639240506,577.602848101266,691.352848101266,235.863924050633,107.207278481013,977.075949367089,407.087025316456,13975.4556962025,9012.61234177215,632,29.4879790557149,27.3439958608147,0.37433639454741,0.976816074188563,0.806122448979592,0.712076048060243,FAHNSCC_15,HN,1,FAHNSCC_15,tumor cells,,carcinoma_in_situ_FAHNSCC_15_2
16080,18364,12708.1315068493,252.008219178082,85.9698630136986,603.841095890411,17.5780821917808,2931.26301369863,533.895890410959,238.287671232877,952.660273972603,4618.33698630137,412.468493150685,1917.7095890411,1064.8301369863,3333.17534246575,395.575342465753,159.61095890411,1030.4602739726,2389.93424657534,981.52602739726,392.465753424658,1040.22739726027,1852.35616438356,13441.2493150685,1600.77534246575,573.734246575343,977.024657534247,287.994520547945,114.030136986301,1003.72328767123,411.986301369863,13735.3534246575,8882.41917808219,365,22.8283368048748,20.3874022810361,0.44990908812388,0.970744680851064,0.79004329004329,-0.696108164622689,FAHNSCC_15,HN,1,FAHNSCC_15,Ki67+ tumor cells,,carcinoma_in_situ_FAHNSCC_15_2
16128,18421,9618.97285067873,203.180995475113,77.6742081447964,604.518099547511,14.8529411764706,2231.45701357466,686.628959276018,245.4592760181,959.803167420814,3834.64253393665,497.726244343891,937.929864253394,959.366515837104,3165.04524886878,436.470588235294,206.963800904977,987.690045248869,2600.06561085973,952.642533936652,416.588235294118,1038.38009049774,2182.49321266968,389.457013574661,758.884615384615,580.943438914027,1448.31674208145,388.658371040724,132.149321266968,981.647058823529,425.850678733032,14228.8642533937,8453.00452488688,442,27.3481439353511,20.6171998417074,0.657012928375094,0.965065502183406,0.779541446208113,0.0788427709070417,FAHNSCC_15,HN,1,FAHNSCC_15,tumor cells,,carcinoma_in_situ_FAHNSCC_15_2
16131,18424,26026.9787985866,249.989399293286,104.190812720848,617.318021201413,532.466431095406,5995.2296819788,737.978798586573,240.60777385159,972.689045936396,8813.96113074205,637.314487632509,151.042402826855,955.134275618374,7644.5406360424,545.946996466431,183.04593639576,1380.05300353357,5268.86219081272,692.08480565371,418.257950530035,977.802120141343,5273.40282685512,318.60777385159,8171.70671378092,2485.0,1608.63957597173,372.208480565371,135.724381625442,1035.53356890459,422.996466431095,14786.0636042403,8986.73144876325,283,21.1095767329986,17.1208855807323,0.584979240747601,0.959322033898305,0.748677248677249,-0.37192908488825,FAHNSCC_15,HN,1,FAHNSCC_15,endothelial cells,,carcinoma_in_situ_FAHNSCC_15_2
16146,18439,9463.99754299754,138.46683046683,70.5282555282555,600.769041769042,24.0565110565111,2332.87223587224,555.287469287469,237.063882063882,951.739557739558,3531.87469287469,412.850122850123,615.825552825553,1071.84520884521,2514.21867321867,410.004914004914,151.572481572482,1062.56265356265,1998.74938574939,1336.29238329238,382.326781326781,1006.38329238329,1597.10319410319,294.739557739558,3099.11793611794,579.044226044226,853.479115479116,287.415233415233,128.808353808354,1003.83046683047,410.712530712531,14102.3341523342,9235.76412776413,407,24.721916454775,21.0217572686505,0.526251794704777,0.950934579439252,0.74,-0.134448759571572,FAHNSCC_15,HN,1,FAHNSCC_15,tumor cells,,carcinoma_in_situ_FAHNSCC_15_2
16154,18447,27281.330472103,856.437768240343,139.93991416309,621.098712446352,479.274678111588,6499.24463519313,723.25321888412,228.896995708155,1024.00858369099,8716.83261802575,565.339055793991,179.798283261803,967.944206008584,6915.41201716738,525.034334763949,151.914163090129,1070.66094420601,5702.6008583691,608.648068669528,395.44635193133,970.25321888412,5207.69527896996,279.87982832618,1558.90128755365,655.536480686695,1551.2017167382,329.665236051502,135.759656652361,999.429184549356,415.703862660944,14108.8969957082,9664.76824034335,233,17.5813422238617,16.9131927218882,0.273061168260894,0.970833333333333,0.806228373702422,-0.292125144625382,FAHNSCC_15,HN,1,FAHNSCC_15,CD4+ T cells,,carcinoma_in_situ_FAHNSCC_15_2
16162,18455,16816.2913669065,425.525179856115,107.705035971223,606.553956834532,204.708633093525,4137.39568345324,2868.61151079137,220.438848920863,958.086330935252,6809.86330935252,528.992805755396,1594.4964028777,953.492805755396,4225.62589928058,607.589928057554,203.643884892086,1059.51798561151,3900.62949640288,2311.14748201439,405.467625899281,996.920863309352,3017.01438848921,406.812949640288,3906.85251798561,579.55035971223,1587.76258992806,325.589928057554,339.251798561151,1015.48561151079,416.593525179856,13958.2230215827,8501.4964028777,278,20.1884068506579,17.5476486620294,0.494470651987117,0.972027972027972,0.817647058823529,-0.0484612837344375,FAHNSCC_15,HN,1,FAHNSCC_15,tumor cells,,carcinoma_in_situ_FAHNSCC_15_2
16170,18464,13650.7638483965,251.583090379009,100.932944606414,608.816326530612,452.250728862974,2796.83090379009,502.892128279883,206.606413994169,959.163265306122,4465.47813411079,435.97667638484,1748.19825072886,966.804664723032,3639.42274052478,955.186588921283,153.405247813411,1109.7667638484,1520.06413994169,2782.07871720117,287.845481049563,993.166180758018,1435.95043731778,356.174927113703,2090.45772594752,588.781341107872,750.690962099125,247.600583090379,107.067055393586,1221.17201166181,413.303206997085,13662.8629737609,8236.97084548105,343,22.026189780992,20.1009696258279,0.408866860022762,0.966197183098592,0.777777777777778,0.842708521508894,FAHNSCC_15,HN,1,FAHNSCC_15,tumor cells,,carcinoma_in_situ_FAHNSCC_15_2
16246,18548,35291.84,597.511111111111,292.68,619.773333333333,262.6,8081.76444444444,846.933333333333,245.471111111111,958.213333333333,10517.1688888889,623.386666666667,200.688888888889,999.617777777778,8253.06666666667,577.457777777778,168.777777777778,950.8,6118.28,615.586666666667,401.035555555556,952.457777777778,5539.51111111111,294.888888888889,877.444444444445,601.617777777778,2058.66666666667,349.257777777778,134.76,1011.19555555556,423.653333333333,14109.6266666667,9763.04,225,21.8151075332272,13.1803260363636,0.796845285065685,0.953389830508475,0.75,-1.2042943199759,FAHNSCC_15,HN,1,FAHNSCC_15,CD4+ T cells,,carcinoma_in_situ_FAHNSCC_15_2
16303,18614,16449.0948905109,262.138686131387,90.7408759124088,605.419708029197,260.576642335766,4117.78467153285,1374.6094890511,223.992700729927,961.047445255474,6096.69708029197,1641.68613138686,152.204379562044,941.86496350365,4502.25547445256,522.478102189781,291.350364963504,1313.46350364964,3724.22627737226,624.302919708029,400.817518248175,970.737226277372,3492.8102189781,300.156934306569,5730.21897810219,1179.7700729927,1257.40510948905,327.78102189781,200.613138686131,1024.5401459854,415.124087591241,14617.598540146,8982.59854014599,274,20.6987442822217,16.9200400814446,0.576009740737149,0.958041958041958,0.761111111111111,-0.493939993469906,FAHNSCC_15,HN,1,FAHNSCC_15,M2 macrophages,,carcinoma_in_situ_FAHNSCC_15_2
16323,18635,17884.6418604651,272.079069767442,88.4046511627907,605.572093023256,286.381395348837,4771.92558139535,684.186046511628,227.916279069767,956.674418604651,7599.88372093023,579.93023255814,182.167441860465,954.920930232558,7193.26511627907,504.232558139535,154.93488372093,1098.92093023256,5272.22790697675,690.097674418605,432.827906976744,949.074418604651,4627.19534883721,349.632558139535,3718.12558139535,838.251162790698,2289.43720930233,341.013953488372,129.944186046512,1009.70697674419,421.655813953488,14639.5023255814,8428.37209302326,215,20.7345297543866,13.2100642810328,0.770777353666122,0.959821428571429,0.767857142857143,0.275973446826069,FAHNSCC_15,HN,1,FAHNSCC_15,stromal cells,,carcinoma_in_situ_FAHNSCC_15_2
16353,18668,7379.19825072886,132.195335276968,66.1078717201166,592.679300291545,19.0787172011662,1716.46355685131,409.827988338192,188.743440233236,945.247813411079,2832.21282798834,398.169096209913,1814.38192419825,972.422740524781,2402.90670553936,396.262390670554,120.172011661808,985.769679300292,2132.36443148688,1448.3556851312,383.303206997085,963.434402332362,2028.80174927114,798.099125364432,2975.73469387755,578.061224489796,1102.8804664723,294.705539358601,118.743440233236,1016.01749271137,411.650145772595,13788.1778425656,9333.83673469388,343,25.1577993228666,17.3791823323603,0.723039261430625,0.963483146067416,0.807058823529412,0.109853266207605,FAHNSCC_15,HN,1,FAHNSCC_15,Ki67+ tumor cells,,carcinoma_in_situ_FAHNSCC_15_2
16444,18769,8480.62237762238,241.484848484849,86.6596736596737,599.475524475525,14.965034965035,1833.00233100233,439.801864801865,218.715617715618,952.736596736597,2867.13986013986,385.025641025641,2995.34265734266,1008.0303030303,2736.0675990676,395.184149184149,131.263403263403,975.762237762238,2213.04662004662,1398.67132867133,412.657342657343,1003.90675990676,1649.63636363636,394.778554778555,2529.59906759907,575.053613053613,1101.74125874126,323.480186480187,120.878787878788,1014.12121212121,420.167832167832,13780.5827505828,8299.15850815851,429,30.4133968380248,17.9661940632699,0.806867177910073,0.981693363844394,0.729591836734694,-1.08047103052822,FAHNSCC_15,HN,1,FAHNSCC_15,tumor cells,,carcinoma_in_situ_FAHNSCC_15_2
16454,18781,7490.81388888889,165.444444444444,80.6055555555556,605.455555555556,16.0388888888889,2014.30277777778,458.875,257.469444444444,960.461111111111,3191.05,423.547222222222,1511.65277777778,1012.51666666667,2207.7,421.630555555556,145.161111111111,1099.26111111111,1693.3,1981.37777777778,391.725,978.275,1164.76944444444,610.911111111111,3070.025,577.886111111111,854.319444444445,294.630555555556,121.227777777778,1011.25833333333,410.027777777778,13773.925,8741.60833333333,360,22.8355276226138,20.1900638482606,0.467200483448802,0.949868073878628,0.779220779220779,0.540061185651242,FAHNSCC_15,HN,1,FAHNSCC_15,tumor cells,,carcinoma_in_situ_FAHNSCC_15_2
16483,18814,10758.939481268,185.914985590778,84.0965417867435,604.587896253602,69.9956772334294,2417.12391930836,747.475504322767,229.798270893372,956.811239193084,3996.50144092219,457.390489913545,1784.80691642651,1123.95244956772,3636.40778097983,448.383285302594,137.798270893372,1014.38328530259,2524.7939481268,2172.59798270893,404.865994236311,988.113832853026,2262.49423631124,942.057636887608,3612.89193083574,575.958213256484,1218.99711815562,322.226224783862,127.57060518732,1012.0446685879,416.061959654179,14386.7680115274,8376.68299711816,694,34.9043468721635,25.4479472891128,0.684431963785291,0.96792189679219,0.746236559139785,0.692629919201747,FAHNSCC_15,HN,1,FAHNSCC_15,Ki67+ tumor cells,,carcinoma_in_situ_FAHNSCC_15_2
16490,18821,13508.7018779343,97.3192488262911,59.2582159624413,604.105633802817,176.307511737089,3226.04929577465,611.159624413146,205.671361502347,964.232394366197,4898.67605633803,656.422535211268,140.544600938967,951.521126760563,3776.56103286385,455.68779342723,193.765258215962,1289.49530516432,2161.50938967136,559.030516431925,393.896713615024,964.511737089202,1761.75117370892,260.474178403756,6733.39671361502,969.326291079812,832.892018779343,282.039906103286,142.068075117371,1012.44600938967,409.877934272301,14557.1525821596,8997.17605633803,426,25.6149720040575,21.2876583787641,0.556178120608141,0.955156950672646,0.739583333333333,-0.705418955613306,FAHNSCC_15,HN,1,FAHNSCC_15,stromal cells,,carcinoma_in_situ_FAHNSCC_15_2
16538,18880,11560.0981012658,319.158227848101,99.9367088607595,616.879746835443,605.629746835443,3198.4746835443,556.098101265823,199.873417721519,954.727848101266,4610.46835443038,1212.54430379747,164.715189873418,959.503164556962,4090.01265822785,537.310126582279,265.158227848101,1119.37341772152,3808.14873417722,576.253164556962,388.689873417722,965.303797468354,3714.35759493671,249.082278481013,1826.87658227848,653.370253164557,1658.91455696203,335.78164556962,306.034810126582,1024.80696202532,417.623417721519,14253.6044303797,9597.52848101266,316,27.2833479458485,14.8695104487328,0.838433999463318,0.951807228915663,0.780246913580247,-1.4030846913522,FAHNSCC_15,HN,1,FAHNSCC_15,M2 macrophages,,carcinoma_in_situ_FAHNSCC_15_2
16542,18884,9584.35627530364,128.315789473684,78.6194331983806,597.386639676113,21.8906882591093,2358.08502024292,415.198380566802,236.748987854251,948.406882591093,3492.36639676113,389.518218623482,1496.28340080972,1108.91093117409,2428.22469635628,385.281376518219,161.253036437247,1029.78137651822,2178.77530364373,965.923076923077,386.62955465587,1021.89068825911,1779.18623481781,444.751012145749,1767.48785425101,578.528340080972,800.82995951417,262.097165991903,109.973684210526,996.2004048583,409.269230769231,13484.54048583,9603.40688259109,494,28.8873061461324,21.8225796163618,0.655219704686902,0.976284584980237,0.762345679012346,1.03162208030691,FAHNSCC_15,HN,1,FAHNSCC_15,tumor cells,,carcinoma_in_situ_FAHNSCC_15_2
16547,18889,12732.1761363636,218.454545454545,80.2897727272727,612.017045454546,99.0482954545454,3268.32102272727,495.539772727273,190.360795454545,945.048295454546,4834.18465909091,416.642045454545,168.463068181818,967.03125,3252.73295454545,418.619318181818,156.980113636364,1062.98863636364,2323.70738636364,544.946022727273,385.786931818182,969.159090909091,1649.79261363636,229.022727272727,1178.14772727273,973.119318181818,768.142045454546,270.079545454545,117.931818181818,994.448863636364,409.596590909091,13745.9772727273,9494.90909090909,352,25.711674786065,17.4706562350246,0.733690880036841,0.967032967032967,0.741052631578947,1.14085993808992,FAHNSCC_15,HN,1,FAHNSCC_15,stromal cells,,carcinoma_in_situ_FAHNSCC_15_2
16571,18916,23943.6901960784,216.521568627451,81.6196078431373,607.862745098039,110.764705882353,5432.83921568628,741.666666666667,231.847058823529,972.976470588235,7446.55294117647,583.305882352941,159.552941176471,971.196078431373,5250.47058823529,357.772549019608,258.290196078431,1132.15294117647,3511.26274509804,609.247058823529,743.325490196079,955.411764705882,2701.14509803922,281.819607843137,4932.57254901961,1055.29019607843,922.403921568627,288.450980392157,124.411764705882,1022.81568627451,408.466666666667,14663.462745098,8967.34117647059,255,20.3688244237539,15.9458301715633,0.622204548679107,0.955056179775281,0.745614035087719,-0.747484662489486,FAHNSCC_15,HN,1,FAHNSCC_15,stromal cells,,carcinoma_in_situ_FAHNSCC_15_2
16575,18920,7356.87605633803,102.518309859155,66.2985915492958,605.549295774648,13.2140845070423,1614.78309859155,426.878873239437,245.954929577465,954.918309859155,2521.30704225352,383.498591549296,1247.84225352113,1023.0676056338,2247.64225352113,359.318309859155,153.498591549296,1000.78873239437,1620.10985915493,1540.61971830986,405.935211267606,973.138028169014,1327.75211267606,736.250704225352,3400.60281690141,576.676056338028,969.295774647887,324.157746478873,136.039436619718,1008.83661971831,421.135211267606,14420.1408450704,8283.78873239437,355,27.7791983438515,16.2963775715887,0.809848127465847,0.949197860962567,0.692007797270955,0.416098563638434,FAHNSCC_15,HN,1,FAHNSCC_15,Ki67+ tumor cells,,carcinoma_in_situ_FAHNSCC_15_2
16619,18968,8437.26031746032,223.425396825397,88.3650793650794,601.228571428571,75.3238095238095,2270.22222222222,511.031746031746,194.736507936508,954.552380952381,3649.6253968254,438.895238095238,171.35873015873,953.133333333333,2908.84444444444,443.869841269841,139.32380952381,938.08253968254,2845.76507936508,575.111111111111,389.273015873016,953.479365079365,2715.06666666667,284.165079365079,1062.35555555556,848.739682539683,1331.8380952381,344.552380952381,139.247619047619,1015.61904761905,417.336507936508,13715.8158730159,9500.96825396825,315,22.4361380299551,17.9462388983906,0.60015873043452,0.972222222222222,0.833333333333333,1.22285841293419,FAHNSCC_15,HN,1,FAHNSCC_15,stromal cells,,carcinoma_in_situ_FAHNSCC_15_2
16625,18974,14855.802259887,462.45197740113,150.112994350283,606.101694915254,103.847457627119,3737.57062146893,728.768361581921,232.033898305085,954.762711864407,5861.19774011299,600.531073446328,164.316384180791,943.310734463277,4792.54802259887,516.61581920904,155.71186440678,1201.28813559322,4243.93220338983,689.197740112994,400.864406779661,963.593220338983,4298.06214689266,395.830508474576,6504.81920903955,839.28813559322,2014.74011299435,380.717514124294,140.689265536723,1032.33333333333,423.146892655367,14489.8700564972,8914.48587570621,177,17.0018349441194,13.2987346005092,0.623034850606261,0.941489361702128,0.743697478991597,0.0534135774683567,FAHNSCC_15,HN,1,FAHNSCC_15,stromal cells,,carcinoma_in_situ_FAHNSCC_15_2
16630,18979,5723.19899244333,161.649874055416,69.1813602015113,604.974811083123,18.2846347607053,1414.5919395466,387.294710327456,178.39798488665,945.214105793451,2315.11586901763,355.319899244333,2128.35012594458,947.375314861461,1864.28463476071,338.979848866499,116.947103274559,956.143576826196,1905.06801007557,773.335012594459,383.775818639799,952.738035264484,1724.41309823678,258.775818639799,1664.52392947103,579.410579345088,1166.54408060453,287.090680100756,116.309823677582,997.534005037783,413.31234256927,13382.0025188917,9482.43073047859,397,26.6947185961545,18.9866786616131,0.702936865607996,0.958937198067633,0.719202898550725,0.672011164859169,FAHNSCC_15,HN,1,FAHNSCC_15,tumor cells,,carcinoma_in_situ_FAHNSCC_15_2
16656,19010,13835.9549295775,211.72676056338,65.3070422535211,602.766197183099,15.2169014084507,3524.87323943662,496.202816901408,217.284507042254,946.197183098592,5497.76056338028,421.816901408451,1344.78028169014,944.87323943662,5019.8985915493,398.940845070423,128.971830985916,918.966197183099,4127.03661971831,1164.15211267606,407.808450704225,964.811267605634,3618.69014084507,963.095774647887,2403.38309859155,575.659154929577,2003.68450704225,356.422535211268,126.383098591549,1012.56901408451,427.321126760563,14286.7295774648,8474.94929577465,355,23.7292715852541,19.0900918944231,0.593958762696441,0.959459459459459,0.768398268398268,0.738699523493244,FAHNSCC_15,HN,1,FAHNSCC_15,Ki67+ tumor cells,,carcinoma_in_situ_FAHNSCC_15_2
16690,19048,22859.4210526316,350.805263157895,110.394736842105,610.536842105263,165.75,5646.15789473684,763.021052631579,260.868421052632,973.265789473684,8382.55,671.889473684211,172.739473684211,973.736842105263,6729.21578947368,493.552631578947,210.118421052632,1386.13947368421,3919.27105263158,775.41052631579,419.442105263158,998.581578947368,3494.82894736842,344.007894736842,7536.17368421053,1804.47894736842,1011.21315789474,333.402631578947,130.355263157895,1036.89210526316,413.055263157895,14817.5026315789,8705.96052631579,380,23.0509651485615,21.2036880099003,0.392244067990974,0.969387755102041,0.786749482401656,0.099303034742875,FAHNSCC_15,HN,1,FAHNSCC_15,endothelial cells,,carcinoma_in_situ_FAHNSCC_15_2
16711,19069,13187.9029126214,194.178640776699,81.7223300970874,597.485436893204,17.4854368932039,3284.09514563107,515.491262135922,227.920388349514,957.126213592233,5081.4932038835,432.891262135922,1432.30291262136,1141.60970873786,3645.10291262136,422.728155339806,149.759223300971,1076.38446601942,2894.0213592233,1313.49514563107,392.083495145631,1048.45048543689,2260.06601941748,349.229126213592,2807.3145631068,577.584466019418,946.687378640777,281.083495145631,115.339805825243,998.885436893204,409.941747572816,13874.4854368932,8922.51262135922,515,27.8058965611939,23.7560203822244,0.519694950700839,0.968045112781955,0.792307692307692,-0.850597225307023,FAHNSCC_15,HN,1,FAHNSCC_15,tumor cells,,carcinoma_in_situ_FAHNSCC_15_2
16740,19103,6107.73381294964,189.237410071942,72.7248201438849,594.879496402878,16.5053956834532,1559.73561151079,373.985611510791,192.241007194245,950.343525179856,2487.4964028777,365.951438848921,2642.93884892086,1015.23021582734,1856.73920863309,354.260791366906,124.674460431655,973.66726618705,1784.59352517986,898.464028776979,380.553956834532,989.230215827338,1528.87589928058,483.726618705036,1759.20143884892,575.494604316547,902.661870503597,279.070143884892,112.674460431655,995.622302158273,411.093525179856,13446.0575539568,9279.61870503597,556,33.7083104181966,21.057393031842,0.780869320837741,0.977152899824253,0.755434782608696,-1.17935126919201,FAHNSCC_15,HN,1,FAHNSCC_15,tumor cells,,carcinoma_in_situ_FAHNSCC_15_2
16743,19107,13117.4270072993,294.662408759124,95.2518248175182,602.304744525547,22.9124087591241,2946.72627737226,615.821167883212,267.817518248175,961.569343065693,4637.13686131387,469.098540145985,770.618613138686,960.337591240876,3184.16605839416,427.363138686131,263.317518248175,1034.02372262774,2390.60401459854,725.328467153285,401.175182481752,1060.71350364964,1873.99270072993,354.737226277372,3863.41058394161,581.321167883212,1068.13138686131,314.118613138686,128.874087591241,995.985401459854,413.370437956204,13906.4306569343,8542.58576642336,548,32.5872214540217,21.4430729086028,0.752999661593717,0.969911504424779,0.730666666666667,-0.523731153552394,FAHNSCC_15,HN,1,FAHNSCC_15,tumor cells,,carcinoma_in_situ_FAHNSCC_15_2
16772,19141,5390.00221238938,1131.3407079646,1141.59734513274,951.62389380531,296.761061946903,1232.5907079646,476.247787610619,234.325221238938,1028.59292035398,1990.01769911504,440.411504424779,177.555309734513,1008.10398230088,1339.17699115044,387.205752212389,132.743362831858,1333.66371681416,1060.13716814159,468.524336283186,380.608407079646,950.829646017699,794.046460176991,203.964601769912,784.506637168142,1605.80309734513,710.086283185841,242.294247787611,189.559734513274,1005.55088495575,408.785398230089,14349.5752212389,9416.18362831858,452,27.7451399001684,21.1422113227743,0.647559433470205,0.953586497890295,0.727858293075684,-1.06505836903872,FAHNSCC_15,HN,1,FAHNSCC_15,regulatory T cells,,carcinoma_in_situ_FAHNSCC_15_2
16841,19224,5070.14912280702,179.783625730994,74.406432748538,594.46783625731,15.4152046783626,1389.17543859649,437.543859649123,202.780701754386,945.336257309942,2152.78070175439,372.008771929825,2153.83625730994,997.459064327485,1597.92105263158,364.426900584795,147.33918128655,1051.94444444444,1286.12573099415,1034.0,389.473684210526,1008.11695906433,911.476608187134,316.336257309942,3887.78362573099,578.333333333333,806.616959064328,275.798245614035,113.397660818713,1003.34502923977,409.143274853801,13249.4883040936,8917.01169590643,342,23.7061227170533,18.4309408016806,0.628912643353576,0.960674157303371,0.75,1.52293652334315,FAHNSCC_15,HN,1,FAHNSCC_15,tumor cells,,carcinoma_in_situ_FAHNSCC_15_2
16867,19254,17947.2465277778,359.263888888889,127.618055555556,614.652777777778,645.4375,4129.42361111111,641.829861111111,218.4375,959.229166666667,6129.83680555556,559.784722222222,188.496527777778,950.46875,3496.51041666667,416.788194444444,259.663194444444,1145.95833333333,2631.99652777778,637.46875,395.190972222222,965.46875,1913.01388888889,307.993055555556,3631.29861111111,628.510416666667,1038.63888888889,316.680555555556,125.038194444444,991.517361111111,414.996527777778,14588.4409722222,8667.49305555556,288,24.8456759173143,14.771304062459,0.804079251053325,0.96,0.8,-0.0278004459843093,FAHNSCC_15,HN,1,FAHNSCC_15,stromal cells,,carcinoma_in_situ_FAHNSCC_15_2
16868,19255,9079.67355371901,144.318181818182,59.0392561983471,597.123966942149,20.2107438016529,2202.88429752066,400.252066115702,198.119834710744,947.45041322314,3243.09917355372,379.884297520661,1282.70661157025,1017.55165289256,2462.42561983471,378.427685950413,130.867768595041,965.03305785124,2070.85537190083,1069.61157024793,382.404958677686,983.351239669422,1870.93801652893,432.25826446281,1443.62809917355,580.262396694215,924.460743801653,275.657024793388,114.051652892562,1005.19214876033,409.336776859504,13532.7334710744,9534.62603305785,484,34.0587373462104,18.1381317580752,0.846395752338086,0.964143426294821,0.709677419354839,1.14772432352857,FAHNSCC_15,HN,1,FAHNSCC_15,tumor cells,,carcinoma_in_situ_FAHNSCC_15_2
16882,19270,17527.3303030303,279.727272727273,96.3454545454545,609.181818181818,628.49696969697,4262.12727272727,835.842424242424,206.257575757576,962.075757575758,6381.59393939394,531.945454545455,169.866666666667,1015.71212121212,4840.08181818182,1114.18484848485,2447.51212121212,1112.27575757576,3879.60606060606,599.890909090909,398.542424242424,996.875757575758,3325.12121212121,252.981818181818,1472.50303030303,753.90303030303,984.675757575758,272.751515151515,189.224242424242,1015.75454545455,407.80303030303,13736.0515151515,9637.59090909091,330,23.3846157415233,18.0037931946157,0.638165706718187,0.970588235294118,0.789473684210526,0.410888581613673,FAHNSCC_15,HN,1,FAHNSCC_15,other APCs,,carcinoma_in_situ_FAHNSCC_15_2
16889,19277,31932.6737804878,540.932926829268,93.6798780487805,606.551829268293,231.149390243902,7899.39329268293,862.932926829268,248.289634146341,1038.54573170732,11630.6798780488,728.435975609756,159.560975609756,977.631097560976,8611.73780487805,555.606707317073,163.920731707317,1294.82012195122,5929.22256097561,699.701219512195,404.948170731707,981.731707317073,5395.16158536585,339.554878048781,5892.71341463415,1341.23170731707,1201.21341463415,328.259146341463,128.432926829268,1033.51524390244,415.076219512195,14536.362804878,8987.18292682927,328,22.1955648526865,18.8882039296371,0.525181877921723,0.961876832844575,0.784688995215311,0.203851801006267,FAHNSCC_15,HN,1,FAHNSCC_15,stromal cells,,carcinoma_in_situ_FAHNSCC_15_2
16901,19291,24526.4178403756,428.929577464789,129.718309859155,644.389671361502,65.7746478873239,6240.79812206573,754.62441314554,242.380281690141,1005.06103286385,8815.73708920188,579.68544600939,197.455399061033,959.18779342723,7931.06103286385,581.779342723005,230.295774647887,1015.47887323944,5547.779342723,646.014084507042,413.901408450704,965.328638497653,5522.9014084507,317.652582159624,3574.37558685446,818.924882629108,2185.56338028169,438.446009389671,156.178403755869,1054.39436619718,429.150234741784,13902.7183098592,9563.58215962441,213,20.4626198413961,13.3052755386935,0.759743014413568,0.968181818181818,0.747368421052632,-1.04478697540557,FAHNSCC_15,HN,1,FAHNSCC_15,stromal cells,,carcinoma_in_situ_FAHNSCC_15_2
16966,19365,11752.2177419355,168.029569892473,74.8494623655914,597.72311827957,23.491935483871,2720.20967741935,482.295698924731,203.981182795699,946.225806451613,4240.88172043011,449.362903225806,1577.75268817204,960.672043010753,3523.68548387097,417.677419354839,121.112903225806,1038.30107526882,2777.5,1473.73924731183,387.260752688172,964.701612903226,2422.91666666667,3378.68010752688,3021.64784946237,582.185483870968,1303.80107526882,309.680107526882,120.508064516129,1011.36021505376,414.717741935484,14512.1747311828,8759.76612903226,372,25.2029294271636,18.8122389773238,0.665463211411052,0.96875,0.770186335403727,0.669294365703195,FAHNSCC_15,HN,1,FAHNSCC_15,Ki67+ tumor cells,,carcinoma_in_situ_FAHNSCC_15_2
16988,19390,9647.13617886179,194.089430894309,81.6565040650407,592.739837398374,19.4735772357724,2433.30081300813,473.646341463415,256.416666666667,952.473577235772,3638.92479674797,412.873983739837,1189.34146341463,1179.59756097561,2481.27845528455,396.733739837398,170.235772357724,1115.09552845528,1809.2825203252,1211.21341463415,379.656504065041,1049.16260162602,1298.0081300813,2189.2743902439,1769.96341463415,576.418699186992,782.512195121951,245.810975609756,114.150406504065,985.193089430894,410.475609756098,14240.174796748,8927.11991869919,492,30.2476873982736,20.7775852829923,0.726737920856627,0.955339805825243,0.702857142857143,0.661827820977463,FAHNSCC_15,HN,1,FAHNSCC_15,Ki67+ tumor cells,,carcinoma_in_situ_FAHNSCC_15_2
17017,19422,13141.5090439276,329.914728682171,111.682170542636,605.405684754522,264.576227390181,2748.35400516796,602.162790697674,212.062015503876,1049.74418604651,3779.54780361757,488.162790697674,172.638242894057,956.369509043928,2759.14211886305,463.279069767442,153.317829457364,2123.92248062016,1515.35400516796,547.413436692507,393.59173126615,947.560723514212,1080.63049095607,226.235142118863,437.937984496124,618.679586563308,783.268733850129,336.304909560724,130.237726098191,989.328165374677,410.808785529716,13763.4909560724,9692.12403100775,387,25.4722749059105,19.4040673716879,0.647845140437137,0.972361809045226,0.774,1.2602593222881,FAHNSCC_15,HN,1,FAHNSCC_15,effector CD8+ T cells,,carcinoma_in_situ_FAHNSCC_15_2
17022,19427,10876.7857142857,172.109022556391,81.0714285714286,604.353383458647,17.093984962406,2534.89473684211,795.601503759399,257.699248120301,958.87969924812,3964.90601503759,494.387218045113,1093.75939849624,1018.62781954887,4294.81578947368,617.84962406015,317.402255639098,1033.04887218045,2613.4022556391,1600.3984962406,420.586466165414,993.21052631579,2159.06766917293,1068.47368421053,4764.87593984962,576.421052631579,1227.76691729323,347.593984962406,147.255639097744,1004.66917293233,422.515037593985,14422.3759398496,8194.70676691729,266,24.1925147595895,14.0016989340872,0.815496776205674,0.96028880866426,0.791666666666667,1.45536655919685,FAHNSCC_15,HN,1,FAHNSCC_15,Ki67+ tumor cells,,carcinoma_in_situ_FAHNSCC_15_2
17025,19430,2385.82417582418,107.203296703297,58.1401098901099,597.049450549451,8.78571428571429,576.118131868132,297.096153846154,180.07967032967,949.151098901099,1097.12087912088,300.843406593407,3459.53296703297,951.373626373626,1160.24175824176,358.096153846154,111.28021978022,964.758241758242,1105.44505494505,3315.02197802198,398.596153846154,962.401098901099,830.697802197802,519.717032967033,1736.72527472527,569.453296703297,789.315934065934,258.368131868132,110.917582417582,987.269230769231,414.516483516484,13402.9835164835,8313.48626373626,364,22.8498496928081,20.3061207821066,0.458535019047047,0.957894736842105,0.787878787878788,-0.227642431214753,FAHNSCC_15,HN,1,FAHNSCC_15,tumor cells,,carcinoma_in_situ_FAHNSCC_15_2
17028,19433,4631.05288461539,148.399038461538,76.2548076923077,603.538461538462,10.2475961538462,913.807692307692,424.362980769231,243.086538461538,956.175480769231,1495.01682692308,419.752403846154,3422.65865384615,1017.13221153846,1328.96153846154,401.620192307692,160.326923076923,1011.52884615385,1072.88221153846,3175.66346153846,411.0,975.817307692308,738.161057692308,408.709134615385,1715.90625,569.021634615385,790.526442307692,294.641826923077,114.694711538462,1014.47836538462,413.439903846154,13373.7211538462,8243.40384615385,416,27.7038678498542,19.135846398851,0.723114356737349,0.960739030023095,0.761904761904762,-0.467240779129548,FAHNSCC_15,HN,1,FAHNSCC_15,tumor cells,,carcinoma_in_situ_FAHNSCC_15_2
17065,19472,21467.3807106599,559.807106598985,145.918781725888,612.517766497462,366.715736040609,5052.13705583756,1750.09137055838,230.847715736041,957.94923857868,7413.81725888325,556.847715736041,301.055837563452,960.360406091371,5546.8578680203,400.040609137056,710.634517766497,1002.53807106599,3762.45685279188,754.741116751269,1237.32487309645,1009.66497461929,2903.55837563452,494.451776649746,1295.24365482234,601.883248730965,1336.79187817259,315.116751269036,129.350253807107,996.913705583756,420.934010152284,14285.1015228426,8178.16243654822,197,18.4636572745774,13.6299418657425,0.674577762279373,0.960975609756098,0.781746031746032,0.379864614700186,FAHNSCC_15,HN,1,FAHNSCC_15,CD4+ T cells,,carcinoma_in_situ_FAHNSCC_15_2
17083,19498,26667.7395498392,518.463022508039,140.832797427653,620.009646302251,184.627009646302,6562.15112540193,940.434083601286,256.504823151125,981.893890675241,9992.72025723473,634.456591639871,173.646302250804,947.524115755627,7924.90353697749,423.446945337621,211.32154340836,1211.70739549839,6704.65594855305,741.003215434084,424.067524115756,970.733118971061,6682.27331189711,346.594855305466,3622.01607717042,1133.51768488746,2204.59163987138,359.829581993569,146.926045016077,1023.12218649518,422.292604501608,14751.1864951769,8806.25080385852,311,21.5129038070912,18.4266657105812,0.516080403471626,0.974921630094044,0.822751322751323,0.107017797835337,FAHNSCC_15,HN,1,FAHNSCC_15,stromal cells,,carcinoma_in_situ_FAHNSCC_15_2
17139,19560,4115.07706766917,165.020676691729,74.9981203007519,595.443609022556,89.4191729323308,994.671052631579,618.300751879699,211.904135338346,951.484962406015,1675.21240601504,372.065789473684,948.456766917293,957.545112781955,1263.83834586466,374.951127819549,151.011278195489,1040.97556390977,1049.15413533835,1445.92481203008,376.577067669173,972.345864661654,773.045112781955,238.571428571429,3166.07330827068,578.695488721805,737.753759398496,267.860902255639,124.312030075188,997.441729323308,412.567669172932,13926.4022556391,9355.93796992481,532,29.1825943360722,23.2336148396144,0.605104165199887,0.970802919708029,0.757834757834758,0.65481943823714,FAHNSCC_15,HN,1,FAHNSCC_15,tumor cells,,carcinoma_in_situ_FAHNSCC_15_2
17147,19568,11605.5617088608,144.82753164557,69.6534810126582,606.594936708861,147.346518987342,3258.49208860759,452.474683544304,184.267405063291,981.889240506329,5132.77848101266,442.227848101266,145.185126582278,939.571202531646,4255.04430379747,429.903481012658,134.352848101266,1196.57278481013,3210.99367088608,527.125,385.892405063291,1003.74050632911,2861.0585443038,223.221518987342,888.330696202532,2456.04588607595,1092.90664556962,278.045886075949,254.626582278481,1003.93037974684,412.357594936709,14440.9588607595,9376.77215189874,632,34.0616279619442,23.6709711266762,0.719062523800797,0.969325153374233,0.752380952380952,-0.846272446737619,FAHNSCC_15,HN,1,FAHNSCC_15,endothelial cells,,carcinoma_in_situ_FAHNSCC_15_2
17158,19581,7085.05423728814,197.291525423729,81.6576271186441,595.247457627119,17.9525423728814,1802.57627118644,391.264406779661,182.383050847458,944.091525423729,2831.95593220339,357.745762711864,2537.49491525424,940.786440677966,2369.03728813559,400.932203389831,116.857627118644,946.176271186441,2192.75593220339,1617.82711864407,383.06779661017,960.077966101695,2025.85084745763,518.376271186441,1762.6813559322,576.966101694915,1276.62033898305,293.305084745763,117.654237288136,995.203389830508,417.050847457627,13897.6915254237,9033.23050847458,295,21.908845446992,17.1727812515647,0.620977142521575,0.957792207792208,0.788770053475936,-0.203679876279087,FAHNSCC_15,HN,1,FAHNSCC_15,tumor cells,,carcinoma_in_situ_FAHNSCC_15_2
17173,19599,19812.0442804428,844.40221402214,121.726937269373,616.774907749077,498.738007380074,5428.41697416974,644.667896678967,210.619926199262,1099.08487084871,7841.78597785978,538.568265682657,166.169741697417,974.243542435424,5869.90036900369,449.287822878229,168.321033210332,1067.49446494465,4577.0221402214,598.863468634686,395.383763837638,977.428044280443,3619.88560885609,239.933579335793,703.557195571956,602.50184501845,1136.56457564576,281.952029520295,146.546125461255,989.940959409594,412.90036900369,14303.8634686347,9580.40590405904,271,26.4345252999387,13.1965392484821,0.866477545879892,0.947552447552448,0.627314814814815,-1.03401529957538,FAHNSCC_15,HN,1,FAHNSCC_15,CD4+ T cells,,carcinoma_in_situ_FAHNSCC_15_2
17202,19634,28594.3516949153,795.474576271187,469.39406779661,622.601694915254,635.161016949153,6876.77966101695,859.627118644068,244.122881355932,1027.78389830509,9974.04661016949,586.28813559322,245.830508474576,946.89406779661,9219.61016949152,699.377118644068,217.055084745763,1107.07203389831,6361.6906779661,658.720338983051,443.008474576271,1023.28813559322,6413.56779661017,311.194915254237,697.800847457627,613.512711864407,2791.78813559322,419.970338983051,155.652542372881,1027.13983050847,433.122881355932,14114.186440678,9392.15677966102,236,22.6365629463886,13.4866903073429,0.803138539680118,0.944,0.715151515151515,-1.23075750112704,FAHNSCC_15,HN,1,FAHNSCC_15,regulatory T cells,,carcinoma_in_situ_FAHNSCC_15_2
17238,19676,10383.9151291513,170.621771217712,71.6789667896679,607.309963099631,17.7287822878229,2648.45018450185,496.573800738007,214.732472324723,952.69557195572,4593.54612546126,418.357933579336,1615.02398523985,970.435424354244,3864.13837638376,399.621771217712,140.352398523985,992.110701107011,3242.90036900369,1120.47601476015,401.833948339483,963.225092250923,2703.32656826568,668.166051660517,2652.16420664207,577.79520295203,1546.25276752768,343.261992619926,125.363468634686,1029.27306273063,419.083025830258,14080.5258302583,8424.59963099631,542,32.8592606013214,21.0396711432091,0.7681278085162,0.966131907308378,0.752777777777778,-1.08668336845029,FAHNSCC_15,HN,1,FAHNSCC_15,tumor cells,,carcinoma_in_situ_FAHNSCC_15_2
17242,19680,7667.00386100386,150.451737451737,76.2432432432432,597.629343629344,19.0598455598456,2091.361003861,441.138996138996,216.073359073359,950.77027027027,3002.39189189189,387.225868725869,1668.09845559846,1075.61196911197,2072.44208494209,363.287644787645,160.032818532819,1054.11583011583,1601.18532818533,1095.05984555985,378.486486486487,1096.2277992278,1241.59845559846,574.222007722008,2302.55598455598,576.389961389961,781.357142857143,258.474903474904,111.034749034749,988.15250965251,408.326254826255,14030.4691119691,9075.88416988417,518,28.7526864111622,22.9615047272606,0.601880170587611,0.96822429906542,0.737891737891738,0.879600326030813,FAHNSCC_15,HN,1,FAHNSCC_15,tumor cells,,carcinoma_in_situ_FAHNSCC_15_2
17302,19751,12144.3059805285,161.236439499305,74.3616133518776,599.656467315716,17.5980528511822,3090.44923504868,459.258692628651,239.6578581363,952.027816411683,4344.87621696801,391.315716272601,977.196105702364,1162.69401947149,2919.25591098748,369.897079276773,154.502086230876,1030.26842837274,2226.06815020862,659.328233657858,380.034770514604,1052.95966620306,1804.39360222531,423.866481223922,2702.40194714882,576.780250347705,819.567454798331,259.660639777469,109.233657858136,982.874826147427,409.065368567455,13832.6884561892,9253.47148817803,719,34.0374209724236,26.923976886971,0.611801832561261,0.971621621621622,0.748178980228928,0.826473064988231,FAHNSCC_15,HN,1,FAHNSCC_15,tumor cells,,carcinoma_in_situ_FAHNSCC_15_2
17303,19752,9267.72131147541,175.629508196721,88.0852459016393,609.180327868853,18.4426229508197,2467.26557377049,411.891803278689,198.554098360656,938.429508196721,4061.76721311475,390.173770491803,1295.26557377049,975.819672131148,2973.39672131148,370.127868852459,122.780327868852,1054.11147540984,2407.71803278689,1116.8262295082,389.049180327869,989.567213114754,1946.46557377049,448.534426229508,2258.03606557377,574.75737704918,1134.1868852459,288.406557377049,115.806557377049,1014.26885245902,413.131147540984,13612.8459016393,8713.04590163934,305,24.3269280520538,15.9900594518404,0.753630115139124,0.971337579617834,0.780051150895141,-1.20883629629895,FAHNSCC_15,HN,1,FAHNSCC_15,tumor cells,,carcinoma_in_situ_FAHNSCC_15_2
17399,19862,6906.02133333333,181.706666666667,73.1333333333333,600.178666666667,19.0693333333333,1696.46933333333,432.408,225.773333333333,948.834666666667,2585.14933333333,387.861333333333,720.261333333333,1029.29866666667,1833.53066666667,375.290666666667,146.549333333333,1055.76533333333,1346.504,1141.46933333333,379.914666666667,1028.89333333333,972.789333333333,283.306666666667,2751.928,580.973333333333,755.808,272.794666666667,111.938666666667,988.032,407.405333333333,14048.0533333333,9192.11733333333,375,25.2497244439644,18.9643603622245,0.660220335186477,0.96401028277635,0.741106719367589,0.772968197047283,FAHNSCC_15,HN,1,FAHNSCC_15,tumor cells,,carcinoma_in_situ_FAHNSCC_15_2
17506,19993,14390.533632287,164.213004484305,72.262331838565,611.90134529148,348.892376681614,3727.25784753363,481.260089686099,194.681614349776,947.526905829596,5534.95291479821,434.165919282511,142.986547085202,942.260089686099,4174.53139013453,421.64798206278,137.562780269058,1169.04484304933,2928.61659192825,542.0,387.282511210762,977.12331838565,2419.61883408072,230.587443946188,700.044843049327,3247.7466367713,785.540358744395,261.322869955157,237.390134529148,1007.64349775785,410.553811659193,14485.8340807175,9329.33408071749,446,27.6584904592125,20.6345865884653,0.665891153050819,0.959139784946236,0.718196457326892,-1.16777427135188,FAHNSCC_15,HN,1,FAHNSCC_15,endothelial cells,,carcinoma_in_situ_FAHNSCC_15_2
17527,20019,14296.4231884058,189.31884057971,81.4811594202899,597.576811594203,17.1159420289855,3312.87536231884,477.765217391304,244.63768115942,944.802898550725,4902.11594202899,432.6,592.04347826087,985.089855072464,3482.17101449275,397.48115942029,148.072463768116,955.866666666667,2662.74202898551,942.892753623188,387.753623188406,975.15652173913,2132.84347826087,6416.68405797101,1725.26666666667,576.472463768116,993.898550724638,285.089855072464,113.16231884058,996.397101449275,413.084057971015,13702.4434782609,9082.3884057971,345,22.4217701856457,19.6465713857592,0.481897694278435,0.963687150837989,0.784090909090909,-0.990342605483129,FAHNSCC_15,HN,1,FAHNSCC_15,Ki67+ tumor cells,,carcinoma_in_situ_FAHNSCC_15_2
17549,20043,23253.7352941176,327.247899159664,94.9579831932773,607.768907563025,226.025210084034,6127.39495798319,772.247899159664,215.348739495798,957.147058823529,8044.44537815126,834.794117647059,191.966386554622,995.697478991597,5827.16806722689,467.239495798319,373.672268907563,1326.32773109244,5254.2731092437,599.029411764706,403.201680672269,977.638655462185,4420.24369747899,264.176470588235,734.264705882353,697.008403361345,981.550420168067,272.718487394958,268.781512605042,994.348739495798,410.306722689076,14200.6596638655,9658.26890756303,238,19.708164376997,15.4758646688091,0.619177001416275,0.967479674796748,0.736842105263158,-1.00519249544393,FAHNSCC_15,HN,1,FAHNSCC_15,stromal cells,,carcinoma_in_situ_FAHNSCC_15_2
17555,20053,10792.5056818182,196.439393939394,74.530303030303,597.846590909091,15.8882575757576,2807.04734848485,447.386363636364,252.689393939394,952.920454545454,4519.84848484849,402.36553030303,1259.64772727273,1091.80871212121,2945.27462121212,412.066287878788,158.102272727273,1094.73674242424,2182.40340909091,1549.72159090909,392.744318181818,1031.05681818182,1592.38825757576,1389.32954545455,1832.89204545455,576.403409090909,827.299242424242,262.517045454545,113.982954545455,997.221590909091,408.734848484849,13764.2803030303,8708.14772727273,528,30.50740573475,22.072767308972,0.690301731207189,0.970588235294118,0.758620689655172,-0.433177319866069,FAHNSCC_15,HN,1,FAHNSCC_15,Ki67+ tumor cells,,carcinoma_in_situ_FAHNSCC_15_2
17566,20065,8220.42669584245,176.82056892779,84.5514223194748,598.733041575492,20.9190371991247,1813.08096280088,459.129102844639,243.71772428884,947.684901531729,2903.96061269147,440.921225382932,1051.15536105033,1019.26695842451,2334.58643326039,385.853391684902,150.111597374179,1095.73960612691,1566.56673960613,1725.74617067834,381.678336980306,962.91466083151,1108.06345733042,393.814004376368,3158.17943107221,580.168490153173,811.310722100656,269.531728665208,115.818380743982,1000.22100656455,409.960612691466,14482.5820568928,8751.85557986871,457,27.3224108108249,21.2957346509601,0.62649715786365,0.974413646055437,0.761666666666667,0.720615668335323,FAHNSCC_15,HN,1,FAHNSCC_15,tumor cells,,carcinoma_in_situ_FAHNSCC_15_2
17572,20071,9547.13455657492,146.418960244648,63.3761467889908,601.923547400612,11.1987767584098,2212.01834862385,468.599388379205,226.733944954128,948.168195718654,3459.07033639144,448.100917431193,1693.74617737003,1009.84403669725,3049.94495412844,433.636085626911,135.431192660551,997.470948012232,2358.49235474006,1677.26911314985,405.253822629969,974.48623853211,2101.87767584098,3063.49235474006,4072.57798165138,574.131498470948,1226.09785932722,315.691131498471,123.272171253823,1012.78287461774,420.474006116208,14425.376146789,8232.9755351682,327,21.7216358789142,19.3793907114941,0.45169988627356,0.958944281524927,0.778571428571429,1.3188387388555,FAHNSCC_15,HN,1,FAHNSCC_15,Ki67+ tumor cells,,carcinoma_in_situ_FAHNSCC_15_2
17592,20094,11773.8723404255,154.157446808511,82.1063829787234,600.976595744681,47.4765957446809,2604.93404255319,624.368085106383,237.714893617021,955.68085106383,3977.28936170213,405.310638297872,1013.16170212766,1039.86170212766,2843.79787234043,460.351063829787,161.142553191489,1119.06382978723,2153.45744680851,1354.53404255319,388.66170212766,1098.16595744681,1567.56382978723,375.093617021277,1905.16170212766,577.821276595745,809.627659574468,251.127659574468,165.646808510638,1000.45744680851,407.793617021277,13822.4382978723,8794.71276595745,470,30.4670470891693,19.7575568232916,0.761223692023445,0.963114754098361,0.704647676161919,-1.12631117824632,FAHNSCC_15,HN,1,FAHNSCC_15,tumor cells,,carcinoma_in_situ_FAHNSCC_15_2
17616,20119,8700.57212713937,157.711491442543,68.4352078239609,601.586797066015,36.7359413202934,2071.87041564792,563.711491442543,211.107579462103,950.068459657702,3240.53300733496,402.833740831296,714.738386308069,1078.67970660147,2534.33985330073,471.366748166259,452.464547677262,1074.41564792176,1915.9706601467,1091.62591687042,386.40097799511,959.190709046455,1502.08312958435,338.559902200489,2588.04645476773,594.322738386308,919.066014669927,294.339853300734,513.376528117359,997.721271393643,410.57946210269,13997.8386308068,8910.50122249389,409,29.3062025487037,17.8328629667992,0.793552860394808,0.953379953379953,0.681666666666667,-0.702969135507577,FAHNSCC_15,HN,1,FAHNSCC_15,other APCs,,carcinoma_in_situ_FAHNSCC_15_2
17656,20164,16615.4433497537,346.56157635468,104.950738916256,614.083743842365,220.206896551724,4010.61083743842,3300.3842364532,220.463054187192,964.935960591133,5984.37931034483,1875.19704433498,279.985221674877,953.605911330049,5211.73891625616,617.871921182266,346.79802955665,1174.8275862069,4250.84236453202,617.014778325123,396.635467980296,968.275862068966,4270.93596059113,309.423645320197,4069.58128078818,744.137931034483,1565.25123152709,361.945812807882,622.674876847291,1036.16256157635,417.980295566503,14332.4729064039,9023.56650246305,203,16.547763356001,15.6570498133356,0.323660811134928,0.957547169811321,0.746323529411765,0.29293140326406,FAHNSCC_15,HN,1,FAHNSCC_15,M1/M0 macrophages,,carcinoma_in_situ_FAHNSCC_15_2
17657,20165,14664.1731958763,184.20824742268,86.3010309278351,600.657731958763,24.659793814433,3900.24329896907,524.101030927835,229.459793814433,949.301030927835,5811.19175257732,435.832989690722,1124.39381443299,962.769072164948,4356.29484536083,412.430927835052,143.084536082474,1053.84742268041,3307.07216494845,1132.97731958763,399.59587628866,984.383505154639,2755.29278350515,3658.54226804124,2508.76907216495,577.092783505155,1298.30721649485,318.020618556701,121.934020618557,1017.76701030928,415.857731958763,13479.993814433,8730.62680412371,485,33.2235172719533,18.658897403583,0.827397223826582,0.950980392156863,0.75077399380805,-0.0124488958736784,FAHNSCC_15,HN,1,FAHNSCC_15,Ki67+ tumor cells,,carcinoma_in_situ_FAHNSCC_15_2
17694,20209,5907.43571428571,195.471428571429,86.9357142857143,590.992857142857,20.4285714285714,1651.26428571429,504.0,244.207142857143,945.9,2465.66428571429,414.207142857143,853.221428571429,978.842857142857,1842.15,373.057142857143,147.142857142857,1005.92142857143,1328.22142857143,1005.57857142857,399.064285714286,1029.30714285714,940.278571428572,1514.18571428571,1557.76428571429,579.828571428571,838.285714285714,304.478571428571,117.35,999.892857142857,411.65,13198.15,8546.5,140,13.9172517791337,12.8466266857068,0.384626983986898,0.96551724137931,0.769230769230769,0.471784431017668,FAHNSCC_15,HN,1,FAHNSCC_15,Ki67+ tumor cells,,carcinoma_in_situ_FAHNSCC_15_2
17763,20286,10899.0154559505,157.482225656878,72.7480680061824,613.673879443586,226.765069551777,2683.99381761978,470.663060278207,202.805255023184,959.275115919629,4024.4343122102,477.004636785162,162.173106646059,945.582689335394,2602.35857805255,391.828438948995,133.239567233385,1241.76816074189,1769.70479134467,493.006182380216,381.425038639876,958.763523956723,1351.63833075734,209.865533230294,1295.91035548686,1948.88253477589,780.809891808346,258.601236476043,324.476043276662,1018.53168469861,410.219474497682,14397.6058732612,9381.23802163833,647,40.5045210192678,20.4985309274073,0.862486498667289,0.958518518518518,0.647647647647648,-1.07483668036668,FAHNSCC_15,HN,1,FAHNSCC_15,endothelial cells,,carcinoma_in_situ_FAHNSCC_15_2
17808,20344,6342.52037617555,195.137931034483,80.6833855799373,599.272727272727,25.9905956112853,1540.65203761756,422.257053291536,184.068965517241,946.507836990596,2582.87774294671,378.601880877743,1644.14420062696,945.476489028213,2185.07210031348,437.272727272727,121.64263322884,1029.59247648903,1989.08777429467,1682.87147335423,385.526645768025,947.761755485893,1653.66144200627,917.539184952978,2191.15987460815,575.467084639499,1153.73040752351,294.050156739812,114.385579937304,1011.83385579937,413.445141065831,13595.1379310345,8845.71786833856,319,22.1388943940108,18.4116079651165,0.555313938909668,0.955089820359282,0.75952380952381,0.966067166970816,FAHNSCC_15,HN,1,FAHNSCC_15,Ki67+ tumor cells,,carcinoma_in_situ_FAHNSCC_15_2
17832,20372,12781.6989966555,401.923076923077,122.966555183946,616.866220735786,487.859531772575,2929.70568561873,681.160535117057,207.157190635452,958.585284280936,3936.88628762542,626.42474916388,167.772575250836,948.294314381271,2456.48494983278,523.505016722408,580.488294314381,1141.98327759197,1638.8762541806,546.418060200669,387.408026755853,964.494983277592,1107.58528428094,232.963210702341,1521.58862876254,625.321070234114,773.612040133779,304.200668896321,152.304347826087,1014.73578595318,411.531772575251,14535.474916388,9464.71571906354,299,23.2009210058029,16.52036646905,0.702122175512985,0.961414790996785,0.755050505050505,-0.425875559589286,FAHNSCC_15,HN,1,FAHNSCC_15,stromal cells,,carcinoma_in_situ_FAHNSCC_15_2
17895,20440,24743.2209737828,276.808988764045,89.3707865168539,617.340823970038,220.704119850187,6427.1872659176,799.161048689139,235.647940074906,957.988764044944,9539.50187265918,590.041198501873,182.707865168539,951.988764044944,7636.77153558052,560.041198501873,400.352059925094,1149.97003745318,6292.22846441948,666.7265917603,397.003745318352,971.820224719101,6619.38951310862,321.220973782772,4544.32209737828,809.112359550562,2329.2808988764,377.977528089888,222.902621722846,1025.19850187266,428.067415730337,14099.4194756554,9330.07865168539,267,20.7359410359091,16.5506161258795,0.602444414601589,0.953571428571429,0.785294117647059,-0.316277847910874,FAHNSCC_15,HN,1,FAHNSCC_15,stromal cells,,carcinoma_in_situ_FAHNSCC_15_2
17927,20473,32883.4797047971,439.867158671587,122.047970479705,616.557195571956,195.490774907749,7279.16605166052,964.350553505535,252.745387453875,969.959409594096,11238.073800738,636.704797047971,193.756457564576,965.177121771218,8828.91143911439,537.147601476015,170.90036900369,1160.74907749077,5917.53136531365,699.878228782288,405.40221402214,973.365313653137,5253.08856088561,317.822878228782,7508.28413284133,1559.9889298893,1276.9520295203,353.826568265683,130.391143911439,1040.66051660517,417.741697416974,14310.0627306273,9208.33948339483,271,22.3459501525566,15.681525361222,0.712412051642324,0.954225352112676,0.713157894736842,-0.611520165141644,FAHNSCC_15,HN,1,FAHNSCC_15,stromal cells,,carcinoma_in_situ_FAHNSCC_15_2
17983,20542,17042.4104683196,200.00826446281,87.33608815427,605.134986225895,17.0440771349862,3560.25619834711,528.203856749311,269.473829201102,951.129476584022,5501.43250688705,437.520661157025,1019.51239669421,1093.30578512397,3784.2479338843,383.402203856749,160.068870523416,1052.49311294766,2629.50688705234,925.443526170799,395.730027548209,1056.91460055096,1997.51790633609,16933.7438016529,1657.57300275482,578.69696969697,1007.1349862259,300.925619834711,116.115702479339,1013.20385674931,412.96694214876,13959.8925619835,8726.1955922865,363,23.8788914284977,19.3941030318778,0.583398478338192,0.950261780104712,0.726,-0.0590455613860757,FAHNSCC_15,HN,1,FAHNSCC_15,Ki67+ tumor cells,,carcinoma_in_situ_FAHNSCC_15_2
17991,20551,9772.3986013986,130.351981351981,62.4289044289044,599.030303030303,22.0815850815851,2424.94638694639,449.358974358974,233.006993006993,947.365967365967,3625.06293706294,415.037296037296,624.165501165501,1132.45687645688,2386.46853146853,390.540792540793,151.706293706294,1061.58275058275,1937.9627039627,1060.56177156177,383.599067599068,1014.337995338,1559.24708624709,725.412587412587,3568.4289044289,579.258741258741,931.776223776224,304.335664335664,117.965034965035,1006.89044289044,411.254079254079,14032.7342657343,9237.96736596737,429,30.1273096691402,18.1439521390256,0.798313057319764,0.964044943820225,0.778584392014519,1.2885863604122,FAHNSCC_15,HN,1,FAHNSCC_15,tumor cells,,carcinoma_in_situ_FAHNSCC_15_2
18014,20576,29553.2151162791,364.081395348837,110.438953488372,611.18023255814,58.3720930232558,7657.92441860465,944.401162790698,255.005813953488,977.665697674419,11973.2558139535,666.75,185.197674418605,970.31976744186,10481.0290697674,562.831395348837,205.450581395349,1179.59011627907,6070.42151162791,651.447674418605,407.880813953488,963.622093023256,6465.49709302326,334.793604651163,8768.88372093023,1377.8488372093,1852.02034883721,351.101744186047,134.735465116279,1044.45930232558,420.558139534884,14427.9244186047,9170.8023255814,344,22.0300517040873,19.9512716788068,0.424049751954299,0.947658402203857,0.744588744588745,1.31035928054278,FAHNSCC_15,HN,1,FAHNSCC_15,stromal cells,,carcinoma_in_situ_FAHNSCC_15_2
18066,20631,12616.6710875332,281.050397877984,90.7055702917772,607.549071618037,142.320954907162,3217.77718832891,3027.44031830239,228.294429708223,966.384615384615,5186.01326259947,3242.91777188329,238.503978779841,950.254641909814,4726.7400530504,749.090185676393,1700.96286472149,1272.62068965517,4048.98938992042,733.04774535809,426.074270557029,975.413793103448,3991.16180371353,355.037135278515,6243.43236074271,1823.01856763926,2126.76923076923,456.164456233422,340.583554376658,1045.02652519894,433.15649867374,14818.8965517241,8647.27320954907,377,27.4050655460607,17.8451946967869,0.758936968238897,0.949622166246851,0.718095238095238,-1.1267199871102,FAHNSCC_15,HN,1,FAHNSCC_15,M2 macrophages,,carcinoma_in_situ_FAHNSCC_15_2
18111,20681,8795.68541666667,154.477083333333,77.90625,600.41875,16.5979166666667,2110.775,460.285416666667,227.55625,950.275,3647.78958333333,410.402083333333,1249.69166666667,1024.7875,2385.4,383.795833333333,167.383333333333,1048.22291666667,2022.28333333333,1069.25833333333,400.58125,1020.3125,1361.64375,356.74375,1793.61875,572.514583333333,909.585416666667,293.116666666667,114.841666666667,999.139583333333,410.752083333333,13694.7041666667,8508.0625,480,28.4278070861436,21.5266580428832,0.653137320893547,0.97165991902834,0.808080808080808,0.241194006471509,FAHNSCC_15,HN,1,FAHNSCC_15,tumor cells,,carcinoma_in_situ_FAHNSCC_15_2
18141,20714,31487.5324074074,605.189814814815,424.212962962963,611.319444444445,146.365740740741,7571.24537037037,836.699074074074,259.537037037037,961.75,11114.8611111111,591.583333333333,190.921296296296,978.425925925926,7047.82407407407,412.037037037037,165.134259259259,983.328703703704,5835.75462962963,688.731481481482,406.5,942.0,5166.75925925926,328.509259259259,1034.76851851852,674.856481481482,2356.35648148148,347.884259259259,143.236111111111,984.833333333333,421.481481481482,14636.9074074074,8696.16666666667,216,19.2280804424927,14.6387122532664,0.648376931623453,0.939130434782609,0.710526315789474,0.219192253653758,FAHNSCC_15,HN,1,FAHNSCC_15,regulatory T cells,,carcinoma_in_situ_FAHNSCC_15_2
18178,20762,12205.5384615385,135.97373358349,73.3058161350844,597.34521575985,15.3302063789869,3080.68855534709,442.018761726079,223.600375234522,949.397748592871,4775.1181988743,395.855534709193,1090.62288930582,983.127579737336,3428.70168855535,361.512195121951,160.435272045028,1098.66979362101,2435.88742964353,882.497185741088,394.519699812383,1054.24015009381,1839.75234521576,409.851782363978,2487.36210131332,576.121951219512,850.62851782364,252.564727954972,109.135084427767,984.898686679174,409.041275797373,13499.9718574109,8716.86679174484,533,33.7570056217077,20.1483027738234,0.80234327537296,0.965579710144928,0.716397849462366,0.431642661420511,FAHNSCC_15,HN,1,FAHNSCC_15,tumor cells,,carcinoma_in_situ_FAHNSCC_15_2
18179,20763,24977.2612903226,369.432258064516,114.2,609.458064516129,269.058064516129,5878.4064516129,796.048387096774,254.096774193548,969.283870967742,8221.59032258065,649.316129032258,172.722580645161,989.254838709677,6379.09677419355,457.935483870968,194.522580645161,1386.50967741935,4003.65161290323,727.138709677419,437.612903225806,986.109677419355,3376.16774193548,322.464516129032,11100.0258064516,1174.24516129032,916.216129032258,320.670967741936,122.151612903226,1040.37096774194,413.690322580645,14815.3,8852.06451612903,310,21.8411714760605,18.173674304071,0.554650666241976,0.96875,0.776942355889724,-0.33417271178349,FAHNSCC_15,HN,1,FAHNSCC_15,stromal cells,,carcinoma_in_situ_FAHNSCC_15_2
18248,20839,9559.19,177.738,76.6,602.53,15.814,2268.506,434.228,215.15,954.666,3620.39,366.056,2052.394,1001.364,2624.598,344.59,133.798,1000.952,2408.958,691.394,390.258,1011.17,1940.168,337.67,2117.194,575.976,1136.138,291.912,115.166,990.398,412.86,13755.884,8761.278,500,29.0464365691039,21.9760934343896,0.653895547197654,0.961538461538462,0.783699059561129,0.124962451151624,FAHNSCC_15,HN,1,FAHNSCC_15,tumor cells,,carcinoma_in_situ_FAHNSCC_15_2
18266,20865,3723.96978021978,204.747252747253,78.6071428571429,602.211538461539,15.043956043956,954.057692307692,400.934065934066,187.837912087912,943.06043956044,1705.97527472527,390.387362637363,2788.79395604396,946.692307692308,1444.99175824176,425.648351648352,119.848901098901,977.722527472527,1616.74450549451,1257.56318681319,392.07967032967,977.519230769231,1351.49450549451,256.085164835165,2880.95054945055,576.123626373626,1090.84340659341,330.958791208791,121.423076923077,1006.34065934066,414.629120879121,13248.282967033,9316.59340659341,364,24.7167430301323,18.8450104621867,0.647060021286448,0.96042216358839,0.758333333333333,-0.519975841634307,FAHNSCC_15,HN,1,FAHNSCC_15,tumor cells,,carcinoma_in_situ_FAHNSCC_15_2
18346,20950,27614.2380952381,332.56746031746,101.519841269841,609.90873015873,29.6785714285714,7792.67063492064,868.527777777778,258.103174603175,970.599206349206,11596.5873015873,671.571428571429,299.496031746032,997.18253968254,7738.42063492064,504.90873015873,347.869047619048,1282.93650793651,5907.9246031746,789.15873015873,449.293650793651,971.81746031746,4640.38888888889,385.948412698413,3799.78571428571,1679.11904761905,1547.84126984127,334.384920634921,175.027777777778,1032.27777777778,419.861111111111,14654.9920634921,8467.00793650794,252,21.4433759335108,14.9577795313549,0.716538260068585,0.96551724137931,0.8,0.147355351188035,FAHNSCC_15,HN,1,FAHNSCC_15,endothelial cells,,carcinoma_in_situ_FAHNSCC_15_2
18381,20989,7063.25386996904,296.681114551084,107.393188854489,605.489164086687,9.4953560371517,1613.57894736842,562.854489164087,250.792569659443,963.139318885449,2579.49845201238,449.046439628483,3570.90092879257,959.083591331269,2250.10526315789,441.8173374613,159.603715170279,931.653250773994,1749.96594427245,1728.89164086687,425.213622291022,994.84520123839,1385.89783281734,345.569659442724,2372.15479876161,573.43653250774,1143.06191950464,386.275541795666,129.708978328173,989.798761609907,423.90092879257,14148.5015479876,8152.11764705882,323,22.0488402871415,18.7009684661546,0.529738389377618,0.961309523809524,0.769047619047619,-0.532828748464701,FAHNSCC_15,HN,1,FAHNSCC_15,tumor cells,,carcinoma_in_situ_FAHNSCC_15_2
18434,21046,9043.26666666667,126.781481481481,70.7037037037037,600.455555555556,20.8666666666667,2124.45679012346,444.738271604938,219.322222222222,950.653086419753,3157.81481481482,376.70987654321,1133.22222222222,1245.33209876543,1967.16790123457,361.013580246914,151.479012345679,1095.96172839506,1516.78888888889,605.317283950617,377.234567901235,1047.45802469136,1186.75308641975,5908.97037037037,2986.84320987654,578.502469135803,697.907407407407,237.285185185185,105.20987654321,982.659259259259,409.511111111111,14087.2851851852,9180.53950617284,810,35.006532038176,29.4950367716373,0.538605481752839,0.964285714285714,0.75,1.55654917265621,FAHNSCC_15,HN,1,FAHNSCC_15,Ki67+ tumor cells,,carcinoma_in_situ_FAHNSCC_15_2
18451,21066,13294.7327586207,410.387931034483,123.995689655172,602.629310344828,143.461206896552,3436.71120689655,866.543103448276,221.663793103448,960.655172413793,4781.38793103448,611.090517241379,183.849137931034,942.215517241379,3760.55172413793,444.870689655173,194.965517241379,1077.41810344828,2252.57327586207,602.586206896552,397.211206896552,949.512931034483,1636.12931034483,302.405172413793,6692.27586206897,981.689655172414,985.418103448276,351.862068965517,171.012931034483,1019.75431034483,411.590517241379,14353.5474137931,8934.83189655173,232,18.52493010372,16.0729230465,0.497197407400515,0.97071129707113,0.758169934640523,-0.431924982607303,FAHNSCC_15,HN,1,FAHNSCC_15,stromal cells,,carcinoma_in_situ_FAHNSCC_15_2
18498,21120,16494.2178217822,275.485148514851,82.2178217821782,604.816831683168,34.9554455445545,4123.9900990099,774.331683168317,226.128712871287,978.143564356436,6218.37128712871,524.405940594059,203.658415841584,953.316831683168,4195.77227722772,417.435643564357,250.841584158416,1071.62871287129,3036.14356435644,699.712871287129,417.465346534654,962.905940594059,2328.0198019802,369.594059405941,993.386138613861,603.915841584158,1186.88118811881,327.787128712871,139.207920792079,1002.88613861386,418.564356435644,14610.202970297,8323.28217821782,202,17.3876518655192,14.9472267364521,0.510890027424193,0.93953488372093,0.701388888888889,0.0024398534229706,FAHNSCC_15,HN,1,FAHNSCC_15,stromal cells,,carcinoma_in_situ_FAHNSCC_15_2
18521,21144,11829.9483568075,250.774647887324,88.5070422535211,604.744131455399,9.17840375586854,2668.3427230047,515.051643192488,266.553990610329,954.906103286385,4119.19014084507,477.666666666667,1785.62441314554,1069.16901408451,3060.73474178404,437.920187793427,160.734741784038,1023.53521126761,2308.81455399061,2210.02112676056,418.807511737089,1101.48356807512,1465.98122065728,16930.823943662,1799.36854460094,572.50234741784,862.056338028169,288.053990610329,114.457746478873,1001.7441314554,412.657276995305,13507.8568075117,8291.6220657277,426,28.1793256396434,19.2655640277456,0.729784495382652,0.974828375286041,0.800751879699248,0.208857332242964,FAHNSCC_15,HN,1,FAHNSCC_15,Ki67+ tumor cells,,carcinoma_in_situ_FAHNSCC_15_2
18542,21168,5950.33123028391,140.463722397476,74.9242902208202,603.123028391167,9.80441640378549,1290.1167192429,409.671924290221,237.84858044164,956.577287066246,2004.81072555205,392.129337539432,1676.05993690852,994.460567823344,1703.98738170347,369.485804416404,161.98738170347,1027.10094637224,1315.99684542587,1565.3880126183,409.447949526814,1013.01261829653,894.902208201893,340.504731861199,2747.19558359621,570.807570977918,757.220820189275,263.305993690852,109.984227129338,992.145110410095,414.514195583596,13438.4384858044,8324.4858044164,317,26.3549493151786,15.3261968732427,0.81352487237384,0.954819277108434,0.762019230769231,-1.34679883649349,FAHNSCC_15,HN,1,FAHNSCC_15,tumor cells,,carcinoma_in_situ_FAHNSCC_15_2
18547,21177,18173.9384057971,217.797101449275,87.4311594202899,607.811594202899,138.416666666667,4581.0615942029,768.586956521739,215.300724637681,956.731884057971,6819.13768115942,482.920289855073,164.119565217391,958.253623188406,5682.55434782609,419.344202898551,239.304347826087,1101.26086956522,3896.65217391304,593.909420289855,387.503623188406,984.840579710145,3601.1268115942,264.855072463768,2418.89855072464,702.735507246377,1198.60869565217,299.865942028986,131.471014492754,1008.64492753623,412.985507246377,14212.384057971,9249.75,276,22.7040819887187,15.6799331893301,0.723216134279607,0.965034965034965,0.784090909090909,1.5276324210549,FAHNSCC_15,HN,1,FAHNSCC_15,stromal cells,,carcinoma_in_situ_FAHNSCC_15_2
18630,21272,13473.8316498316,359.047138047138,114.824915824916,612.86531986532,535.265993265993,3446.0101010101,615.474747474748,213.3367003367,959.181818181818,4807.38720538721,506.188552188552,152.350168350168,969.373737373737,3092.40740740741,452.575757575758,168.289562289562,1302.45117845118,2607.20538720539,541.094276094276,392.447811447811,972.757575757576,2476.15824915825,227.959595959596,3755.77777777778,846.410774410774,960.525252525252,289.922558922559,122.363636363636,1008.96296296296,410.565656565657,14550.4848484848,9320.94612794613,297,22.7031297440891,16.9095219616523,0.667276410649285,0.961165048543689,0.717391304347826,-1.24456675139639,FAHNSCC_15,HN,1,FAHNSCC_15,stromal cells,,carcinoma_in_situ_FAHNSCC_15_2
18647,21291,16206.0916030534,343.996183206107,122.148854961832,613.301526717557,121.492366412214,3865.95038167939,800.988549618321,248.885496183206,984.618320610687,6128.53435114504,675.007633587786,167.881679389313,962.618320610687,4563.91984732824,495.160305343511,256.427480916031,1297.07633587786,2627.95038167939,698.564885496183,412.660305343511,995.977099236641,1918.74045801527,326.553435114504,8661.38549618321,1815.35496183206,955.049618320611,362.553435114504,152.43893129771,1033.12977099237,418.217557251908,14821.6603053435,8751.3320610687,262,19.4686692882621,17.2140127802159,0.467126458370645,0.97037037037037,0.766081871345029,-1.0615978650913,FAHNSCC_15,HN,1,FAHNSCC_15,endothelial cells,,carcinoma_in_situ_FAHNSCC_15_2
18675,21323,4008.49651972158,145.255220417633,78.2111368909513,607.090487238979,16.1067285382831,1007.7819025522,395.508120649652,203.290023201856,947.150812064965,1734.71693735499,375.986078886311,1960.65429234339,964.30162412993,1262.20881670534,356.299303944316,148.828306264501,1006.91879350348,1092.07424593968,840.361948955916,386.879350348028,947.593967517401,819.078886310905,252.538283062645,2512.69605568445,578.171693735499,813.341067285383,296.044083526682,114.951276102088,993.37819025522,410.600928074246,13224.1392111369,9145.16937354989,431,25.9482304257061,21.1510770259476,0.579283712620521,0.977324263038549,0.814744801512287,-0.785974175853791,FAHNSCC_15,HN,1,FAHNSCC_15,tumor cells,,carcinoma_in_situ_FAHNSCC_15_2
18682,21333,12801.2182539683,242.638888888889,68.2460317460318,607.154761904762,58.1428571428571,3118.21031746032,552.226190476191,216.587301587302,948.948412698413,4702.79761904762,483.694444444444,215.238095238095,965.206349206349,3845.96031746032,406.265873015873,245.880952380952,1016.74603174603,2235.73015873016,641.634920634921,427.337301587302,943.198412698413,1647.10317460317,336.757936507937,1202.61111111111,862.170634920635,926.238095238095,311.563492063492,141.238095238095,1000.74206349206,417.071428571429,14671.5198412698,8471.48412698413,252,22.3715301295383,14.393986566888,0.76552475626542,0.958174904942966,0.75,0.38130367708395,FAHNSCC_15,HN,1,FAHNSCC_15,stromal cells,,carcinoma_in_situ_FAHNSCC_15_2
18694,21346,8046.12121212121,237.38961038961,85.969696969697,602.948051948052,19.0735930735931,1835.41125541126,458.320346320346,214.047619047619,954.948051948052,2926.50649350649,412.848484848485,1567.01298701299,951.450216450216,3015.95238095238,462.753246753247,125.238095238095,934.108225108225,2259.07359307359,1437.91341991342,408.411255411255,971.5670995671,2049.47186147186,628.484848484849,3097.68398268398,575.580086580087,1439.42424242424,376.376623376623,127.238095238095,1005.4329004329,421.571428571429,14236.4025974026,8123.29004329004,231,21.7818218797555,13.5921697412137,0.78141286955779,0.931451612903226,0.75,0.0495787104964599,FAHNSCC_15,HN,1,FAHNSCC_15,tumor cells,,carcinoma_in_situ_FAHNSCC_15_2
18713,21369,6010.69565217391,156.568322981366,75.1459627329193,599.586956521739,16.0124223602484,1354.2049689441,406.931677018634,184.751552795031,945.347826086956,2290.86645962733,377.44099378882,1657.75776397516,964.534161490683,1769.07453416149,403.819875776398,118.555900621118,971.509316770186,1778.60248447205,1082.65527950311,381.801242236025,958.431677018634,1534.83229813665,838.366459627329,2299.86335403727,575.475155279503,1046.79813664596,292.950310559006,115.093167701863,1009.3198757764,411.645962732919,13776.5931677019,9078.7049689441,322,26.7316055103367,15.3627443423484,0.818361785520146,0.964071856287425,0.715555555555556,0.445712689078594,FAHNSCC_15,HN,1,FAHNSCC_15,Ki67+ tumor cells,,carcinoma_in_situ_FAHNSCC_15_2
18715,21371,14329.6121372032,267.725593667546,87.9525065963061,604.654353562005,74.1688654353562,3717.0765171504,1317.01583113457,213.947229551451,968.401055408971,5519.20316622691,1164.77044854881,278.068601583113,951.32981530343,5300.98153034301,567.408970976253,470.90765171504,1100.42480211082,3727.07387862797,607.461741424802,397.337730870712,967.335092348285,3769.5092348285,278.704485488127,3894.65435356201,799.738786279683,1600.69393139842,361.026385224274,514.78364116095,1032.74934036939,415.728232189974,14184.5936675462,9314.53298153035,379,31.7018214046595,15.8431563399983,0.866166579373333,0.931203931203931,0.719165085388994,-1.35990413627543,FAHNSCC_15,HN,1,FAHNSCC_15,M1/M0 macrophages,,carcinoma_in_situ_FAHNSCC_15_2
18741,21403,12676.0063532402,286.893265565438,101.400254129606,609.800508259212,15.1080050825921,3102.26302414231,633.147395171538,303.252858958069,965.188055908513,4700.53240152478,506.337992376112,1124.27445997459,1016.82973316391,3375.94027954257,492.454891994917,208.777636594663,1063.4040660737,2681.34434561626,713.082592121982,399.639135959339,989.865311308767,2345.34688691233,296.316391359593,1977.0165184244,577.268106734435,1255.89707750953,353.327827191868,125.316391359593,1006.35196950445,415.720457433291,13362.6734434562,9120.35451080051,787,33.9886136623277,29.6762692424773,0.487498452564665,0.975216852540273,0.798174442190669,-0.0520698883912676,FAHNSCC_15,HN,1,FAHNSCC_15,tumor cells,,carcinoma_in_situ_FAHNSCC_15_2
18754,21417,8085.30769230769,167.608391608392,68.5804195804196,609.059440559441,9.77622377622378,2112.29370629371,472.311188811189,202.468531468531,952.136363636364,3685.24825174825,414.160839160839,3668.21328671329,943.398601398601,2994.70629370629,449.391608391608,122.300699300699,967.804195804196,2906.15734265734,1992.79020979021,404.622377622378,969.05944055944,2618.61188811189,4302.51048951049,4314.03846153846,579.811188811189,1721.23776223776,338.835664335664,128.416083916084,1022.10839160839,423.332167832168,14264.5664335664,8406.2027972028,286,21.8185288875574,16.7133193383998,0.642822755294734,0.979452054794521,0.851190476190476,-0.0178788720027387,FAHNSCC_15,HN,1,FAHNSCC_15,Ki67+ tumor cells,,carcinoma_in_situ_FAHNSCC_15_2
18759,21424,11160.3370165746,350.933701657459,117.795580110497,625.756906077348,744.756906077348,2875.07182320442,650.099447513812,196.441988950276,971.624309392265,4404.90055248619,490.756906077348,166.187845303867,950.895027624309,3479.50828729282,500.226519337017,156.85635359116,1059.11049723757,3800.43093922652,582.629834254144,402.408839779006,968.900552486188,3588.37569060773,261.85635359116,4064.28729281768,618.337016574586,1926.13259668508,366.779005524862,170.640883977901,1025.44751381215,425.209944751381,13886.2486187845,9651.07182320442,181,17.2850163632465,13.3429810911034,0.635696410400294,0.947643979057592,0.754166666666667,-0.945436871772271,FAHNSCC_15,HN,1,FAHNSCC_15,stromal cells,,carcinoma_in_situ_FAHNSCC_15_2
18773,21441,4868.77391304348,115.788405797101,66.9971014492754,591.965217391304,16.3449275362319,1191.49855072464,374.544927536232,187.91884057971,948.052173913044,1992.6,345.344927536232,2269.31304347826,957.530434782609,1731.68405797101,374.527536231884,117.608695652174,1017.31594202899,1567.9884057971,2042.4115942029,381.597101449275,967.527536231884,1308.93043478261,531.249275362319,2208.13333333333,575.069565217391,936.973913043478,278.655072463768,118.078260869565,994.724637681159,408.95652173913,13905.915942029,8956.33623188406,345,24.1369459011642,18.2140777222831,0.656168944892064,0.974576271186441,0.75,0.977725441258248,FAHNSCC_15,HN,1,FAHNSCC_15,tumor cells,,carcinoma_in_situ_FAHNSCC_15_2
18790,21461,9576.13131313131,148.585858585859,67.5454545454546,599.090909090909,21.1414141414141,2320.31818181818,395.010101010101,188.656565656566,946.782828282828,3435.97474747475,370.883838383838,1522.82828282828,958.227272727273,2518.57070707071,366.90404040404,127.090909090909,937.393939393939,2336.05050505051,924.424242424242,387.10101010101,967.166666666667,2127.34343434343,714.641414141414,1205.08080808081,578.277777777778,1075.81313131313,265.782828282828,113.393939393939,1000.73232323232,410.691919191919,13520.5858585859,9553.4797979798,198,18.0166827253318,14.0490453975196,0.62605387223047,0.970588235294118,0.776470588235294,1.03605270527135,FAHNSCC_15,HN,1,FAHNSCC_15,tumor cells,,carcinoma_in_situ_FAHNSCC_15_2
18820,21495,21046.7510373444,225.04979253112,71.8713692946058,608.410788381743,73.5892116182573,5479.19917012448,711.54356846473,235.792531120332,985.734439834025,8677.24481327801,583.98755186722,160.402489626556,946.946058091286,7410.29045643154,429.98755186722,147.92531120332,3297.92116182573,5637.95435684647,680.634854771784,419.804979253112,984.842323651452,6109.75933609959,317.385892116183,4262.04564315353,1657.52282157676,1964.48962655602,337.788381742739,134.697095435685,1031.99170124481,422.809128630705,14751.5892116183,8853.40663900415,241,19.3674339842936,15.9138244596889,0.569949748236544,0.948818897637795,0.743827160493827,-0.842235765456212,FAHNSCC_15,HN,1,FAHNSCC_15,effector CD8+ T cells,,carcinoma_in_situ_FAHNSCC_15_2
18840,21516,25019.6633663366,484.361386138614,146.678217821782,610.589108910891,141.678217821782,5401.84653465347,685.693069306931,253.69801980198,951.589108910891,8358.82673267327,558.673267326733,228.30198019802,968.559405940594,7013.82673267327,413.475247524753,188.613861386139,1004.37623762376,4943.12871287129,784.0,442.648514851485,969.980198019802,4470.70792079208,385.608910891089,795.282178217822,1930.11881188119,2275.89603960396,394.113861386139,155.871287128713,1009.52475247525,432.70297029703,14543.3663366337,8239.08910891089,202,20.3052943631587,12.7735393782724,0.777345156021988,0.94392523364486,0.759398496240602,-0.295612918028952,FAHNSCC_15,HN,1,FAHNSCC_15,endothelial cells,,carcinoma_in_situ_FAHNSCC_15_2
18881,21566,6171.24553571429,92.7633928571429,57.71875,602.290178571429,18.1517857142857,1584.66071428571,376.5,179.790178571429,951.147321428571,2547.84821428571,381.995535714286,924.209821428571,953.169642857143,2150.98660714286,373.397321428571,121.321428571429,986.723214285714,2039.78571428571,1230.95089285714,377.96875,955.745535714286,1814.66964285714,537.540178571429,2492.80803571429,577.6875,1076.3125,289.446428571429,116.919642857143,1015.42857142857,411.535714285714,13683.5223214286,9208.86160714286,224,17.5305224935206,16.2834910914268,0.370418096750894,0.96551724137931,0.777777777777778,0.234076178623635,FAHNSCC_15,HN,1,FAHNSCC_15,tumor cells,,carcinoma_in_situ_FAHNSCC_15_2
18908,21600,23607.6342412451,238.918287937743,76.1828793774319,603.747081712062,164.906614785992,5744.85992217899,985.937743190661,227.961089494163,963.571984435798,8022.9766536965,644.817120622568,179.785992217899,964.443579766537,6505.80155642023,585.653696498055,384.673151750973,1119.61478599222,5108.05836575876,653.964980544747,407.447470817121,972.941634241245,4830.16342412451,291.210116731518,3829.05836575876,1118.50194552529,1974.75097276265,370.536964980545,258.891050583658,1035.8093385214,422.132295719844,13770.1439688716,9657.04280155642,257,19.930018069691,16.4529033010575,0.564352696259409,0.962546816479401,0.751461988304094,-0.799953158806381,FAHNSCC_15,HN,1,FAHNSCC_15,stromal cells,,carcinoma_in_situ_FAHNSCC_15_2
18950,21646,23674.6821705426,261.895348837209,100.581395348837,616.550387596899,61.8023255813954,5603.7015503876,766.984496124031,239.31007751938,961.294573643411,7765.86821705426,618.22480620155,156.426356589147,969.817829457364,6088.41472868217,443.174418604651,231.317829457364,1212.65503875969,3634.01937984496,650.186046511628,411.527131782946,966.802325581395,3050.47286821705,312.077519379845,7000.40310077519,3871.59689922481,987.007751937984,364.313953488372,131.616279069767,1059.05813953488,418.720930232558,14828.3217054264,8959.37984496124,258,20.4943139734877,16.0276912434555,0.623208771934282,0.969924812030075,0.80625,-1.30727918753389,FAHNSCC_15,HN,1,FAHNSCC_15,endothelial cells,,carcinoma_in_situ_FAHNSCC_15_2
18958,21656,7833.95592286501,264.407713498623,99.7823691460055,611.388429752066,21.4683195592287,1812.89531680441,494.914600550964,197.99173553719,946.225895316804,3063.21763085399,404.944903581267,3309.04683195592,943.380165289256,2593.93663911846,379.027548209366,127.011019283747,912.052341597796,2523.42148760331,654.429752066116,398.31129476584,947.162534435262,2244.35537190083,304.30303030303,1089.53168044077,577.763085399449,1477.92561983471,369.358126721763,130.473829201102,998.933884297521,418.407713498623,13393.8319559229,8968.53168044077,363,24.1370169191093,19.1838977869635,0.606882481306703,0.968,0.785714285714286,0.622117975417994,FAHNSCC_15,HN,1,FAHNSCC_15,tumor cells,,carcinoma_in_situ_FAHNSCC_15_2
18986,21691,7448.73170731707,193.921951219512,78.5024390243902,597.534146341463,19.9951219512195,1827.86585365854,432.331707317073,250.012195121951,951.382926829268,2787.40243902439,365.8,1158.41463414634,1001.57073170732,2213.40243902439,351.078048780488,142.624390243902,1076.67317073171,1675.62682926829,1047.24146341463,381.187804878049,1023.93658536585,1259.88048780488,285.1,1982.54146341463,579.912195121951,754.156097560976,244.485365853659,106.714634146341,973.982926829268,409.673170731707,14083.443902439,8910.63414634146,410,25.6421769704362,20.3686511285126,0.607471169175996,0.960187353629976,0.745454545454546,0.527573604042675,FAHNSCC_15,HN,1,FAHNSCC_15,tumor cells,,carcinoma_in_situ_FAHNSCC_15_2
18987,21692,11166.698630137,175.671232876712,70.8835616438356,610.643835616438,203.58904109589,2667.58904109589,2660.42465753425,209.479452054795,956.417808219178,4134.61643835616,653.506849315069,581.109589041096,955.075342465754,3068.7602739726,604.36301369863,1916.90410958904,1000.34931506849,1797.65753424658,1334.2397260274,404.116438356164,978.835616438356,1245.44520547945,352.047945205479,4090.6095890411,680.452054794521,1032.65753424658,351.623287671233,443.993150684932,1008.2397260274,418.732876712329,13841.7739726027,8480.58904109589,146,16.9560510401651,11.0360609480316,0.759195470300295,0.941935483870968,0.780748663101604,-0.0820817474710571,FAHNSCC_15,HN,1,FAHNSCC_15,dendritic cells,,carcinoma_in_situ_FAHNSCC_15_2
19010,21716,19677.1126760563,375.417840375587,119.788732394366,612.483568075117,110.985915492958,5571.21126760563,744.610328638498,248.183098591549,980.422535211268,8623.41784037559,606.455399061033,206.863849765258,966.530516431925,6516.38497652582,566.647887323944,165.591549295775,1115.76995305164,5858.1455399061,726.765258215963,421.370892018779,962.037558685446,5783.32394366197,314.305164319249,6862.70892018779,1324.39436619718,2743.08920187793,486.694835680751,151.291079812207,1083.37558685446,436.131455399061,13612.1737089202,9722.04225352113,213,19.7696782571105,13.764300598411,0.717815949073677,0.955156950672646,0.739583333333333,-1.07244748773561,FAHNSCC_15,HN,1,FAHNSCC_15,stromal cells,,carcinoma_in_situ_FAHNSCC_15_2
19044,21751,7306.84615384615,299.111111111111,117.094017094017,616.346153846154,640.944444444445,1797.06837606838,664.794871794872,200.846153846154,961.07264957265,2902.46581196581,631.794871794872,156.576923076923,944.504273504274,2619.15811965812,513.055555555556,425.153846153846,1111.60256410256,2061.48290598291,642.282051282051,473.773504273504,942.029914529914,1684.40170940171,362.094017094017,4699.70085470086,648.538461538462,1094.53846153846,319.465811965812,169.961538461538,1023.48717948718,418.824786324786,14762.2735042735,8576.82905982906,234,19.6116977831758,15.2306703149641,0.629979805812608,0.975,0.821052631578947,0.308558128509243,FAHNSCC_15,HN,1,FAHNSCC_15,stromal cells,,carcinoma_in_situ_FAHNSCC_15_2
19049,21758,9957.56281407035,171.346733668342,68.8291457286432,597.185929648241,127.507537688442,2391.56281407035,740.557788944724,190.56783919598,973.874371859296,3843.69346733668,483.291457286432,148.005025125628,947.095477386935,3370.51256281407,487.050251256281,205.201005025126,1204.5175879397,2668.26633165829,590.05527638191,399.060301507538,978.678391959799,2424.3216080402,3540.27638190955,5031.50251256281,838.110552763819,1158.35175879397,328.552763819096,129.261306532663,1028.26633165829,415.874371859297,14468.7236180905,8926.04522613065,199,16.8353086101191,15.0663817207963,0.446211447069186,0.966019417475728,0.780392156862745,1.39556486008188,FAHNSCC_15,HN,1,FAHNSCC_15,stromal cells,,carcinoma_in_situ_FAHNSCC_15_2
19056,21766,10892.2631578947,123.830409356725,80.374269005848,601.005847953216,228.473684210526,2398.19298245614,451.912280701754,188.497076023392,949.0,3591.05847953216,415.426900584795,178.573099415205,941.368421052632,2187.92397660819,339.169590643275,123.578947368421,1001.11111111111,1565.26315789474,567.222222222222,386.286549707602,947.099415204678,1070.30994152047,287.631578947368,1316.98245614035,661.812865497076,800.672514619883,278.304093567251,119.245614035088,988.233918128655,409.964912280702,14575.3684210526,8641.59064327485,171,17.3965434194019,12.6811457927508,0.684570891577454,0.93956043956044,0.7125,0.73333267397449,FAHNSCC_15,HN,1,FAHNSCC_15,stromal cells,,carcinoma_in_situ_FAHNSCC_15_2
19058,21768,13917.2383900929,273.922600619195,86.3931888544892,600.170278637771,56.6315789473684,3221.33436532508,2491.18885448916,237.244582043344,964.0,4849.5479876161,548.321981424149,899.05572755418,963.808049535604,4198.47368421053,607.882352941177,320.095975232198,1024.14241486068,3058.47058823529,1915.35294117647,420.315789473684,984.783281733746,2616.69040247678,2448.92879256966,4219.41795665635,581.219814241486,1475.04953560372,365.402476780186,169.541795665635,1014.20743034056,424.919504643963,14425.1795665635,8178.75232198142,323,21.9367981712703,18.8421230013578,0.512096917529661,0.95,0.734090909090909,1.51795635817812,FAHNSCC_15,HN,1,FAHNSCC_15,Ki67+ tumor cells,,carcinoma_in_situ_FAHNSCC_15_2
19073,21784,38571.1481481482,544.268518518519,146.657407407407,618.115740740741,303.597222222222,8704.4212962963,1003.43055555556,259.976851851852,969.99537037037,12361.625,655.523148148148,187.638888888889,981.324074074074,10007.787037037,515.634259259259,189.865740740741,1131.33333333333,6502.01388888889,684.458333333333,405.078703703704,978.189814814815,6450.84722222222,310.805555555556,6210.26388888889,1694.48148148148,1526.43518518519,326.287037037037,124.393518518519,1029.18518518519,419.532407407407,14331.7407407407,9124.66666666667,216,17.6627827639919,15.7146638276434,0.456536138583611,0.947368421052632,0.747404844290658,-1.12651141496554,FAHNSCC_15,HN,1,FAHNSCC_15,endothelial cells,,carcinoma_in_situ_FAHNSCC_15_2
19159,21878,8324.2204234122,299.183063511831,91.7696139476961,597.905354919054,16.6301369863014,2051.34744707347,484.86301369863,215.47696139477,955.570361145704,3196.86176836862,409.780821917808,1296.45454545455,967.810709838107,2212.45703611457,384.32503113325,170.932752179328,1038.7795765878,1908.71481942715,853.134495641345,389.637608966376,1009.90410958904,1452.84184308842,259.052303860523,2022.09339975093,578.168119551681,859.244084682441,294.150684931507,114.257783312578,995.749688667497,411.821917808219,13233.900373599,9376.82689912827,803,41.483428187271,24.8205772225821,0.801253423474857,0.966305655836342,0.716964285714286,-0.390944231179499,FAHNSCC_15,HN,1,FAHNSCC_15,tumor cells,,carcinoma_in_situ_FAHNSCC_15_2
19182,21902,23211.4784313726,681.580392156863,141.658823529412,624.596078431373,596.658823529412,5482.70980392157,1644.96078431373,233.572549019608,1177.52549019608,7310.6431372549,692.011764705882,188.23137254902,961.713725490196,4789.90588235294,722.227450980392,1168.75294117647,1199.91764705882,3337.33725490196,614.160784313726,402.576470588235,1000.99607843137,2794.80392156863,313.239215686275,3143.45882352941,887.717647058824,1124.01960784314,332.898039215686,182.635294117647,1041.57254901961,416.207843137255,13696.2666666667,9771.54509803922,255,20.4760142932469,15.8918455457141,0.630585160458767,0.958646616541353,0.758928571428571,-1.39398435189722,FAHNSCC_15,HN,1,FAHNSCC_15,CD4+ T cells,,carcinoma_in_situ_FAHNSCC_15_2
19210,21937,5317.56946826758,115.341337907376,63.8627787307033,600.572898799314,30.5591766723842,1338.6140651801,395.989708404803,185.042881646655,948.67409948542,2266.84562607204,369.682675814751,1695.90222984563,952.06346483705,2013.78730703259,375.269296740995,118.994854202401,1049.43053173242,1664.33619210978,1545.76500857633,379.862778730703,958.277873070326,1434.41852487136,311.382504288165,2438.09433962264,577.826758147513,1020.6295025729,284.500857632933,117.989708404803,999.485420240137,411.27615780446,14260.730703259,8877.24528301887,583,35.8499554232669,21.3753302320601,0.802803076372999,0.947967479674797,0.648498331479422,-0.872492991189436,FAHNSCC_15,HN,1,FAHNSCC_15,tumor cells,,carcinoma_in_situ_FAHNSCC_15_2
19216,21944,13376.0554414784,131.570841889117,78.652977412731,614.960985626283,252.453798767967,3579.86447638604,524.542094455852,196.223819301848,955.858316221766,5518.45790554415,397.58521560575,191.919917864476,961.841889117043,4488.1273100616,393.7659137577,219.620123203285,1130.20739219713,3713.21971252567,590.051334702259,383.29363449692,957.946611909651,3180.2977412731,374.817248459959,1222.0841889117,871.887063655031,1475.59958932238,312.010266940452,142.047227926078,1008.29568788501,414.063655030801,13936.1396303901,8827.68993839836,487,31.0836020656741,20.4654408324539,0.752668291642284,0.966269841269841,0.737878787878788,1.13053514070845,FAHNSCC_15,HN,1,FAHNSCC_15,stromal cells,,carcinoma_in_situ_FAHNSCC_15_2
19228,21958,17041.8414096916,317.273127753304,105.295154185022,614.484581497797,496.264317180617,4168.3436123348,565.735682819383,215.471365638767,1014.96475770925,6567.72246696035,498.84140969163,267.180616740088,944.550660792952,5516.09251101322,470.471365638767,197.20704845815,925.308370044053,4171.47577092511,740.722466960352,413.453744493392,961.233480176211,3603.33039647577,362.114537444934,2030.26431718062,584.762114537445,1517.08810572687,302.004405286344,134.687224669604,994.171806167401,420.312775330397,14433.7488986784,8326.91189427313,227,21.7047123169924,13.3413903199337,0.788778817718073,0.93801652892562,0.628808864265928,0.77823760297746,FAHNSCC_15,HN,1,FAHNSCC_15,stromal cells,,carcinoma_in_situ_FAHNSCC_15_2
19236,21967,29509.7554744526,498.302919708029,137.295620437956,615.642335766423,210.452554744526,8011.52919708029,878.233576642336,261.682481751825,974.875912408759,11554.2189781022,696.478102189781,187.602189781022,964.868613138686,8862.58759124088,672.051094890511,265.817518248175,1205.76277372263,7198.77737226277,805.284671532847,470.087591240876,969.197080291971,6973.36496350365,383.821167883212,3870.69343065693,1546.78832116788,2576.88686131387,392.423357664234,169.116788321168,1048.72627737226,430.01094890511,14679.1423357664,8567.54379562044,274,20.9338887868372,16.7188411564016,0.601796372222133,0.951388888888889,0.721052631578947,0.581770384418654,FAHNSCC_15,HN,1,FAHNSCC_15,stromal cells,,carcinoma_in_situ_FAHNSCC_15_2
19244,21975,10854.7921348315,135.398876404494,74.2612359550562,601.247191011236,13.1516853932584,2396.07303370787,459.88202247191,212.609550561798,954.575842696629,3775.20505617978,408.320224719101,2546.54494382023,1008.35393258427,3157.16292134831,365.918539325843,135.38202247191,951.660112359551,2449.49157303371,1624.04775280899,409.078651685393,1007.03651685393,2131.08988764045,3799.97471910112,2782.46348314607,572.820224719101,1302.19943820225,315.320224719101,119.457865168539,1005.22752808989,419.244382022472,14267.6123595506,8227.63202247191,356,25.3462368000525,17.950236821675,0.706010606329532,0.967391304347826,0.735537190082645,-0.849979132721239,FAHNSCC_15,HN,1,FAHNSCC_15,Ki67+ tumor cells,,carcinoma_in_situ_FAHNSCC_15_2
19295,22031,10264.5084507042,172.166197183099,88.5521126760563,609.187323943662,19.6507042253521,2515.95492957747,501.881690140845,214.225352112676,955.954929577465,4099.2,476.6,2012.10985915493,1148.93521126761,3096.97464788732,415.581690140845,137.519718309859,1022.34929577465,2229.80845070423,1243.46197183099,391.297183098592,1020.85211267606,1819.27183098592,1065.53661971831,3887.78732394366,579.512676056338,1038.34225352113,299.402816901408,120.066197183099,1029.10845070423,412.669014084507,14158.4788732394,8562.91690140845,710,39.7129341466062,22.8635670620571,0.817646268245557,0.96862210095498,0.673624288425047,-0.726669886293567,FAHNSCC_15,HN,1,FAHNSCC_15,Ki67+ tumor cells,,carcinoma_in_situ_FAHNSCC_15_2
19307,22045,7872.52121212121,187.272727272727,78.3757575757576,598.709090909091,113.157575757576,1957.48484848485,401.969696969697,171.266666666667,942.860606060606,2986.22424242424,372.10303030303,146.921212121212,946.254545454546,2292.13333333333,324.636363636364,365.715151515152,948.89696969697,2195.56363636364,473.387878787879,378.466666666667,1001.48484848485,1807.14545454545,213.242424242424,557.672727272727,621.515151515152,958.533333333333,288.0,129.781818181818,989.315151515152,410.412121212121,14335.2,9551.19393939394,165,15.5572351504438,13.5531623769151,0.490962583783111,0.953757225433526,0.785714285714286,-0.491723753920545,FAHNSCC_15,HN,1,FAHNSCC_15,stromal cells,,carcinoma_in_situ_FAHNSCC_15_2
19308,22046,13009.8428571429,200.357142857143,84.3761904761905,605.233333333333,159.704761904762,2910.81428571429,731.685714285714,188.947619047619,953.052380952381,4727.99047619048,397.995238095238,210.92380952381,944.057142857143,4453.04761904762,458.052380952381,139.738095238095,936.904761904762,3848.8380952381,566.571428571429,378.409523809524,942.790476190476,3939.70952380952,335.633333333333,743.504761904762,586.428571428571,2309.07619047619,306.695238095238,123.995238095238,984.090476190476,423.252380952381,14161.4476190476,8998.50476190476,210,20.3631679957157,13.2205461470177,0.76058515923868,0.963302752293578,0.807692307692308,1.53310547348716,FAHNSCC_15,HN,1,FAHNSCC_15,stromal cells,,carcinoma_in_situ_FAHNSCC_15_2
19372,22121,5926.29666666667,299.03,98.59,599.853333333333,9.83,1242.67333333333,475.956666666667,247.21,959.62,1977.75,429.146666666667,4284.13666666667,974.776666666667,1597.11666666667,449.296666666667,138.08,1074.74333333333,1169.01666666667,3441.64666666667,408.713333333333,1008.9,745.306666666667,3615.92333333333,2755.51333333333,565.45,736.166666666667,267.9,109.986666666667,993.046666666667,411.65,13517.53,8262.21333333333,300,20.2173265322127,18.9134113821941,0.353313277960197,0.961538461538462,0.789473684210526,1.02811625377856,FAHNSCC_15,HN,1,FAHNSCC_15,Ki67+ tumor cells,,carcinoma_in_situ_FAHNSCC_15_2
19447,22208,36032.341991342,461.926406926407,122.87012987013,610.515151515152,222.324675324675,9092.0,1039.06493506494,276.852813852814,980.445887445888,13043.6147186147,709.21645021645,168.670995670996,957.640692640693,10172.3852813853,508.324675324675,182.558441558442,1253.46753246753,7039.57142857143,745.718614718615,419.571428571429,986.164502164502,7100.68398268398,345.926406926407,5093.31601731602,1827.62770562771,1750.92640692641,358.796536796537,136.78354978355,1049.1038961039,424.125541125541,14583.8831168831,9057.93506493506,231,19.664081546521,15.0064549270269,0.646232728960333,0.970588235294118,0.810526315789474,-1.21244405248405,FAHNSCC_15,HN,1,FAHNSCC_15,endothelial cells,,carcinoma_in_situ_FAHNSCC_15_2
19459,22222,11519.575,215.40625,72.43125,599.16875,138.41875,2565.05625,612.8125,201.41875,960.8,4198.9875,465.28125,154.10625,945.7375,4137.7,418.35,129.93125,1100.525,3275.875,562.075,387.63125,986.00625,3551.08125,279.96875,8046.91875,865.5,1538.23125,329.9,124.26875,1022.43125,411.4625,14317.0625,9163.9375,160,15.3242557665826,13.2831541886843,0.498645824967112,0.958083832335329,0.761904761904762,0.410413568615987,FAHNSCC_15,HN,1,FAHNSCC_15,stromal cells,,carcinoma_in_situ_FAHNSCC_15_2
19480,22246,10243.3947990544,122.482269503546,73.0591016548463,603.555555555556,23.033096926714,2525.98345153664,445.127659574468,215.58865248227,951.886524822695,3834.61938534279,382.222222222222,715.137115839244,1051.90307328605,2717.66903073286,365.080378250591,153.141843971631,1046.43026004728,2174.02836879433,835.628841607565,382.860520094563,1045.71158392435,1956.72576832151,362.054373522459,2590.10165484634,583.177304964539,955.066193853428,284.531914893617,118.439716312057,989.106382978723,411.862884160757,14154.9527186761,9222.45862884161,423,31.7658269633775,16.9581338492643,0.84558024735365,0.959183673469388,0.742105263157895,-0.324081986190502,FAHNSCC_15,HN,1,FAHNSCC_15,tumor cells,,carcinoma_in_situ_FAHNSCC_15_2
19481,22247,16384.4507772021,385.19689119171,113.098445595855,605.487046632124,287.367875647668,3831.68911917098,7861.68393782384,206.917098445596,948.60103626943,5491.88082901554,618.80829015544,177.59067357513,940.238341968912,3399.25388601036,557.487046632124,1125.06735751295,1042.46113989637,2748.72020725389,564.860103626943,386.943005181347,993.19689119171,2021.48704663212,269.067357512953,1857.04663212435,632.927461139896,1003.95336787565,290.155440414508,328.155440414508,982.378238341969,411.80310880829,14263.6476683938,8999.44559585492,193,16.9187637466737,14.5819680576671,0.507109874166604,0.955445544554455,0.804166666666667,0.368386256142126,FAHNSCC_15,HN,1,FAHNSCC_15,M1/M0 macrophages,,carcinoma_in_situ_FAHNSCC_15_2
19508,22277,12244.9094827586,162.495689655172,74.1573275862069,597.245689655172,16.9331896551724,3103.3125,470.049568965517,240.689655172414,943.023706896552,4516.03879310345,379.907327586207,878.581896551724,1180.23275862069,3280.28879310345,363.534482758621,142.806034482759,1030.5,2895.83405172414,1143.48922413793,393.495689655173,1011.21120689655,2332.99784482759,1321.375,1716.16810344828,575.060344827586,1123.71336206897,291.25,117.181034482759,1001.54525862069,412.8125,13193.1681034483,8911.07327586207,464,34.6412908863142,17.1442606842612,0.868945235967822,0.958677685950413,0.758169934640523,-1.44197341229192,FAHNSCC_15,HN,1,FAHNSCC_15,Ki67+ tumor cells,,carcinoma_in_situ_FAHNSCC_15_2
19610,22396,16363.3297297297,284.724324324324,105.821621621622,610.178378378378,523.789189189189,4234.65405405405,1073.97297297297,208.016216216216,950.805405405405,5888.61621621622,507.108108108108,164.497297297297,945.832432432432,4962.85945945946,494.432432432433,390.45945945946,991.567567567568,3958.23243243243,559.794594594595,399.12972972973,952.064864864865,4208.56756756757,278.243243243243,789.340540540541,629.221621621622,1459.67027027027,333.675675675676,144.864864864865,1016.24324324324,417.481081081081,13802.8486486486,9706.13513513514,185,18.2587176695298,13.0418656262541,0.699858436180987,0.958549222797927,0.734126984126984,-1.28024596232461,FAHNSCC_15,HN,1,FAHNSCC_15,stromal cells,,carcinoma_in_situ_FAHNSCC_15_2
19619,22408,10654.54,156.811428571429,69.8171428571429,598.954285714286,17.5057142857143,2676.03142857143,526.191428571429,220.88,952.762857142857,3863.23142857143,399.405714285714,1444.02285714286,1032.32571428571,2847.57142857143,352.657142857143,124.554285714286,1054.11428571429,2510.56857142857,1179.24,398.208571428571,992.377142857143,2175.83142857143,525.354285714286,3361.53142857143,575.297142857143,1168.95428571429,303.902857142857,121.205714285714,1003.45142857143,415.951428571429,13349.4485714286,8712.85714285714,350,24.282673670166,18.3986038800326,0.652621097545131,0.964187327823691,0.810185185185185,-0.0175822672247826,FAHNSCC_15,HN,1,FAHNSCC_15,tumor cells,,carcinoma_in_situ_FAHNSCC_15_2
19639,22430,7038.50980392157,105.407843137255,69.5529411764706,621.682352941176,138.047058823529,1898.91764705882,442.223529411765,183.752941176471,954.490196078431,3090.8,425.380392156863,161.796078431373,948.611764705882,2688.76470588235,414.929411764706,119.419607843137,1079.20784313726,2010.94901960784,510.160784313726,377.572549019608,956.933333333333,1741.86274509804,236.972549019608,2267.0862745098,1648.38823529412,900.694117647059,276.376470588235,213.164705882353,1010.70588235294,409.501960784314,14483.937254902,9075.2705882353,255,19.5838499316885,16.5869990922112,0.531635340156657,0.96958174904943,0.789473684210526,1.23140870980378,FAHNSCC_15,HN,1,FAHNSCC_15,endothelial cells,,carcinoma_in_situ_FAHNSCC_15_2
19733,22541,7421.74364896074,133.879907621247,79.1385681293303,604.113163972286,24.2309468822171,2017.07390300231,509.646651270208,186.817551963049,947.304849884527,3142.06466512702,382.655889145497,1491.1662817552,996.882217090069,2226.75519630485,357.612009237875,124.103926096998,984.399538106236,2205.64203233256,949.247113163972,382.367205542725,954.882217090069,1951.9792147806,2604.84064665127,1991.25173210162,581.284064665127,1102.43418013857,285.4896073903,122.256351039261,1012.63741339492,412.362586605081,13436.7967667437,9414.7713625866,433,31.5511140171556,17.5006410548333,0.832066523183993,0.964365256124722,0.795955882352941,1.54779380250486,FAHNSCC_15,HN,1,FAHNSCC_15,Ki67+ tumor cells,,carcinoma_in_situ_FAHNSCC_15_2
19764,22574,10234.8137254902,268.622549019608,518.671568627451,602.588235294118,443.627450980392,2578.66666666667,1440.75980392157,168.421568627451,983.117647058824,3742.56862745098,731.122549019608,363.137254901961,959.485294117647,2651.84803921569,536.088235294118,1489.83823529412,1072.63725490196,2102.6568627451,592.294117647059,378.235294117647,964.338235294118,1485.47549019608,298.676470588235,2086.67647058824,647.25,716.401960784314,232.279411764706,176.264705882353,981.96568627451,406.205882352941,14100.818627451,8677.92156862745,204,17.5254362234904,14.8640575826894,0.529769043521903,0.953271028037383,0.75,0.805213076432394,FAHNSCC_15,HN,1,FAHNSCC_15,other APCs,,carcinoma_in_situ_FAHNSCC_15_2
19788,22602,9123.98382749326,131.617250673854,71.188679245283,603.091644204852,131.633423180593,2233.79784366577,457.522911051213,186.614555256065,951.385444743935,3411.67924528302,408.126684636119,166.760107816712,944.32884097035,2424.75741239892,404.196765498652,145.819407008086,981.587601078167,1819.56334231806,544.530997304582,383.423180592992,957.380053908356,1337.76819407008,240.118598382749,747.657681940701,1468.2102425876,803.272237196765,291.056603773585,145.401617250674,1027.14555256065,409.956873315364,13710.2021563342,9479.28032345014,371,26.94233751376,17.5516128275131,0.758690707199385,0.966145833333333,0.736111111111111,0.584380732483845,FAHNSCC_15,HN,1,FAHNSCC_15,stromal cells,,carcinoma_in_situ_FAHNSCC_15_2
19824,22642,11764.8671497585,158.082125603865,73.6690821256039,599.473429951691,35.5772946859903,2787.92028985507,682.555555555556,229.057971014493,949.074879227053,4315.23913043478,452.821256038647,724.190821256039,966.946859903382,3236.5652173913,371.652173913044,158.828502415459,1072.54830917874,2380.09178743961,1489.64975845411,388.434782608696,1004.81642512077,2080.09903381643,744.405797101449,4047.45410628019,576.816425120773,1009.79468599034,282.19806763285,131.504830917874,996.724637681159,411.666666666667,14404.8550724638,8811.21256038647,414,29.0140721852222,18.2358145018886,0.777796491227927,0.94954128440367,0.726315789473684,0.014326002667779,FAHNSCC_15,HN,1,FAHNSCC_15,Ki67+ tumor cells,,carcinoma_in_situ_FAHNSCC_15_2
19885,22714,11837.656964657,131.299376299376,77.6361746361746,597.54261954262,19.0519750519751,2967.14553014553,452.139293139293,244.182952182952,950.505197505198,4362.78794178794,396.841995841996,937.232848232848,1119.40748440748,3152.29106029106,398.908523908524,161.422037422037,1061.11226611227,2249.39501039501,997.033264033264,397.835758835759,1056.4261954262,1690.61538461538,2919.81288981289,1512.76923076923,577.324324324324,955.573804573804,295.644490644491,119.234927234927,1003.43035343035,411.711018711019,13105.9958419958,9029.24948024948,481,31.5869830557135,19.4284832834573,0.788465651391431,0.950592885375494,0.7515625,0.0681306700423444,FAHNSCC_15,HN,1,FAHNSCC_15,Ki67+ tumor cells,,carcinoma_in_situ_FAHNSCC_15_2
19897,22728,8522.99052132701,177.296208530806,84.4383886255924,601.722748815166,16.5189573459716,1835.68009478673,492.007109004739,248.210900473934,955.869668246446,2873.67772511848,441.277251184834,1507.62085308057,1141.45971563981,2395.01895734597,398.900473933649,154.748815165877,1022.82464454976,1627.12085308057,1717.84834123223,408.784360189574,985.457345971564,1149.9644549763,4150.75829383886,4612.29620853081,574.725118483412,866.28672985782,302.727488151659,117.315165876777,1002.38625592417,415.537914691943,14307.5876777251,8248.70616113744,422,25.2494666358612,21.4231299618294,0.529261572949687,0.965675057208238,0.764492753623188,-0.509730918037594,FAHNSCC_15,HN,1,FAHNSCC_15,Ki67+ tumor cells,,carcinoma_in_situ_FAHNSCC_15_2
19929,22763,8144.16666666667,144.139705882353,80.7107843137255,604.232843137255,9.56372549019608,1955.00245098039,504.835784313726,239.448529411765,950.022058823529,3167.85784313726,388.546568627451,1449.26470588235,1001.69852941176,2489.09803921569,362.436274509804,159.933823529412,974.205882352941,2076.01470588235,788.352941176471,410.497549019608,985.563725490196,1743.31862745098,343.919117647059,1785.92892156863,572.580882352941,1204.72549019608,333.230392156863,123.406862745098,991.080882352941,419.333333333333,14164.987745098,8373.74754901961,408,32.0060754380869,16.3970588208204,0.858800105687667,0.951048951048951,0.692699490662139,0.303692578743808,FAHNSCC_15,HN,1,FAHNSCC_15,tumor cells,,carcinoma_in_situ_FAHNSCC_15_2
20103,22964,40528.9363449692,491.872689938398,143.439425051335,612.624229979466,17.1190965092402,9918.54825462012,833.131416837782,273.127310061602,961.418891170431,15140.6878850103,675.716632443532,811.238193018481,1090.11088295688,11517.2176591376,514.921971252567,200.921971252567,991.490759753594,6989.67761806982,1668.34907597536,425.242299794661,975.137577002053,5971.22176591376,449.273100616017,1764.20739219713,583.535934291581,2239.18480492813,418.724845995893,137.657084188912,1017.68583162218,427.689938398357,14285.7515400411,8638.71252566735,487,32.1672117510048,19.7280154328389,0.789853326995735,0.945631067961165,0.670798898071625,0.222742286075664,FAHNSCC_15,HN,1,FAHNSCC_15,tumor cells,,carcinoma_in_situ_FAHNSCC_15_2
20118,22981,9317.8275862069,213.610344827586,109.506896551724,603.231034482759,365.872413793104,2209.81724137931,427.106896551724,175.365517241379,947.620689655172,3475.80689655172,405.806896551724,159.689655172414,945.741379310345,2401.90344827586,330.075862068966,173.568965517241,979.737931034483,1912.80689655172,501.355172413793,447.872413793104,964.837931034483,1285.31379310345,202.662068965517,824.413793103448,686.303448275862,793.496551724138,270.78275862069,120.489655172414,998.241379310345,408.010344827586,14710.6551724138,9178.04827586207,290,20.4003964815278,18.3718648138323,0.434723235494568,0.97972972972973,0.763157894736842,-0.937203946332947,FAHNSCC_15,HN,1,FAHNSCC_15,stromal cells,,carcinoma_in_situ_FAHNSCC_15_2
20140,23005,12549.9661835749,301.299516908213,94.6135265700483,604.768115942029,400.270531400966,3231.92753623188,3052.18357487923,201.666666666667,947.178743961353,5167.37198067633,788.178743961353,233.628019323672,945.695652173913,4017.20289855073,474.589371980676,491.062801932367,979.980676328503,3296.63285024155,685.48309178744,401.884057971015,984.333333333333,2628.69082125604,4214.93719806763,1534.77777777778,602.420289855073,1340.09178743961,333.415458937198,202.806763285024,1020.69082125604,415.685990338164,14047.4637681159,8451.85507246377,207,19.804311858382,13.3417469726509,0.739024183272232,0.958333333333333,0.778195488721805,-0.286003376555096,FAHNSCC_15,HN,1,FAHNSCC_15,M2 macrophages,,carcinoma_in_situ_FAHNSCC_15_2
20208,23084,7541.97747747748,133.463963963964,62.536036036036,599.529279279279,21.75,1895.7454954955,435.786036036036,261.101351351351,950.308558558558,2804.91216216216,396.18018018018,650.18018018018,1045.33558558559,1929.83333333333,381.97972972973,148.711711711712,1021.92117117117,1529.64864864865,1152.83783783784,383.177927927928,1015.71846846847,1166.20495495496,469.792792792793,1870.00675675676,578.313063063063,712.95945945946,246.898648648649,107.186936936937,996.556306306306,408.281531531532,13506.4009009009,9462.07207207207,444,27.5935050870513,20.5259151251677,0.668326981966917,0.96943231441048,0.772173913043478,-0.563800016013442,FAHNSCC_15,HN,1,FAHNSCC_15,tumor cells,,carcinoma_in_situ_FAHNSCC_15_2
20251,23131,6116.58522727273,165.676136363636,81.7528409090909,598.482954545455,11.6903409090909,1406.89488636364,432.650568181818,237.051136363636,952.431818181818,2418.55113636364,417.644886363636,2022.78977272727,1061.88920454545,2081.65909090909,445.963068181818,147.045454545455,1042.85511363636,1827.97159090909,2431.52556818182,333.758522727273,1038.0625,1048.67045454545,3626.10795454546,2519.77556818182,574.071022727273,870.289772727273,296.974431818182,117.193181818182,1008.23579545455,412.215909090909,13765.2926136364,8388.36363636364,352,25.3693627147101,17.6931097538993,0.716662304888056,0.959128065395095,0.733333333333333,-1.07490676443618,FAHNSCC_15,HN,1,FAHNSCC_15,Ki67+ tumor cells,,carcinoma_in_situ_FAHNSCC_15_2
20308,23193,10979.1035058431,191.020033388982,81.6210350584307,601.722871452421,17.2086811352254,2609.16694490818,518.091819699499,221.096828046745,955.178631051753,3990.82637729549,439.634390651085,1370.78130217028,1158.31552587646,3027.13021702838,419.375626043406,154.378964941569,1083.03338898164,2152.12353923205,1098.79131886478,396.06510851419,1033.27045075125,1729.23205342237,1455.36560934891,2050.75459098498,577.570951585977,920.674457429048,300.312186978297,117.637729549249,993.257095158598,411.823038397329,13897.2687813022,8917.10851419032,599,37.9061141582502,20.3546003607344,0.843598748924853,0.963022508038585,0.684571428571429,-0.447266173931673,FAHNSCC_15,HN,1,FAHNSCC_15,Ki67+ tumor cells,,carcinoma_in_situ_FAHNSCC_15_2
20364,23260,17456.1726190476,381.300595238095,119.895833333333,606.666666666667,129.818452380952,4089.78869047619,652.943452380952,231.672619047619,954.565476190476,6066.53571428572,563.738095238095,441.907738095238,971.973214285714,4205.4880952381,429.815476190476,180.011904761905,1126.00892857143,2351.47321428571,634.877976190476,418.639880952381,956.672619047619,1549.99107142857,335.672619047619,8805.22916666667,2060.97916666667,894.702380952381,322.276785714286,127.714285714286,1030.93154761905,413.038690476191,14584.9077380952,8546.71726190476,336,22.4206364957255,19.1906425654377,0.517080843159528,0.96551724137931,0.803827751196172,0.0092955692509348,FAHNSCC_15,HN,1,FAHNSCC_15,endothelial cells,,carcinoma_in_situ_FAHNSCC_15_2
20367,23263,6222.64661654135,132.248120300752,67.6641604010025,599.070175438597,13.0601503759399,1403.17543859649,453.944862155389,238.438596491228,957.488721804511,2310.58395989975,436.704260651629,1156.68671679198,1001.82456140351,1820.00751879699,379.125313283208,148.18045112782,1022.98997493734,1423.28070175439,1934.22807017544,410.511278195489,978.072681704261,1048.82706766917,674.375939849624,4381.94235588972,576.689223057644,865.025062656642,295.300751879699,117.989974937343,1006.54385964912,416.629072681704,14320.3558897243,8166.37844611529,399,25.7327406561841,19.8241447935928,0.637577691095359,0.966101694915254,0.807692307692308,0.0702876037071664,FAHNSCC_15,HN,1,FAHNSCC_15,tumor cells,,carcinoma_in_situ_FAHNSCC_15_2
20368,23265,17241.4394736842,185.726315789474,90.7736842105263,599.236842105263,21.4868421052632,3906.07105263158,551.86052631579,225.747368421053,953.152631578947,5513.26315789474,461.526315789474,1484.98157894737,1404.91315789474,3546.52105263158,478.436842105263,135.497368421053,1126.03947368421,1957.06315789474,1233.35,388.163157894737,1028.07368421053,1210.20526315789,3840.14210526316,2301.38157894737,575.057894736842,759.373684210526,259.226315789474,118.192105263158,999.794736842105,408.818421052632,14067.6894736842,8844.55526315789,380,29.9684449710562,16.2857892671972,0.839453682684065,0.945273631840796,0.745098039215686,-1.50826339745801,FAHNSCC_15,HN,1,FAHNSCC_15,Ki67+ tumor cells,,carcinoma_in_situ_FAHNSCC_15_2
20409,23315,22378.7923076923,618.788461538462,328.65,627.930769230769,933.576923076923,5591.38076923077,625.884615384615,225.157692307692,1002.76923076923,7679.93076923077,517.069230769231,179.826923076923,947.942307692308,5826.27692307692,693.353846153846,166.361538461538,1066.01153846154,4108.83461538462,579.165384615385,393.611538461539,974.811538461538,3607.03076923077,247.876923076923,889.419230769231,600.530769230769,1442.13076923077,313.861538461539,127.8,996.942307692308,417.742307692308,13969.4269230769,9592.38846153846,260,22.4027216606253,15.1541726851225,0.736494642380546,0.948905109489051,0.738636363636364,1.48839436495778,FAHNSCC_15,HN,1,FAHNSCC_15,CD4+ T cells,,carcinoma_in_situ_FAHNSCC_15_2
20462,23378,25819.2997118156,926.806916426513,563.406340057637,636.204610951009,1082.33429394813,6010.39481268012,974.391930835735,220.293948126801,1067.22766570605,9627.27665706052,619.383285302594,265.438040345821,967.821325648415,6827.02017291066,747.71469740634,748.685878962536,1182.91642651297,4837.57636887608,658.723342939481,397.654178674352,994.659942363112,3546.92795389049,393.037463976945,2150.80115273775,604.541786743516,1129.03170028818,278.838616714697,135.832853025937,997.011527377522,411.556195965418,14103.2132564842,8635.00864553314,347,26.136786507448,17.0001204468028,0.759567171742339,0.958563535911602,0.688492063492064,0.94962186232781,FAHNSCC_15,HN,1,FAHNSCC_15,regulatory T cells,,carcinoma_in_situ_FAHNSCC_15_2
20483,23405,10811.8397435897,194.878205128205,79.1282051282051,601.583333333333,61.0769230769231,2752.17307692308,864.589743589744,200.717948717949,957.923076923077,4375.55128205128,483.326923076923,184.551282051282,944.410256410256,3824.79487179487,657.99358974359,358.525641025641,970.769230769231,3186.92948717949,649.538461538462,407.878205128205,950.519230769231,3081.37820512821,368.73717948718,2318.15384615385,602.980769230769,1761.02564102564,316.211538461538,169.865384615385,982.724358974359,421.532051282051,14635.1282051282,8353.27564102564,156,17.7545420955738,11.2005110888615,0.775902146558474,0.939759036144579,0.705882352941177,0.393704707444961,FAHNSCC_15,HN,1,FAHNSCC_15,stromal cells,,carcinoma_in_situ_FAHNSCC_15_2
20511,23437,17783.8780487805,157.780487804878,88.3841463414634,606.451219512195,131.323170731707,4590.32317073171,565.414634146341,207.640243902439,949.768292682927,6401.18292682927,442.012195121951,166.615853658537,940.506097560976,5659.28658536585,425.65243902439,153.524390243902,1040.7256097561,5168.16463414634,573.201219512195,389.219512195122,953.451219512195,5419.35975609756,264.365853658537,2449.00609756098,921.018292682927,2904.64024390244,361.323170731707,154.060975609756,1025.42073170732,428.829268292683,14224.737804878,9287.81097560976,164,17.3159239657957,12.103187727928,0.715157969408327,0.964705882352941,0.728888888888889,-0.76267401751284,FAHNSCC_15,HN,1,FAHNSCC_15,stromal cells,,carcinoma_in_situ_FAHNSCC_15_2
20561,23496,12822.2348993289,211.751677852349,80.3221476510067,601.120805369128,16.3914988814318,3063.65324384788,498.926174496644,227.892617449664,934.935123042506,4908.82326621924,397.2774049217,1402.87472035794,1055.91498881432,3354.18120805369,377.61744966443,135.995525727069,1043.93959731544,2830.35794183445,989.557046979866,405.107382550336,1041.82774049217,2390.62863534676,2143.95973154362,1046.92393736018,574.434004474273,1129.37360178971,302.31096196868,119.026845637584,1008.81655480984,413.510067114094,13209.1140939597,8579.26845637584,447,27.4736196874066,20.8574560295884,0.650879312745064,0.969631236442516,0.777391304347826,-0.719239658803381,FAHNSCC_15,HN,1,FAHNSCC_15,Ki67+ tumor cells,,carcinoma_in_situ_FAHNSCC_15_2
20616,23559,22266.6762820513,432.948717948718,862.346153846154,603.442307692308,130.362179487179,5593.0,585.429487179487,217.419871794872,975.823717948718,8256.75,485.964743589744,828.375,967.823717948718,6294.76282051282,507.00641025641,155.339743589744,1093.73076923077,4437.85576923077,2326.77564102564,385.509615384615,968.798076923077,3341.51602564103,385.564102564103,1669.44871794872,574.647435897436,1063.69871794872,274.0,117.419871794872,999.974358974359,411.564102564103,14070.5673076923,8818.83974358974,312,25.2470478013542,15.7756904446625,0.780742520033614,0.978056426332288,0.753623188405797,1.10654428854386,FAHNSCC_15,HN,1,FAHNSCC_15,tumor cells,,carcinoma_in_situ_FAHNSCC_15_2
20668,23619,18409.4083769634,292.706806282723,110.560209424084,617.157068062827,235.324607329843,4675.80104712042,614.722513089005,221.821989528796,960.20942408377,7304.30890052356,514.879581151832,166.434554973822,949.952879581152,5382.74869109948,488.570680628272,170.293193717278,1107.15183246073,4342.21989528796,629.905759162304,417.900523560209,958.575916230366,3810.70157068063,322.502617801047,1139.0890052356,2685.0,1511.20418848168,314.418848167539,203.497382198953,1011.04712041885,414.79057591623,14724.8115183246,8660.37696335079,191,19.2149942606248,12.6840205212864,0.751168460121323,0.955,0.773279352226721,-0.0162593950516023,FAHNSCC_15,HN,1,FAHNSCC_15,endothelial cells,,carcinoma_in_situ_FAHNSCC_15_2
20719,23683,26152.6551724138,341.214559386973,110.386973180077,603.475095785441,89.2988505747127,6523.33716475096,733.620689655172,229.164750957854,953.816091954023,9366.8429118774,525.459770114943,165.471264367816,950.704980842912,7460.44444444444,485.448275862069,213.191570881226,1048.90038314176,6104.60536398467,652.432950191571,397.425287356322,979.298850574713,5845.46360153257,311.337164750958,6120.80459770115,757.337164750958,2200.08429118774,382.325670498084,147.712643678161,1056.9846743295,424.655172413793,14136.2107279693,9315.59003831418,261,21.33846486065,15.6062117286826,0.681985973656575,0.949090909090909,0.776785714285714,-0.257731757698847,FAHNSCC_15,HN,1,FAHNSCC_15,stromal cells,,carcinoma_in_situ_FAHNSCC_15_2
20731,23697,33574.2413793104,629.573275862069,165.862068965517,614.76724137931,221.26724137931,8461.78017241379,854.025862068966,276.077586206897,961.081896551724,12318.1982758621,634.512931034483,184.719827586207,963.978448275862,8098.62931034483,428.711206896552,159.862068965517,1035.33620689655,6566.74568965517,779.586206896552,418.01724137931,958.35775862069,5762.66379310345,358.129310344828,3607.51293103448,2018.65948275862,2403.11206896552,383.685344827586,136.698275862069,1014.31034482759,424.387931034483,14634.1724137931,8674.21551724138,232,21.5380310808956,13.7564260469948,0.769452554345973,0.935483870967742,0.789115646258503,0.0693716220992223,FAHNSCC_15,HN,1,FAHNSCC_15,endothelial cells,,carcinoma_in_situ_FAHNSCC_15_2
20753,23721,6545.16423357664,206.401459854015,83.7773722627737,605.799270072993,15.1350364963504,777.310218978102,422.5,192.43795620438,990.182481751825,2663.12043795621,376.722627737226,1730.0,984.813868613139,2107.82481751825,417.390510948905,120.63503649635,1009.67883211679,2012.09124087591,1237.94525547445,391.678832116788,954.416058394161,1660.38321167883,370.21897810219,2208.07299270073,576.255474452555,1175.09489051095,318.412408759124,119.821167883212,1008.11313868613,416.463503649635,13184.1240875912,8754.77372262774,274,20.9837127200327,16.6498274392605,0.608616764243896,0.971631205673759,0.801169590643275,-0.629620280810294,FAHNSCC_15,HN,1,FAHNSCC_15,tumor cells,,carcinoma_in_situ_FAHNSCC_15_2
20781,23751,20392.1927272727,269.898181818182,97.2909090909091,609.323636363636,104.992727272727,4649.02545454546,725.476363636364,228.792727272727,976.610909090909,6272.89454545455,577.385454545455,152.472727272727,970.523636363637,5451.64727272727,432.778181818182,152.490909090909,1279.67636363636,2952.81454545455,621.687272727273,402.552727272727,972.101818181818,2470.92727272727,290.538181818182,6225.93454545455,1882.13454545455,973.843636363636,318.312727272727,123.76,1037.51636363636,416.396363636364,14663.0327272727,9041.36363636364,275,19.2010701478958,18.2486032356347,0.311045220053308,0.96830985915493,0.761772853185596,1.56961004718393,FAHNSCC_15,HN,1,FAHNSCC_15,endothelial cells,,carcinoma_in_situ_FAHNSCC_15_2
20790,23761,26158.1945392491,556.088737201365,153.982935153584,608.883959044369,178.40614334471,6029.48464163823,783.784982935154,255.167235494881,967.986348122867,8952.69965870307,660.532423208191,172.651877133106,976.409556313993,8005.01706484642,527.904436860068,173.39590443686,1321.26962457338,5493.2662116041,710.907849829352,410.559726962457,975.474402730376,5585.72696245734,331.597269624573,5698.48805460751,827.372013651877,1330.98634812287,338.945392491468,124.750853242321,1024.89419795222,414.655290102389,14313.9556313993,9126.69624573379,293,20.5993000574298,18.1639475775839,0.471670297043827,0.976666666666667,0.813888888888889,-0.133436661837183,FAHNSCC_15,HN,1,FAHNSCC_15,CD4+ T cells,,carcinoma_in_situ_FAHNSCC_15_2
20858,23840,6276.76310272537,167.553459119497,80.58071278826,604.056603773585,26.9874213836478,1572.44234800839,680.329140461216,212.488469601677,952.8071278826,2742.40880503145,485.041928721174,877.587002096436,1098.66876310273,2339.30607966457,424.360587002096,165.008385744235,1097.51572327044,1643.63522012579,1230.06708595388,405.20964360587,1001.34800838574,1207.15094339623,405.836477987421,3114.14046121593,577.834381551363,900.035639412998,304.897274633124,132.844863731656,991.190775681342,415.337526205451,13794.4402515723,8497.29140461216,477,29.6140705795217,20.5604353204276,0.719705699896105,0.967545638945233,0.736111111111111,-0.620221060951975,FAHNSCC_15,HN,1,FAHNSCC_15,tumor cells,,carcinoma_in_situ_FAHNSCC_15_2
20862,23844,10925.3242424242,133.927272727273,82.9272727272727,607.990909090909,24.6787878787879,2665.78484848485,510.681818181818,191.306060606061,946.151515151515,4156.2,388.354545454546,1542.47878787879,958.815151515152,3143.83636363636,388.039393939394,173.60303030303,978.584848484848,2716.25151515152,923.687878787879,386.739393939394,971.39696969697,2332.85454545455,2390.78484848485,1479.59393939394,577.148484848485,1263.20909090909,292.3,123.4,1008.6303030303,414.79696969697,13597.6515151515,8869.5,330,22.7808739388962,18.5586111786275,0.579942290120807,0.951008645533141,0.755148741418764,1.555933087554,FAHNSCC_15,HN,1,FAHNSCC_15,Ki67+ tumor cells,,carcinoma_in_situ_FAHNSCC_15_2
20871,23853,30730.7682539683,418.914285714286,132.488888888889,621.292063492063,242.04126984127,7709.00634920635,993.504761904762,242.907936507937,971.987301587302,10993.6984126984,670.549206349206,179.701587301587,962.87619047619,10774.8888888889,493.673015873016,201.863492063492,1214.8380952381,7021.13968253968,686.412698412698,409.993650793651,982.511111111111,7490.70793650794,344.711111111111,4977.0,1103.59047619048,2078.04126984127,364.761904761905,151.365079365079,1041.84444444444,421.415873015873,14367.6158730159,9004.69206349206,315,22.6476717305016,17.8253917993812,0.616858689053408,0.960365853658537,0.753588516746412,0.548584767132001,FAHNSCC_15,HN,1,FAHNSCC_15,stromal cells,,carcinoma_in_situ_FAHNSCC_15_2
20909,23898,30266.9589041096,358.143835616438,120.797945205479,613.243150684932,288.842465753425,7395.35273972603,1276.23630136986,255.188356164384,969.770547945206,11063.6438356164,1127.30479452055,225.22602739726,965.08904109589,10129.6883561644,589.044520547945,410.469178082192,1350.40410958904,6603.50684931507,726.116438356164,418.849315068493,968.051369863014,6807.31849315069,348.904109589041,5085.5,1394.72260273973,1338.07534246575,369.914383561644,201.568493150685,1047.20547945205,418.239726027397,14386.801369863,9146.73287671233,292,21.0155632248143,17.7308031687159,0.53681702654089,0.948051948051948,0.731829573934837,-0.0550003616859345,FAHNSCC_15,HN,1,FAHNSCC_15,M2 macrophages,,carcinoma_in_situ_FAHNSCC_15_2
20946,23950,9264.44160583942,219.799270072993,96.963503649635,601.153284671533,21.6350364963504,1325.79562043796,445.251824817518,193.722627737226,925.405109489051,3723.13868613139,442.850364963504,782.795620437956,1036.36861313869,2486.37591240876,396.025547445256,156.478102189781,1010.43430656934,1820.42335766423,1165.5802919708,405.313868613139,978.945255474453,1297.67518248175,4488.39416058394,985.025547445256,569.733576642336,907.153284671533,326.029197080292,120.558394160584,1001.05474452555,413.93795620438,13082.7883211679,8656.81751824818,274,21.2138940515017,16.5769107975204,0.6240084043108,0.954703832752613,0.761111111111111,-0.741161589076824,FAHNSCC_15,HN,1,FAHNSCC_15,Ki67+ tumor cells,,carcinoma_in_situ_FAHNSCC_15_2
20949,23954,10504.8674351585,313.187319884726,101.657060518732,605.5734870317,11.7694524495677,2272.61383285303,553.878962536023,267.760806916427,957.850144092219,3587.65706051873,478.599423631124,1128.53314121037,978.861671469741,2800.6023054755,441.827089337176,147.870317002882,978.472622478386,1984.30259365994,1567.46397694525,420.028818443804,1067.5446685879,1632.29971181556,2943.06628242075,3632.68011527378,573.35446685879,1062.44380403458,340.792507204611,127.631123919308,1014.59942363112,419.691642651297,14371.9913544669,8172.59365994236,347,27.747795883875,16.0296591665027,0.816255357173503,0.955922865013774,0.741452991452992,0.367800649262789,FAHNSCC_15,HN,1,FAHNSCC_15,Ki67+ tumor cells,,carcinoma_in_situ_FAHNSCC_15_2
20952,23959,16906.0652173913,316.669565217391,105.673913043478,600.982608695652,19.2913043478261,4113.49130434783,573.565217391304,232.85652173913,954.165217391304,5764.52173913044,472.073913043478,1044.21304347826,1038.95217391304,4027.40434782609,440.852173913044,153.808695652174,970.117391304348,3120.4,1189.01304347826,394.813043478261,953.978260869565,2622.09565217391,9287.07826086956,3772.37391304348,581.995652173913,1181.32608695652,336.878260869565,128.560869565217,1012.06086956522,415.521739130435,14056.1043478261,9057.62173913043,230,19.1305832066508,15.6630515273632,0.574158645583649,0.954356846473029,0.756578947368421,-0.399884866433849,FAHNSCC_15,HN,1,FAHNSCC_15,Ki67+ tumor cells,,carcinoma_in_situ_FAHNSCC_15_2
20956,23963,34013.4464285714,401.792857142857,129.982142857143,611.171428571429,229.971428571429,8034.43214285714,840.935714285714,268.096428571429,959.046428571429,11810.1928571429,672.532142857143,171.425,953.835714285714,9792.45,470.632142857143,161.992857142857,1251.92857142857,7130.31428571429,779.603571428571,415.514285714286,975.378571428571,7387.14285714286,371.910714285714,8053.23928571429,1515.17857142857,2051.91428571429,406.239285714286,142.314285714286,1049.08571428571,420.392857142857,14567.7571428571,8914.725,280,19.8910072070106,17.9863404987104,0.427014380566289,0.975609756097561,0.818713450292398,0.0406780341038333,FAHNSCC_15,HN,1,FAHNSCC_15,stromal cells,,carcinoma_in_situ_FAHNSCC_15_2
20998,24009,5901.30599369085,175.460567823344,83.4384858044164,605.400630914827,23.5930599369085,1146.32176656151,465.914826498423,256.233438485804,959.211356466877,1896.2334384858,422.82334384858,1297.47318611987,1033.1167192429,1746.72870662461,386.129337539432,150.299684542587,1002.06624605678,1292.18927444795,1740.66876971609,408.971608832808,1040.10094637224,946.255520504732,1058.91798107256,3949.11987381703,575.208201892745,851.514195583596,304.198738170347,115.671924290221,1009.67823343849,416.022082018927,14329.1829652997,8261.10725552051,317,21.7662738472758,18.5712505102471,0.521563929675867,0.963525835866261,0.794486215538847,0.180429753942019,FAHNSCC_15,HN,1,FAHNSCC_15,Ki67+ tumor cells,,carcinoma_in_situ_FAHNSCC_15_2
21060,24085,7350.76521739131,142.067391304348,73.05,597.904347826087,19.4565217391304,1840.91739130435,494.058695652174,197.8,942.726086956522,3027.20434782609,412.04347826087,1136.80652173913,951.95652173913,2348.13695652174,395.202173913043,145.289130434783,1100.4847826087,2034.68260869565,832.486956521739,389.382608695652,979.35,1601.02391304348,830.732608695652,3726.12391304348,581.563043478261,1013.68695652174,309.828260869565,120.789130434783,1026.19130434783,409.573913043478,13805.5630434783,8728.36086956522,460,31.9122971177004,18.5532554795888,0.813630277431859,0.96234309623431,0.681481481481482,-0.707045239813379,FAHNSCC_15,HN,1,FAHNSCC_15,Ki67+ tumor cells,,carcinoma_in_situ_FAHNSCC_15_2
21122,24152,12339.0461215933,380.148846960168,122.486373165618,614.658280922432,693.651991614256,2825.06289308176,602.530398322851,211.069182389937,963.150943396226,4509.43605870021,555.444444444445,235.547169811321,968.857442348008,3180.77568134172,392.278825995807,257.729559748428,1153.22012578616,2348.31865828092,672.995807127883,407.138364779874,983.662473794549,1701.73794549266,357.878406708595,5048.06708595388,580.614255765199,908.335429769392,288.849056603774,131.517819706499,1007.29559748428,412.459119496855,14481.2557651992,8358.94129979036,477,36.6330018300276,16.7131116399417,0.889861371305538,0.952095808383234,0.602272727272727,1.01677417604543,FAHNSCC_15,HN,1,FAHNSCC_15,stromal cells,,carcinoma_in_situ_FAHNSCC_15_2
21125,24156,34064.443877551,496.561224489796,127.75,610.545918367347,105.015306122449,8918.34183673469,960.734693877551,265.454081632653,983.142857142857,12552.9285714286,693.423469387755,174.760204081633,960.362244897959,9318.82653061225,478.520408163265,173.265306122449,1294.58163265306,7343.27040816327,698.377551020408,413.102040816327,970.607142857143,7759.59183673469,346.642857142857,4167.53571428572,1991.52040816327,1896.13775510204,358.025510204082,135.459183673469,1047.39285714286,416.086734693878,14569.3265306122,9052.07653061225,196,18.8777714202689,13.3444736635719,0.707325305187044,0.95609756097561,0.777777777777778,-0.30237557607917,FAHNSCC_15,HN,1,FAHNSCC_15,endothelial cells,,carcinoma_in_situ_FAHNSCC_15_2
21161,24199,10760.5653710247,181.862190812721,76.4204946996466,600.118374558304,18.8091872791519,2534.91872791519,432.114840989399,212.681978798587,950.84628975265,3725.33745583039,388.325088339223,1639.37279151943,1052.4964664311,2884.54416961131,353.169611307421,137.482332155477,974.21554770318,2400.03886925795,712.678445229682,379.641342756184,1008.43462897527,2061.79681978799,411.180212014134,2120.33038869258,577.5,952.544169611307,268.404593639576,109.5,992.450530035336,409.825088339223,13779.3074204947,9294.08303886926,566,35.2480224113028,20.4727790755561,0.814031559302085,0.970840480274443,0.808571428571429,-0.0308000713484738,FAHNSCC_15,HN,1,FAHNSCC_15,tumor cells,,carcinoma_in_situ_FAHNSCC_15_2
21174,24212,6086.21028037383,286.593457943925,104.299065420561,603.785046728972,9.55607476635514,1417.61214953271,395.771028037383,197.490654205607,944.322429906542,2544.8691588785,379.672897196262,3404.51869158879,944.443925233645,2026.68691588785,423.420560747664,121.990654205607,968.303738317757,2156.28037383178,2262.6261682243,405.032710280374,951.121495327103,1726.1261682243,629.238317757009,1733.03738317757,579.967289719626,1265.06542056075,326.289719626168,120.943925233645,991.719626168224,415.084112149533,13393.9953271028,8412.1214953271,214,18.0662067000955,15.096943542869,0.549269215630712,0.955357142857143,0.750877192982456,-0.105468731764051,FAHNSCC_15,HN,1,FAHNSCC_15,tumor cells,,carcinoma_in_situ_FAHNSCC_15_2
21207,24255,13309.3878437048,155.61505065123,64.3502170767004,600.562952243126,14.8639652677279,3525.41099855282,492.894356005789,249.684515195369,957.052098408104,5999.31548480463,442.762662807525,1171.7510853835,1181.44573082489,3635.96526772793,402.643994211288,150.978292329957,1124.79739507959,2335.0506512301,1499.3979739508,321.321273516643,1018.03907380608,2218.52821997106,9923.02460202605,2610.47612156295,575.341534008683,994.192474674385,279.410998552822,112.253256150507,997.905933429812,413.327062228654,13712.7062228654,8452.96816208394,691,37.6152724334745,23.4990124875327,0.780848857618574,0.96914446002805,0.757675438596491,0.110498645418841,FAHNSCC_15,HN,1,FAHNSCC_15,Ki67+ tumor cells,,carcinoma_in_situ_FAHNSCC_15_2
21217,24265,10205.855450237,175.336492890995,83.4028436018957,600.21327014218,22.8104265402844,2508.25592417062,457.492890995261,219.116113744076,955.751184834123,3871.48815165877,432.855450236967,839.890995260664,985.924170616114,2671.26066350711,398.668246445498,142.341232227488,1050.05924170616,2127.98815165877,1164.22511848341,388.161137440758,973.189573459716,1618.89573459716,1370.84123222749,2428.02606635071,578.338862559242,1070.6018957346,290.196682464455,117.054502369668,1010.81516587678,411.739336492891,13462.144549763,8787.47393364929,422,30.74766587649,17.6838703357577,0.818062823200449,0.95475113122172,0.6752,-0.754606160533351,FAHNSCC_15,HN,1,FAHNSCC_15,Ki67+ tumor cells,,carcinoma_in_situ_FAHNSCC_15_2
21233,24283,10782.2139830508,217.862288135593,94.4300847457627,614.559322033898,531.853813559322,2674.18008474576,483.258474576271,192.544491525424,968.578389830508,4244.44703389831,436.161016949153,153.148305084746,961.472457627119,3172.91101694915,477.207627118644,165.917372881356,1100.59745762712,2493.70338983051,548.684322033898,384.959745762712,951.89406779661,2092.70127118644,236.790254237288,1811.13983050847,634.262711864407,1113.65466101695,308.853813559322,138.177966101695,1014.2436440678,414.074152542373,14261.4872881356,9408.69491525424,472,33.0670108996959,18.3283505828814,0.832330920797996,0.959349593495935,0.625994694960212,-0.85376247168965,FAHNSCC_15,HN,1,FAHNSCC_15,stromal cells,,carcinoma_in_situ_FAHNSCC_15_2
21239,24292,8713.23860589812,253.380697050938,87.597855227882,601.187667560322,56.911528150134,2177.35924932976,552.648793565684,174.479892761394,957.195710455764,3027.02412868633,553.769436997319,159.471849865952,1137.8418230563,2188.98123324397,355.075067024129,468.329758713137,1062.62198391421,1593.32707774799,491.064343163539,381.823056300268,984.471849865952,1112.35120643432,186.847184986595,725.042895442359,649.369973190349,622.493297587131,199.573726541555,174.721179624665,963.002680965147,407.335120643432,14215.0107238606,9641.43967828418,373,27.4710460191355,17.3515941023864,0.775268281243518,0.951530612244898,0.740079365079365,-1.36090926653039,FAHNSCC_15,HN,1,FAHNSCC_15,stromal cells,,carcinoma_in_situ_FAHNSCC_15_2
21240,24293,5302.37707641196,293.960132890365,104.533222591362,606.850498338871,16.5415282392027,1114.79900332226,541.177740863787,245.6926910299,953.456810631229,1975.9950166113,476.46511627907,1749.09468438538,1017.28737541528,1757.20099667774,478.106312292359,160.054817275748,1147.72591362126,1323.1877076412,1272.85215946844,400.672757475083,951.538205980066,938.790697674419,333.06976744186,4827.51162790698,580.656146179402,950.528239202658,345.823920265781,126.09634551495,1011.91694352159,416.576411960133,13709.3289036545,8630.073089701,602,32.1059169479014,23.891332629151,0.668022462602584,0.969404186795491,0.768837803320562,0.597937713767638,FAHNSCC_15,HN,1,FAHNSCC_15,tumor cells,,carcinoma_in_situ_FAHNSCC_15_2
21269,24324,6598.36887608069,134.348703170029,77.4149855907781,597.123919308357,20.6455331412104,1582.53314121037,430.832853025937,223.659942363112,950.507204610951,2535.24783861671,455.181556195965,1396.57925072046,1005.42363112392,1975.75216138329,389.896253602306,133.576368876081,1068.10662824208,1359.57060518732,1773.94812680115,385.625360230548,976.910662824208,926.994236311239,2480.03746397695,3596.57925072046,579.412103746398,825.991354466859,284.625360230548,115.798270893372,1007.82708933718,409.772334293948,14454.0951008646,8743.92219020173,347,25.6253454676637,17.282175212289,0.738350433610386,0.966573816155989,0.754347826086957,1.00099797148287,FAHNSCC_15,HN,1,FAHNSCC_15,Ki67+ tumor cells,,carcinoma_in_situ_FAHNSCC_15_2
21295,24353,9295.29087048833,154.509554140127,59.5392781316348,594.851380042463,17.4564755838641,2081.64331210191,418.532908704883,223.649681528662,949.76008492569,3203.40127388535,373.885350318471,931.970276008492,1031.50318471338,2295.20806794055,359.214437367304,149.195329087049,1026.10403397028,1717.28237791932,905.055201698514,382.915074309979,1023.47983014862,1206.73248407643,428.3991507431,2339.87685774947,574.830148619958,711.481953290871,236.796178343949,104.687898089172,987.770700636943,408.237791932059,13740.2632696391,9139.97027600849,471,31.3793598841856,19.3945602758827,0.786125087793589,0.957317073170732,0.723502304147465,0.214075925678545,FAHNSCC_15,HN,1,FAHNSCC_15,tumor cells,,carcinoma_in_situ_FAHNSCC_15_2
21306,24366,6152.19682539683,157.84126984127,73.2380952380952,601.460317460318,14.7619047619048,1646.79682539683,396.352380952381,184.863492063492,940.933333333333,2692.0253968254,374.190476190476,1853.53968253968,957.55873015873,2217.5746031746,399.060317460317,124.225396825397,984.796825396825,2385.22222222222,1094.10158730159,387.069841269841,951.72380952381,2201.4380952381,285.504761904762,1965.65079365079,579.434920634921,1494.2,321.285714285714,118.926984126984,999.542857142857,414.457142857143,13332.6952380952,9333.8,315,24.7342325266389,16.2248950621015,0.754787646077325,0.95166163141994,0.715909090909091,-0.893375478099676,FAHNSCC_15,HN,1,FAHNSCC_15,tumor cells,,carcinoma_in_situ_FAHNSCC_15_2
21322,24383,15779.4406332454,490.182058047493,388.488126649077,611.189973614776,310.617414248021,3997.05277044855,799.303430079156,209.725593667546,1054.97625329815,5388.67810026385,566.78364116095,185.435356200528,956.279683377309,3459.78100263852,564.852242744063,465.604221635884,1112.59102902375,2620.62005277045,556.050131926121,392.474934036939,976.503957783641,2136.52506596306,355.308707124011,1605.46701846966,692.865435356201,921.65963060686,294.377308707124,151.387862796834,1019.62005277045,410.984168865435,13674.7968337731,9647.74406332454,379,22.4820160420277,21.4954329882245,0.292985811606996,0.957070707070707,0.716446124763705,-0.442524195553171,FAHNSCC_15,HN,1,FAHNSCC_15,Unknown,,carcinoma_in_situ_FAHNSCC_15_2
21328,24390,8025.28461538462,160.65641025641,70.7692307692308,596.341025641026,19.2102564102564,1977.29487179487,422.797435897436,194.679487179487,947.148717948718,2945.34615384615,368.941025641026,1398.21794871795,992.325641025641,2208.7,340.276923076923,127.807692307692,1022.4,1741.35384615385,957.446153846154,376.889743589744,972.202564102564,1383.99487179487,1048.35384615385,1913.49743589744,577.464102564103,876.241025641026,274.302564102564,111.838461538462,1006.88461538462,410.038461538462,14117.1897435897,8942.32307692308,390,27.3637139827253,20.4321649248124,0.665174105677624,0.821052631578947,0.619047619047619,-0.533719681653201,FAHNSCC_15,HN,1,FAHNSCC_15,Ki67+ tumor cells,,carcinoma_in_situ_FAHNSCC_15_2
21407,24477,25370.3394495413,375.330275229358,126.25993883792,620.021406727829,343.152905198777,6455.86850152905,771.574923547401,249.415902140673,970.97247706422,9279.6880733945,684.581039755352,154.165137614679,964.308868501529,7161.72171253823,485.406727828746,160.782874617737,1450.7247706422,5641.8501529052,721.039755351682,479.125382262997,975.492354740061,5422.60244648318,337.639143730887,9837.51376146789,2080.6880733945,1494.95412844037,368.7125382263,130.691131498471,1039.2874617737,419.776758409786,14689.1070336391,9034.96330275229,327,23.1916244741371,18.0145704306151,0.629783727935869,0.967455621301775,0.782296650717703,0.429732553705778,FAHNSCC_15,HN,1,FAHNSCC_15,endothelial cells,,carcinoma_in_situ_FAHNSCC_15_2
21461,24540,18283.6318181818,282.359090909091,107.004545454545,617.8,386.586363636364,4636.59090909091,1117.95909090909,218.854545454545,948.177272727273,6577.21818181818,545.627272727273,164.572727272727,954.522727272727,3996.40909090909,381.504545454546,247.377272727273,1157.23181818182,3452.35454545455,613.809090909091,685.4,947.195454545455,2968.11363636364,476.690909090909,1303.44090909091,1374.07272727273,1229.91818181818,286.181818181818,146.204545454545,997.004545454546,413.854545454546,14741.2181818182,8620.3,220,21.819049402199,12.9158174105531,0.805973640447454,0.956521739130435,0.748299319727891,-0.249755601862852,FAHNSCC_15,HN,1,FAHNSCC_15,stromal cells,,carcinoma_in_situ_FAHNSCC_15_2
21477,24559,41628.0434782609,479.324110671937,132.849802371542,621.130434782609,167.758893280632,10140.1106719368,1731.42687747036,276.818181818182,963.083003952569,13885.8023715415,984.96442687747,179.075098814229,954.098814229249,11806.1936758893,523.308300395257,351.02371541502,1187.55335968379,8197.70355731225,774.391304347826,428.446640316206,968.569169960474,8726.04347826087,362.399209486166,3744.39920948617,1037.00790513834,2506.37944664032,411.920948616601,186.778656126482,1062.30434782609,428.233201581028,14864.0948616601,8943.03162055336,253,19.2982438872203,16.7313939794817,0.498324678555362,0.940520446096654,0.700831024930748,-0.856748804846916,FAHNSCC_15,HN,1,FAHNSCC_15,M2 macrophages,,carcinoma_in_situ_FAHNSCC_15_2
21482,24565,19535.1048689139,398.865168539326,121.445692883895,612.213483146068,174.119850187266,4827.50561797753,889.936329588015,238.217228464419,963.277153558052,6682.56928838951,644.423220973783,187.752808988764,958.831460674157,5512.0074906367,537.168539325843,198.573033707865,1111.734082397,4283.28464419476,658.857677902622,412.449438202247,962.689138576779,4274.44943820225,300.76404494382,7176.08988764045,1201.40449438202,1810.57303370787,433.898876404494,146.49063670412,1078.51685393258,423.097378277154,13656.4344569288,9689.40823970038,267,19.2824402081252,17.6550106733779,0.402089343912399,0.970909090909091,0.780701754385965,0.518211965782869,FAHNSCC_15,HN,1,FAHNSCC_15,stromal cells,,carcinoma_in_situ_FAHNSCC_15_2
21526,24615,3305.28404669261,169.653696498054,77.5486381322957,599.63813229572,16.2801556420233,790.560311284047,363.871595330739,175.937743190661,942.031128404669,1437.28404669261,373.43579766537,3299.79766536965,944.898832684825,1231.03112840467,400.610894941634,114.140077821012,970.661478599222,1276.64980544747,1892.61089494163,382.229571984436,964.743190661479,998.439688715953,286.07392996109,2102.17120622568,574.700389105058,848.634241245136,273.945525291829,114.591439688716,1002.54474708171,410.031128404669,13516.4319066148,9020.89883268483,257,19.3550325577302,16.9542995160052,0.48237762915449,0.951851851851852,0.755882352941176,1.30553326722523,FAHNSCC_15,HN,1,FAHNSCC_15,tumor cells,,carcinoma_in_situ_FAHNSCC_15_2
21648,24753,17944.5027624309,738.555248618785,141.732044198895,619.14364640884,743.096685082873,4689.77348066298,742.60773480663,231.135359116022,1017.80662983425,6438.41712707182,549.483425414365,197.754143646409,964.859116022099,4475.85359116022,628.792817679558,168.281767955801,1307.02486187845,2892.02762430939,597.439226519337,401.146408839779,970.961325966851,2294.4364640884,292.367403314917,4880.35359116022,795.088397790055,1046.51657458564,326.370165745856,132.069060773481,1021.98895027624,414.430939226519,14369.1077348066,8948.55801104972,362,24.4272900229443,18.8743005095819,0.634804595936827,0.975741239892183,0.783549783549784,-0.701322306268729,FAHNSCC_15,HN,1,FAHNSCC_15,CD4+ T cells,,carcinoma_in_situ_FAHNSCC_15_2
21671,24779,4560.80338983051,125.44406779661,71.9016949152542,602.477966101695,28.606779661017,1111.02711864407,419.047457627119,222.189830508475,950.149152542373,1777.26779661017,382.494915254237,824.654237288136,985.179661016949,1269.39322033898,385.623728813559,141.922033898305,1016.36610169492,1112.92881355932,888.6,383.891525423729,949.410169491525,859.637288135593,361.135593220339,1775.01355932203,575.864406779661,804.484745762712,311.874576271186,116.827118644068,994.789830508475,415.125423728814,13470.3491525424,9389.30169491525,295,24.2812587953384,15.4775969413662,0.770508470025646,0.942492012779553,0.723039215686275,1.27920651489907,FAHNSCC_15,HN,1,FAHNSCC_15,tumor cells,,carcinoma_in_situ_FAHNSCC_15_2
21739,24856,9417.86857142857,243.565714285714,97.3828571428572,611.131428571429,33.6571428571429,2362.89714285714,577.417142857143,212.382857142857,961.457142857143,4021.38857142857,468.36,197.52,955.777142857143,3674.77142857143,393.708571428571,220.948571428571,1093.25714285714,3054.00571428571,712.462857142857,443.148571428571,957.262857142857,2695.36571428571,350.548571428571,1150.01714285714,652.977142857143,1622.13714285714,370.731428571429,149.468571428571,1018.50857142857,426.125714285714,14572.5885714286,8301.48571428571,175,16.8460127793382,13.2083387533046,0.620680990714682,0.966850828729282,0.78125,-0.519023925724561,FAHNSCC_15,HN,1,FAHNSCC_15,Unknown,,carcinoma_in_situ_FAHNSCC_15_2
21848,24977,7878.68771929825,119.929824561404,75.8385964912281,605.143859649123,12.7157894736842,1667.57543859649,494.505263157895,261.582456140351,958.754385964912,2564.28070175439,464.098245614035,1211.3649122807,1052.15438596491,1895.34736842105,432.698245614035,144.515789473684,965.571929824561,1575.28070175439,1645.14385964912,411.150877192983,1021.08771929825,1177.68421052632,1760.41403508772,5436.59649122807,581.417543859649,914.073684210526,323.164912280702,121.217543859649,1008.63157894737,418.140350877193,14412.6631578947,8213.83157894737,285,23.853030682124,15.3862147724724,0.764146829584206,0.95,0.688405797101449,1.07142984645055,FAHNSCC_15,HN,1,FAHNSCC_15,Ki67+ tumor cells,,carcinoma_in_situ_FAHNSCC_15_2
21905,25047,8909.71769383698,212.681908548708,93.2982107355865,596.085487077535,14.713717693837,2099.30815109344,436.0,237.250497017893,952.196819085487,3362.93638170974,392.161033797217,1396.41948310139,990.121272365805,2317.57852882704,376.984095427435,146.606361829026,1088.20874751491,1730.82902584493,1522.12723658052,396.31013916501,1039.41749502982,1212.60238568588,4666.44532803181,1380.07554671968,573.085487077535,811.58648111332,270.34393638171,111.355864811133,1010.61033797217,410.834990059642,13369.5725646123,8580.13916500994,503,29.5840090410706,21.7433667685606,0.678099343245748,0.961759082217973,0.788401253918495,1.41843622274266,FAHNSCC_15,HN,1,FAHNSCC_15,Ki67+ tumor cells,,carcinoma_in_situ_FAHNSCC_15_2
21953,25101,4340.51612903226,391.216589861751,131.193548387097,596.082949308756,14.926267281106,1068.12442396313,475.013824884793,208.331797235023,950.207373271889,1798.99078341014,391.649769585254,3870.90783410138,971.115207373272,1354.03225806452,424.285714285714,142.207373271889,983.138248847926,1167.30414746544,1206.17050691244,395.147465437788,950.327188940092,860.493087557604,292.594470046083,3709.29493087558,572.732718894009,923.691244239631,317.52534562212,120.198156682028,1002.53917050691,410.654377880184,13444.1520737327,8914.70046082949,217,17.617719990875,15.7021299174446,0.453474743629965,0.955947136563877,0.753472222222222,-0.0487283009434343,FAHNSCC_15,HN,1,FAHNSCC_15,tumor cells,,carcinoma_in_situ_FAHNSCC_15_2
21963,25111,6904.90635451505,194.28093645485,80.2809364548495,595.110367892977,8.79598662207358,1358.04682274248,441.133779264214,225.210702341137,955.685618729097,2179.09698996656,414.528428093646,3181.80267558528,970.936454849498,1716.1872909699,420.826086956522,144.732441471572,1052.44481605351,1408.78929765886,3020.59531772575,256.555183946488,988.070234113712,822.71237458194,3094.3143812709,2023.28762541806,573.311036789298,776.408026755853,267.876254180602,114.421404682274,978.541806020067,414.063545150502,13540.1371237458,8306.35451505017,299,21.4082232751911,17.8212505314896,0.554101918956246,0.955271565495208,0.74937343358396,0.47044027807336,FAHNSCC_15,HN,1,FAHNSCC_15,Ki67+ tumor cells,,carcinoma_in_situ_FAHNSCC_15_2
22082,25254,10465.7750865052,136.074394463668,70.6453287197232,602.792387543253,22.1764705882353,2700.10726643599,462.410034602076,237.57785467128,951.916955017301,4018.09515570934,390.610726643599,717.039792387543,1062.16089965398,2961.76297577855,388.550173010381,161.107266435986,973.782006920415,2359.5830449827,842.719723183391,387.136678200692,986.240484429066,2017.00865051903,250.160899653979,2903.73010380623,579.681660899654,897.326989619377,288.626297577855,115.832179930796,996.283737024221,413.098615916955,13895.8979238754,9395.19896193772,578,35.0431904673886,21.0930950857654,0.798558590045924,0.969798657718121,0.750649350649351,-0.161145932401217,FAHNSCC_15,HN,1,FAHNSCC_15,tumor cells,,carcinoma_in_situ_FAHNSCC_15_2
22084,25256,22308.8875968992,470.976744186047,137.577519379845,606.616279069767,147.12015503876,5231.26356589147,806.728682170543,243.476744186047,966.085271317829,7512.56589147287,637.0,181.356589147287,953.441860465116,5182.16279069768,590.883720930233,180.368217054264,1165.3992248062,3347.44186046512,662.240310077519,412.593023255814,968.085271317829,3225.43410852713,314.701550387597,5389.03875968992,1623.11240310078,1258.06976744186,424.414728682171,139.356589147287,1075.01937984496,420.600775193798,13750.0930232558,9747.86821705426,258,19.7432875485491,16.6790100550349,0.535091736584938,0.966292134831461,0.754385964912281,-0.786578391910413,FAHNSCC_15,HN,1,FAHNSCC_15,stromal cells,,carcinoma_in_situ_FAHNSCC_15_2
22085,25257,4812.96210526316,217.522105263158,106.315789473684,599.309473684211,43.7094736842105,1081.46105263158,690.193684210526,221.522105263158,952.783157894737,1964.98315789474,448.722105263158,1514.92421052632,962.867368421053,1673.71368421053,437.762105263158,650.898947368421,1034.17684210526,1282.59789473684,1013.51157894737,393.892631578947,951.945263157895,968.107368421053,401.077894736842,2315.76421052632,573.206315789474,907.351578947368,320.705263157895,144.532631578947,987.795789473684,414.981052631579,13890.3705263158,8620.54947368421,475,27.9970183015808,21.7641571466495,0.629038548280474,0.957661290322581,0.764895330112721,0.279844651121887,FAHNSCC_15,HN,1,FAHNSCC_15,tumor cells,,carcinoma_in_situ_FAHNSCC_15_2
22119,25294,29491.7083333333,513.587121212121,164.893939393939,617.719696969697,446.295454545455,7544.6553030303,945.882575757576,269.435606060606,998.265151515152,11224.4431818182,679.905303030303,187.333333333333,957.015151515152,8709.66666666667,597.875,181.75,5112.22348484849,5896.92803030303,763.674242424242,410.363636363636,959.518939393939,5565.96212121212,336.473484848485,5582.7196969697,1125.39015151515,1788.47348484848,351.715909090909,139.772727272727,1042.96212121212,422.045454545455,14617.6931818182,8789.76136363636,264,22.8324879863798,14.8493286455094,0.759626447598123,0.946236559139785,0.75,-0.314803294312649,FAHNSCC_15,HN,1,FAHNSCC_15,effector CD8+ T cells,,carcinoma_in_situ_FAHNSCC_15_2
22125,25301,6063.76570680628,147.505235602094,76.5039267015707,602.526178010471,8.97120418848168,1358.96727748691,445.920157068063,219.09554973822,957.948952879581,2256.28795811518,411.175392670157,1881.03272251309,1123.38612565445,1825.62565445026,377.663612565445,142.791884816754,1036.99476439791,1411.89659685864,2141.18193717277,408.591623036649,1018.08507853403,985.937172774869,9821.43455497383,1763.5942408377,575.202879581152,821.171465968586,285.05890052356,114.797120418848,997.979057591623,413.350785340314,13187.9018324607,8396.82591623037,764,35.5220988168181,27.7730529538036,0.623463050800352,0.9757343550447,0.774847870182556,-0.542476244524641,FAHNSCC_15,HN,1,FAHNSCC_15,Ki67+ tumor cells,,carcinoma_in_situ_FAHNSCC_15_2
22128,25304,10332.6917647059,145.157647058824,74.2352941176471,603.223529411765,28.7341176470588,2533.07764705882,452.724705882353,249.054117647059,957.190588235294,3864.81882352941,380.369411764706,972.658823529412,1096.02352941177,2823.11058823529,392.162352941177,163.275294117647,1009.02823529412,2166.86823529412,942.364705882353,382.938823529412,1078.43058823529,1824.82588235294,2068.50117647059,2937.23764705882,580.134117647059,869.936470588235,281.075294117647,113.030588235294,996.310588235294,411.035294117647,13936.6823529412,9387.37176470588,425,25.390954189166,21.38588459467,0.539065385592925,0.965909090909091,0.769927536231884,0.859097907961168,FAHNSCC_15,HN,1,FAHNSCC_15,Ki67+ tumor cells,,carcinoma_in_situ_FAHNSCC_15_2
22134,25310,9037.27804878049,369.068292682927,120.619512195122,595.165853658537,15.3268292682927,2305.10243902439,499.078048780488,205.646341463415,945.619512195122,3563.0,414.436585365854,2750.06097560976,937.187804878049,2860.7487804878,384.89512195122,128.341463414634,933.721951219512,2680.18048780488,1019.26341463415,397.651219512195,951.614634146342,2317.40731707317,337.304878048781,2096.13658536585,574.336585365854,1501.43414634146,358.512195121951,126.260975609756,996.909756097561,418.79756097561,13354.8707317073,8863.04634146341,410,26.1710228011867,19.9893931967975,0.645454526414762,0.971563981042654,0.788461538461538,-0.262675059728036,FAHNSCC_15,HN,1,FAHNSCC_15,tumor cells,,carcinoma_in_situ_FAHNSCC_15_2
22142,25318,15817.1025641026,271.371794871795,91.0,614.192307692308,508.467948717949,3358.52564102564,538.544871794872,213.775641025641,1010.82692307692,4958.5641025641,573.602564102564,353.685897435897,952.551282051282,3732.55769230769,653.666666666667,233.435897435897,978.230769230769,2570.47435897436,678.737179487179,408.544871794872,968.467948717949,1934.47435897436,349.73717948718,2484.82692307692,576.0,1024.85897435897,296.564102564103,116.852564102564,994.698717948718,420.141025641026,14373.2884615385,8263.21794871795,156,18.6313191804086,10.6801034468097,0.819391795731664,0.945454545454545,0.65,0.738556378783111,FAHNSCC_15,HN,1,FAHNSCC_15,stromal cells,,carcinoma_in_situ_FAHNSCC_15_2
22206,25388,15198.9234693878,181.260204081633,64.5510204081633,605.341836734694,98.3979591836735,3942.17857142857,970.051020408163,221.994897959184,967.464285714286,6242.98469387755,599.336734693878,160.688775510204,946.591836734694,6265.52040816327,411.872448979592,149.969387755102,1241.8112244898,4013.67857142857,649.219387755102,407.561224489796,1207.62755102041,4165.26020408163,297.418367346939,8455.14285714286,848.994897959184,1423.51530612245,319.290816326531,124.102040816327,1024.12244897959,417.112244897959,14743.3214285714,8878.06632653061,196,17.0205981284057,14.6970868615786,0.504368917160697,0.97029702970297,0.768627450980392,-0.0983065341583162,FAHNSCC_15,HN,1,FAHNSCC_15,stromal cells,,carcinoma_in_situ_FAHNSCC_15_2
22241,25427,9253.08641975309,185.0,82.8888888888889,606.506172839506,8.65432098765432,2046.03703703704,461.111111111111,217.481481481482,940.691358024691,3194.27160493827,452.333333333333,1119.22222222222,1026.46913580247,2041.85185185185,573.567901234568,127.320987654321,976.296296296296,1610.13580246914,1309.59259259259,452.41975308642,1011.83950617284,1117.59259259259,3647.44444444444,2806.79012345679,581.703703703704,1034.24691358025,386.987654320988,132.271604938272,1043.46913580247,421.604938271605,14242.987654321,8065.74074074074,81,11.4297027518003,9.03423178084285,0.612569104591751,0.941860465116279,0.736363636363636,-0.484318543293731,FAHNSCC_15,HN,1,FAHNSCC_15,Ki67+ tumor cells,,carcinoma_in_situ_FAHNSCC_15_2
22286,25479,7517.40616966581,226.321336760925,80.4190231362468,608.082262210797,10.1002570694087,1643.06426735219,444.87146529563,203.665809768638,950.3264781491,2818.31619537275,371.023136246787,4611.3881748072,945.380462724936,3025.35989717224,385.341902313625,122.686375321337,914.943444730077,2269.91516709512,1355.64524421594,412.061696658098,963.115681233933,2056.42673521851,382.133676092545,2105.20822622108,572.110539845758,1467.36246786632,348.933161953728,127.54498714653,996.064267352185,422.041131105399,14201.1825192802,8211.62210796915,389,32.5548133545058,15.2534274137817,0.883439104076247,0.951100244498778,0.715073529411765,0.235114125836257,FAHNSCC_15,HN,1,FAHNSCC_15,tumor cells,,carcinoma_in_situ_FAHNSCC_15_2
22292,25485,8954.95248868778,198.35520361991,77.9705882352941,599.574660633484,26.4027149321267,2109.69457013575,509.190045248869,240.226244343891,955.511312217195,3511.98868778281,443.649321266968,750.138009049774,1044.96606334842,2915.41176470588,407.533936651584,155.739819004525,1016.99773755656,2164.47285067873,1327.39592760181,406.640271493213,1105.7036199095,1685.54977375566,1722.61990950226,2679.47737556561,576.608597285068,1080.04977375566,322.280542986425,122.20814479638,1011.35972850679,416.891402714932,14064.2104072398,8385.35746606335,442,27.2996566463423,20.6753260814256,0.65301209730652,0.969298245614035,0.768695652173913,-0.962795951624596,FAHNSCC_15,HN,1,FAHNSCC_15,Ki67+ tumor cells,,carcinoma_in_situ_FAHNSCC_15_2
22305,25501,6805.65957446809,199.521276595745,78.4654255319149,602.38829787234,10.6143617021277,1503.7420212766,444.11170212766,217.789893617021,954.728723404255,2590.24468085106,419.441489361702,4097.36968085106,972.25,2705.82446808511,416.547872340426,136.590425531915,948.712765957447,2014.03989361702,1976.03989361702,417.087765957447,1050.31914893617,1656.85638297872,419.106382978723,2491.13829787234,576.672872340426,1122.64627659575,325.071808510638,123.662234042553,1003.52925531915,419.457446808511,14159.8404255319,8235.09574468085,376,26.7730113902554,17.9909155080164,0.740569724209641,0.966580976863753,0.773662551440329,0.0966950697531413,FAHNSCC_15,HN,1,FAHNSCC_15,tumor cells,,carcinoma_in_situ_FAHNSCC_15_2
22377,25585,7379.71714285714,171.368571428571,69.9457142857143,597.388571428572,14.5057142857143,1803.76,419.468571428571,218.791428571429,953.302857142857,2666.60571428571,388.148571428571,1332.52285714286,1028.28571428571,2050.62857142857,371.211428571429,140.982857142857,1049.97714285714,1574.43428571429,1668.19428571429,391.914285714286,974.345714285714,1112.70857142857,1085.06571428571,2574.02571428571,575.34,783.745714285714,267.417142857143,111.574285714286,998.505714285714,409.574285714286,13201.1114285714,8927.07142857143,350,26.3595527352983,16.9254491395242,0.766621515731296,0.964187327823691,0.79185520361991,-1.41588138129938,FAHNSCC_15,HN,1,FAHNSCC_15,Ki67+ tumor cells,,carcinoma_in_situ_FAHNSCC_15_2
22379,25587,9203.35856573705,146.727091633466,75.4422310756972,600.49203187251,16.8326693227092,2368.66533864542,474.735059760956,215.496015936255,948.715139442231,3685.49402390438,423.213147410359,792.741035856574,982.245019920319,2558.87051792829,395.06374501992,210.840637450199,1044.0,1866.44621513944,1221.62549800797,392.268924302789,1006.18725099602,1338.24103585657,2114.17729083665,2462.703187251,575.671314741036,876.842629482072,303.237051792829,122.147410358566,996.0,413.059760956175,13874.3605577689,8669.66135458167,502,31.3309924538927,20.4487457078455,0.757643771795266,0.963531669865643,0.809677419354839,-0.0215973744452172,FAHNSCC_15,HN,1,FAHNSCC_15,Ki67+ tumor cells,,carcinoma_in_situ_FAHNSCC_15_2
22418,25630,17929.0504731861,535.996845425868,153.460567823344,608.870662460568,217.555205047319,4679.26498422713,626.444794952681,206.047318611987,1023.40378548896,6509.23659305994,491.719242902208,179.454258675079,1039.07255520505,5302.88643533123,555.391167192429,153.309148264984,1025.3785488959,4290.52996845426,575.921135646688,395.208201892744,977.160883280757,3858.58044164038,243.785488958991,1031.11041009464,686.611987381703,1117.41009463722,280.053627760252,131.485804416404,992.952681388013,408.82334384858,14053.1703470032,9674.07886435331,317,22.7334182915311,17.7732866806329,0.623512716775473,0.966463414634146,0.765700483091787,-0.0981647042448882,FAHNSCC_15,HN,1,FAHNSCC_15,stromal cells,,carcinoma_in_situ_FAHNSCC_15_2
22455,25678,15837.5757575758,438.238636363636,144.628787878788,616.143939393939,207.575757575758,4084.28787878788,713.598484848485,232.875,960.628787878788,5942.71212121212,591.784090909091,174.579545454545,958.333333333333,4526.53787878788,477.628787878788,233.784090909091,1248.60227272727,3005.6553030303,719.541666666667,409.526515151515,970.215909090909,2478.02651515152,334.977272727273,5372.04166666667,1339.01515151515,1143.91287878788,344.231060606061,143.674242424242,1012.42803030303,418.087121212121,14807.8712121212,8613.61363636364,264,20.7257697479944,16.2900096713676,0.618253813826809,0.946236559139785,0.733333333333333,0.472481090422359,FAHNSCC_15,HN,1,FAHNSCC_15,stromal cells,,carcinoma_in_situ_FAHNSCC_15_2
22471,25695,16914.6005665722,348.872521246459,106.932011331445,612.42776203966,344.337110481586,4317.9178470255,633.271954674221,215.464589235127,967.682719546742,5922.55807365439,522.201133144476,155.065155807365,986.623229461756,4097.98866855524,440.15014164306,181.269121813031,1166.2209631728,2944.15580736544,548.464589235128,387.107648725212,987.067988668555,2792.12747875354,219.609065155807,3543.68555240793,759.475920679887,1097.35977337111,275.495750708215,126.677053824363,995.118980169972,413.206798866856,14535.6770538244,9331.48158640227,353,22.7192722570869,20.3887619022973,0.44117430648079,0.946380697050938,0.729338842975207,0.760811870745133,FAHNSCC_15,HN,1,FAHNSCC_15,stromal cells,,carcinoma_in_situ_FAHNSCC_15_2
22505,25731,11087.625,223.59375,94.7118055555556,608.454861111111,11.3125,2654.62152777778,517.253472222222,240.5625,952.951388888889,4202.13888888889,404.128472222222,2277.66319444444,1007.63541666667,3689.72222222222,406.145833333333,136.934027777778,951.336805555556,2674.77083333333,1290.60416666667,411.704861111111,1114.63194444444,2273.5,6698.83680555556,2874.88888888889,572.934027777778,1360.82638888889,337.9375,124.552083333333,1016.93402777778,422.46875,14095.0277777778,8192.40625,288,22.3809357205526,16.668222295205,0.667342549731273,0.966442953020134,0.721804511278195,-0.470390291840769,FAHNSCC_15,HN,1,FAHNSCC_15,Ki67+ tumor cells,,carcinoma_in_situ_FAHNSCC_15_2
22552,25783,7919.33870967742,137.350230414747,60.0276497695853,605.700460829493,336.527649769585,2025.93087557604,417.990783410138,173.071428571429,946.410138248848,3010.95622119816,377.251152073733,181.552995391705,949.751152073733,2052.81105990783,362.73732718894,149.099078341014,1070.25576036866,1530.66359447005,529.900921658986,376.002304147466,967.384792626728,968.322580645161,221.677419354839,2148.10599078341,594.470046082949,676.168202764977,236.84331797235,106.158986175115,989.214285714286,408.147465437788,13653.301843318,9480.51152073733,434,29.1035190846411,19.0914595665095,0.75477429657484,0.960176991150442,0.738095238095238,-1.21738633689365,FAHNSCC_15,HN,1,FAHNSCC_15,stromal cells,,carcinoma_in_situ_FAHNSCC_15_2
22594,25828,7340.16845878136,144.924731182796,70.320788530466,601.062724014337,15.0931899641577,1748.50358422939,422.301075268817,227.691756272401,950.575268817204,2834.44444444444,372.758064516129,1482.70788530466,1021.79211469534,1898.52688172043,364.541218637993,164.688172043011,1053.45161290323,1348.14516129032,1212.54659498208,386.241935483871,1002.86917562724,889.528673835126,376.652329749104,1623.35304659498,574.109318996416,757.605734767025,252.390681003584,108.059139784946,991.120071684588,409.498207885305,13196.9426523298,9016.60394265233,558,37.1323390523694,19.2903611443533,0.854468632492733,0.955479452054795,0.775,-1.54701316986791,FAHNSCC_15,HN,1,FAHNSCC_15,tumor cells,,carcinoma_in_situ_FAHNSCC_15_2
22635,25877,6385.88636363636,171.522727272727,84.3011363636364,600.369318181818,10.1505681818182,1322.34090909091,412.21875,255.076704545455,951.076704545454,2246.05681818182,389.505681818182,2190.21306818182,960.360795454546,1666.79261363636,385.767045454545,141.377840909091,1055.05965909091,1401.52556818182,2056.79261363636,402.150568181818,969.636363636364,910.886363636364,341.928977272727,2259.55965909091,571.806818181818,779.934659090909,270.428977272727,109.96875,996.545454545454,410.144886363636,13454.2784090909,8385.25,352,26.0881687233483,17.1989427101803,0.751913154492808,0.959128065395095,0.741052631578947,-1.1759971369918,FAHNSCC_15,HN,1,FAHNSCC_15,tumor cells,,carcinoma_in_situ_FAHNSCC_15_2
22637,25879,5531.73417721519,266.305907172996,98.1983122362869,605.789029535865,17.126582278481,1404.8417721519,476.274261603376,249.489451476793,955.879746835443,2101.95569620253,439.647679324895,1874.73839662447,1001.38185654008,1602.62658227848,429.873417721519,155.145569620253,1054.67721518987,1276.85443037975,930.991561181435,388.238396624473,953.770042194093,968.166666666667,292.15611814346,2849.47257383966,576.183544303798,884.206751054852,323.084388185654,121.706751054852,1007.10759493671,411.774261603376,13833.7510548523,9012.26793248945,474,26.1549488358259,23.1083940720839,0.468395333042403,0.971311475409836,0.792642140468228,-0.208741294100981,FAHNSCC_15,HN,1,FAHNSCC_15,tumor cells,,carcinoma_in_situ_FAHNSCC_15_2
22713,25965,9513.8995215311,224.688995215311,88.3827751196172,596.980861244019,10.9234449760766,2179.80861244019,495.598086124402,221.44019138756,948.373205741627,3477.22966507177,453.77033492823,2056.27272727273,962.492822966507,3348.84688995215,485.205741626794,131.354066985646,956.607655502392,2572.27751196172,1736.53588516746,410.162679425837,957.464114832536,2249.13875598086,761.019138755981,6751.79425837321,577.937799043062,1587.82296650718,366.655502392345,124.129186602871,1033.07177033493,422.540669856459,14452.1483253589,8162.05741626794,209,18.8337927379671,14.1794127970336,0.65816832437291,0.954337899543379,0.774074074074074,1.35860850583256,FAHNSCC_15,HN,1,FAHNSCC_15,Ki67+ tumor cells,,carcinoma_in_situ_FAHNSCC_15_2
22738,25992,8662.61370716511,132.249221183801,78.196261682243,599.632398753894,16.3551401869159,1974.09968847352,398.856697819315,192.844236760125,944.535825545171,3053.86604361371,395.274143302181,2735.64797507788,967.638629283489,2265.57632398754,375.196261682243,122.180685358255,993.080996884735,1957.56386292835,1136.6292834891,391.968847352025,974.034267912773,1602.97507788162,709.676012461059,2310.7507788162,575.884735202492,1010.90342679128,305.006230529595,118.489096573209,1006.89719626168,412.102803738318,13092.8224299065,9009.90965732087,321,23.8210757929777,17.2197384388419,0.690975385736825,0.966867469879518,0.786764705882353,-0.0189818547103989,FAHNSCC_15,HN,1,FAHNSCC_15,tumor cells,,carcinoma_in_situ_FAHNSCC_15_2
22743,25999,5852.97798742138,205.723270440252,89.5471698113208,623.204402515723,16.7327044025157,1455.05031446541,492.996855345912,223.323899371069,958.98427672956,2382.53144654088,453.672955974843,972.603773584906,970.672955974843,1797.00314465409,376.106918238994,161.779874213836,1007.82075471698,1362.94968553459,1087.49056603774,395.852201257862,948.915094339623,1038.6855345912,341.77358490566,4080.91823899371,581.295597484277,961.946540880503,333.477987421384,119.245283018868,1004.12264150943,416.452830188679,14275.2735849057,8588.8679245283,318,24.6138129497243,16.4841607350798,0.74262111336782,0.963636363636364,0.768115942028986,0.361037529807126,FAHNSCC_15,HN,1,FAHNSCC_15,tumor cells,,carcinoma_in_situ_FAHNSCC_15_2
22755,26012,22825.1674208145,468.981900452489,120.89592760181,604.760180995475,303.045248868778,5485.88235294118,8059.09954751131,235.638009049774,970.217194570136,7803.01809954751,1901.14932126697,196.199095022624,971.746606334842,5950.80090497738,679.0,466.746606334842,1175.72850678733,4036.10407239819,631.276018099548,398.570135746606,992.457013574661,3716.38914027149,299.782805429864,3333.48868778281,706.194570135747,1227.20814479638,324.742081447964,468.321266968326,1019.90497737557,414.83257918552,14343.2850678733,9015.58371040724,221,18.6486672409958,15.9163660816144,0.521116678958152,0.880478087649402,0.646198830409357,0.782078569043225,FAHNSCC_15,HN,1,FAHNSCC_15,M2 macrophages,,carcinoma_in_situ_FAHNSCC_15_2
22762,26021,5406.65949820789,108.899641577061,65.4444444444444,603.802867383513,17.4372759856631,1245.69892473118,388.057347670251,195.365591397849,948.759856630824,2009.71684587814,391.982078853047,748.240143369176,1047.48387096774,1489.50896057348,368.784946236559,140.501792114695,1034.40501792115,1167.13620071685,1559.0752688172,382.197132616487,986.376344086022,825.491039426523,524.974910394265,2047.29749103943,575.985663082437,718.853046594982,258.888888888889,109.799283154122,988.26164874552,408.609318996416,13720.3010752688,9173.80286738351,279,20.9792232116989,17.0045555886582,0.585679588783861,0.962068965517241,0.781512605042017,1.44112438507286,FAHNSCC_15,HN,1,FAHNSCC_15,tumor cells,,carcinoma_in_situ_FAHNSCC_15_2
22811,26079,6905.48091603053,180.202290076336,78.8435114503817,600.290076335878,16.3931297709924,1831.04198473282,552.465648854962,200.595419847328,934.003816793893,2986.99618320611,375.625954198473,2848.8358778626,959.419847328244,2217.75572519084,380.492366412214,121.729007633588,1020.75190839695,2020.07251908397,1094.97328244275,388.595419847328,963.923664122137,1734.23282442748,427.648854961832,2789.28625954198,575.648854961832,1158.37786259542,292.736641221374,117.18320610687,1008.75572519084,410.171755725191,13316.0152671756,8809.01526717557,262,21.4178317533786,15.6142042818777,0.684483614761342,0.952727272727273,0.779761904761905,-0.167361471014781,FAHNSCC_15,HN,1,FAHNSCC_15,tumor cells,,carcinoma_in_situ_FAHNSCC_15_2
22825,26097,12104.8076923077,131.351398601399,60.2377622377622,596.479020979021,47.0227272727273,2999.15384615385,1097.95804195804,185.711538461538,952.120629370629,4538.12412587413,473.805944055944,875.701048951049,962.068181818182,3516.58916083916,926.896853146853,137.472027972028,1107.33216783217,2945.56118881119,1794.97377622378,381.496503496504,978.972027972028,2462.28671328671,418.520979020979,2304.52797202797,577.382867132867,1034.72727272727,280.86013986014,290.396853146853,1010.33566433566,411.832167832168,13999.9807692308,9249.63286713287,572,37.8084178400067,19.7054584962058,0.853439233095128,0.947019867549669,0.736164736164736,-0.131182669767528,FAHNSCC_15,HN,1,FAHNSCC_15,tumor cells,,carcinoma_in_situ_FAHNSCC_15_2
22856,26130,13337.7649667406,162.113082039911,82.2660753880266,596.59866962306,26.7915742793792,3391.64966740577,479.365853658537,234.250554323725,952.217294900222,4984.30598669623,417.643015521064,886.385809312639,1090.32150776053,3576.94678492239,405.988913525499,149.254988913526,1051.37250554324,2611.35254988914,1200.09090909091,378.281596452328,1015.22616407982,2326.76940133038,3358.22394678492,2428.28381374723,585.155210643016,1020.05764966741,299.787139689579,117.864745011086,1005.93791574279,411.541019955654,14159.7317073171,9135.37250554324,451,31.0151574252085,18.5537126965042,0.801336117878098,0.961620469083156,0.700310559006211,1.03538645799757,FAHNSCC_15,HN,1,FAHNSCC_15,Ki67+ tumor cells,,carcinoma_in_situ_FAHNSCC_15_2
22898,26181,6005.58944954128,105.72247706422,65.0366972477064,596.440366972477,17.6284403669725,1515.16055045872,365.477064220184,189.215596330275,949.963302752294,2457.83944954128,361.823394495413,1313.35550458716,1036.86009174312,1780.21100917431,409.532110091743,125.68119266055,1017.5,1526.20412844037,1550.82110091743,378.596330275229,1011.62155963303,1192.54587155963,379.901376146789,1793.27981651376,576.302752293578,754.76376146789,248.506880733945,107.704128440367,994.314220183486,406.928899082569,13586.6123853211,9098.69266055046,436,27.9255336557202,20.1933717590297,0.690727676591414,0.971046770601336,0.807407407407408,1.45342871899401,FAHNSCC_15,HN,1,FAHNSCC_15,tumor cells,,carcinoma_in_situ_FAHNSCC_15_2
22960,26253,23986.9906542056,339.205607476636,119.953271028037,607.028037383178,134.691588785047,5429.4953271028,632.18691588785,228.252336448598,951.121495327103,8198.39252336449,529.728971962617,176.336448598131,979.607476635514,5969.73831775701,412.084112149533,255.261682242991,1004.71028037383,4284.89719626168,625.345794392523,516.485981308411,952.018691588785,3437.98130841121,375.261682242991,1121.28037383178,4126.85046728972,1207.85981308411,313.299065420561,162.495327102804,1007.55140186916,419.738317757009,14713.5140186916,8665.51401869159,107,13.159145745463,10.3864008907216,0.614018767792097,0.93859649122807,0.743055555555556,0.672202503378029,FAHNSCC_15,HN,1,FAHNSCC_15,endothelial cells,,carcinoma_in_situ_FAHNSCC_15_2
22972,26267,7521.7537593985,91.1578947368421,55.4567669172932,596.966165413534,20.3966165413534,1763.27067669173,364.206766917293,230.612781954887,954.712406015038,2651.37781954887,345.475563909774,1459.78571428571,976.56954887218,1906.81390977444,339.387218045113,150.515037593985,1018.94736842105,1581.90037593985,785.225563909775,385.396616541353,1084.26691729323,1216.72368421053,374.464285714286,1410.01691729323,578.186090225564,698.684210526316,237.069548872181,102.84022556391,980.494360902256,407.796992481203,13502.7255639098,9573.41729323308,532,32.092300804611,21.1365726228682,0.752477307370338,0.953405017921147,0.71505376344086,1.22995054787086,FAHNSCC_15,HN,1,FAHNSCC_15,tumor cells,,carcinoma_in_situ_FAHNSCC_15_2
22987,26284,3513.59696969697,194.387878787879,79.3848484848485,602.460606060606,16.3575757575758,962.690909090909,366.312121212121,198.663636363636,956.742424242424,1632.23333333333,353.233333333333,1497.59393939394,965.084848484848,1133.82424242424,362.272727272727,134.109090909091,1020.78787878788,1007.7696969697,1176.77878787879,380.7,950.657575757576,749.918181818182,269.236363636364,2756.80303030303,575.654545454545,743.154545454545,269.169696969697,110.936363636364,994.251515151515,408.575757575758,13518.503030303,9200.5303030303,330,22.3491199717947,18.8169539182083,0.539547710435897,0.962099125364432,0.785714285714286,-0.751410522652656,FAHNSCC_15,HN,1,FAHNSCC_15,tumor cells,,carcinoma_in_situ_FAHNSCC_15_2
23017,26319,14485.0212765957,276.851063829787,97.2936170212766,604.902127659575,209.008510638298,3576.6085106383,5959.94893617021,198.944680851064,1007.92765957447,5880.61276595745,512.931914893617,311.272340425532,942.863829787234,3104.0170212766,605.425531914894,892.293617021277,1030.46382978723,2690.94468085106,599.914893617021,393.072340425532,957.255319148936,2028.71063829787,302.727659574468,1545.08936170213,606.514893617021,1105.82553191489,296.382978723404,271.212765957447,991.144680851064,413.463829787234,13118.029787234,9073.67659574468,235,26.8995468872202,11.1456093658418,0.910121305058439,0.951417004048583,0.821678321678322,-0.0828190221663775,FAHNSCC_15,HN,1,FAHNSCC_15,M1/M0 macrophages,,carcinoma_in_situ_FAHNSCC_15_2
23025,26329,7847.21662468514,259.52644836272,94.0629722921915,596.690176322418,15.2342569269521,2061.06297229219,467.186397984887,197.423173803526,951.906801007557,3216.18639798489,392.224181360202,1832.72292191436,951.574307304786,2474.44080604534,447.755667506297,114.876574307305,978.750629722922,2336.85390428212,1541.86649874055,393.319899244333,954.531486146096,1972.83879093199,350.576826196474,1868.82115869018,571.692695214106,1216.49874055416,317.027707808564,123.146095717884,1006.05541561713,413.675062972292,13319.234256927,8847.39798488665,397,24.9874435749406,20.2872012577361,0.58380232967296,0.954326923076923,0.756190476190476,0.317019295231676,FAHNSCC_15,HN,1,FAHNSCC_15,tumor cells,,carcinoma_in_situ_FAHNSCC_15_2
23028,26332,3173.73962264151,293.215094339623,85.0415094339623,599.535849056604,7.6,718.116981132076,394.68679245283,204.550943396226,956.456603773585,1348.55094339623,377.154716981132,8040.56226415094,1028.07924528302,1422.18490566038,421.388679245283,124.6,985.083018867925,1294.6641509434,2697.29811320755,422.320754716981,963.864150943396,1004.16981132075,315.6,2410.63396226415,573.841509433962,934.566037735849,323.705660377358,123.403773584906,1008.23773584906,418.343396226415,13277.9547169811,8291.89433962264,265,20.0850083832095,16.8295523933591,0.545799017593642,0.970695970695971,0.779411764705882,-0.266846082990796,FAHNSCC_15,HN,1,FAHNSCC_15,tumor cells,,carcinoma_in_situ_FAHNSCC_15_2
23072,26388,11034.1479820628,211.973094170404,92.7466367713004,601.937219730942,16.2264573991031,1940.04484304933,627.551569506726,203.724215246637,938.322869955157,3918.45739910314,377.304932735426,2441.04260089686,969.789237668162,2873.83408071749,338.309417040359,122.45067264574,964.526905829596,2561.70403587444,814.491031390135,390.430493273543,964.112107623318,2156.21748878924,329.701793721973,2055.72197309417,576.448430493274,1224.28475336323,298.683856502242,117.300448430493,997.863228699552,414.345291479821,13260.2443946188,8855.15695067265,446,25.8088079081364,22.0183278098816,0.521694611998167,0.969565217391304,0.810909090909091,0.404953176438764,FAHNSCC_15,HN,1,FAHNSCC_15,tumor cells,,carcinoma_in_situ_FAHNSCC_15_2
23104,26423,5917.72623574145,220.794676806084,85.0684410646388,605.528517110266,15.4220532319392,1627.60836501901,454.034220532319,217.684410646388,951.855513307985,2449.88212927757,394.58174904943,2199.98479087452,960.152091254753,1717.66539923954,399.273764258555,137.684410646388,1041.09125475285,1340.17870722433,1076.20912547529,386.653992395437,946.410646387833,953.927756653992,286.45247148289,3156.30798479087,578.376425855513,809.06463878327,277.399239543726,111.714828897338,999.406844106464,411.513307984791,13472.0988593156,8896.71102661597,263,19.9849886384447,16.80545619671,0.54118436857703,0.956363636363636,0.773529411764706,0.286057739396575,FAHNSCC_15,HN,1,FAHNSCC_15,tumor cells,,carcinoma_in_situ_FAHNSCC_15_2
23135,26458,22960.1272727273,936.007272727273,239.236363636364,626.647272727273,1012.60727272727,6302.0,1067.42909090909,226.014545454545,986.065454545455,8111.16363636364,727.207272727273,181.007272727273,988.996363636364,6757.35636363636,525.090909090909,212.752727272727,1138.42181818182,4936.37090909091,596.989090909091,397.298181818182,975.927272727273,4549.24727272727,265.861818181818,903.036363636364,779.818181818182,1377.24,319.018181818182,154.974545454545,1000.96363636364,412.836363636364,14157.2072727273,9649.40363636364,275,19.1905781293428,18.267664390974,0.306384080317311,0.971731448763251,0.804093567251462,-0.894812292220316,FAHNSCC_15,HN,1,FAHNSCC_15,CD4+ T cells,,carcinoma_in_situ_FAHNSCC_15_2
23171,26500,23233.3816425121,699.429951690821,104.676328502415,607.019323671498,234.714975845411,6439.67149758454,1402.88888888889,228.202898550725,1045.21739130435,9305.45410628019,653.845410628019,245.657004830918,953.888888888889,7352.49758454106,666.705314009662,368.550724637681,1150.78743961353,6843.07246376812,637.449275362319,426.381642512077,977.666666666667,6808.73913043478,288.574879227053,1843.27536231884,699.671497584541,2854.4154589372,383.971014492754,175.859903381643,1005.91787439614,434.792270531401,13608.9806763285,9643.34782608696,207,20.8444673819972,12.7272124301156,0.791954675439797,0.945205479452055,0.739285714285714,-1.33443964880708,FAHNSCC_15,HN,1,FAHNSCC_15,CD4+ T cells,,carcinoma_in_situ_FAHNSCC_15_2
23198,26530,6988.82921348315,145.080898876405,68.1775280898876,599.952808988764,17.1168539325843,1684.84943820225,442.676404494382,212.47191011236,953.370786516854,2763.80674157303,378.469662921348,1313.56404494382,1008.70337078652,1922.86516853933,368.826966292135,156.2,1087.67191011236,1514.05617977528,967.85393258427,387.408988764045,981.525842696629,1108.60898876404,366.173033707865,1895.88764044944,572.611235955056,782.791011235955,253.41797752809,111.244943820225,982.6,408.159550561798,13564.1191011236,8824.88539325843,445,26.6597195389669,21.2527801603515,0.60373254632189,0.975877192982456,0.773913043478261,0.630508359752544,FAHNSCC_15,HN,1,FAHNSCC_15,tumor cells,,carcinoma_in_situ_FAHNSCC_15_2
23232,26569,29328.4272727273,474.922727272727,137.022727272727,622.440909090909,205.422727272727,7866.83181818182,939.972727272727,270.55,971.636363636364,11779.5590909091,674.168181818182,194.645454545455,963.081818181818,8429.27272727273,449.013636363636,185.286363636364,1326.68181818182,6460.33181818182,748.386363636364,422.131818181818,960.968181818182,5897.65454545455,357.731818181818,5072.85454545455,955.577272727273,1561.07727272727,346.486363636364,137.218181818182,1021.29090909091,415.709090909091,14689.6818181818,8811.4,220,17.4845262075316,16.0703753264463,0.393978017247008,0.952380952380952,0.763888888888889,-0.320337719437846,FAHNSCC_15,HN,1,FAHNSCC_15,stromal cells,,carcinoma_in_situ_FAHNSCC_15_2
23284,26625,3391.21867881549,213.46013667426,92.742596810934,601.574031890661,16.8861047835991,723.608200455581,594.300683371298,236.892938496583,966.03416856492,1253.48519362187,395.933940774488,4326.1298405467,968.863325740319,1144.34624145786,343.717539863326,152.214123006834,1015.08656036446,989.842824601367,1195.34396355353,403.514806378132,962.838268792711,679.644646924829,297.990888382688,2456.96810933941,572.077448747153,779.487471526196,289.697038724374,116.148063781321,994.523917995444,413.548974943052,13337.6173120729,8215.9840546697,439,25.9290736156434,21.6106807340141,0.552589389477671,0.964835164835165,0.763478260869565,1.09779851041487,FAHNSCC_15,HN,1,FAHNSCC_15,tumor cells,,carcinoma_in_situ_FAHNSCC_15_2
23290,26631,13220.4381818182,125.243636363636,71.4381818181818,597.076363636364,18.4,3244.95090909091,467.236363636364,223.249090909091,950.381818181818,4725.08363636364,407.270909090909,604.86,1108.69818181818,3225.39272727273,398.12,155.170909090909,997.830909090909,2488.10727272727,888.230909090909,388.02,1063.60181818182,2050.57818181818,13710.9490909091,1638.63454545455,573.829090909091,896.209090909091,278.672727272727,114.030909090909,990.396363636364,412.196363636364,13676.3254545455,9080.80727272727,550,30.9240969146655,22.6989851288586,0.679125073157981,0.970017636684303,0.758620689655172,1.02331841011778,FAHNSCC_15,HN,1,FAHNSCC_15,Ki67+ tumor cells,,carcinoma_in_situ_FAHNSCC_15_2
23341,26689,4020.868,132.736,62.024,602.408,110.276,959.896,379.776,166.928,939.584,1533.136,343.204,232.912,939.256,1026.524,366.496,132.696,929.776,899.788,485.396,373.72,947.084,649.352,228.704,599.02,897.392,697.188,264.328,110.808,979.2,409.084,13616.796,9482.804,250,19.7493239890988,16.1546182243223,0.575241894202873,0.980392156862745,0.822368421052632,0.206667018745096,FAHNSCC_15,HN,1,FAHNSCC_15,stromal cells,,carcinoma_in_situ_FAHNSCC_15_2
23378,26735,9991.52491694352,170.750830564784,81.1229235880399,601.225913621262,20.9036544850498,2194.51827242525,460.584717607973,240.176079734219,953.299003322259,3452.27574750831,443.186046511628,1168.65780730897,1026.0,2706.70764119601,414.405315614618,154.335548172757,1102.56146179402,1773.23588039867,1996.56478405316,384.405315614618,1012.98338870432,1191.01993355482,5059.3488372093,3722.39202657807,585.508305647841,785.249169435216,257.993355481728,117.833887043189,991.378737541528,408.936877076412,14464.7441860465,8770.06644518273,301,22.5781196137641,17.0266897852033,0.656732670329985,0.983660130718954,0.792105263157895,0.876151816592354,FAHNSCC_15,HN,1,FAHNSCC_15,Ki67+ tumor cells,,carcinoma_in_situ_FAHNSCC_15_2
23395,26754,25115.0973154362,466.91610738255,137.426174496644,608.335570469799,233.842281879195,6221.64093959732,697.385906040268,228.798657718121,964.412751677852,9066.95302013423,575.671140939597,172.39932885906,960.624161073826,6662.88255033557,458.05033557047,161.154362416107,1116.53355704698,5509.34899328859,656.963087248322,395.355704697987,958.439597315436,4923.23154362416,301.315436241611,5170.5067114094,909.144295302014,1610.61744966443,332.241610738255,124.929530201342,1015.31543624161,418.694630872483,14218.6543624161,9108.43959731544,298,24.1749266659755,15.7869332230585,0.757332722795649,0.949044585987261,0.776041666666667,-0.0873754876985775,FAHNSCC_15,HN,1,FAHNSCC_15,stromal cells,,carcinoma_in_situ_FAHNSCC_15_2
23415,26776,19627.9145299145,505.367521367521,968.217948717949,608.354700854701,228.752136752137,4905.4358974359,749.555555555556,243.123931623932,995.346153846154,7252.47435897436,634.136752136752,167.92735042735,950.811965811966,4959.37606837607,643.32905982906,471.444444444444,1373.67094017094,3179.05982905983,660.726495726496,404.641025641026,980.004273504274,2504.71367521368,1126.60256410256,4414.99572649573,1029.53418803419,927.021367521368,307.123931623932,145.273504273504,1027.76068376068,409.410256410256,14722.0726495727,8807.99572649573,234,22.0197168973545,13.5408648356055,0.788571771051032,0.955102040816326,0.68421052631579,-0.871864032689874,FAHNSCC_15,HN,1,FAHNSCC_15,Unknown,,carcinoma_in_situ_FAHNSCC_15_2
23448,26813,8945.41095890411,148.059360730594,70.2808219178082,605.360730593607,16.2420091324201,2122.03652968037,479.230593607306,211.139269406393,949.518264840183,3614.25570776256,416.849315068493,1418.37214611872,977.963470319635,3415.82420091324,415.404109589041,132.646118721461,999.075342465754,2710.93378995434,1741.99543378995,400.474885844749,1018.27625570776,2357.15068493151,3107.15525114155,1975.74885844749,578.420091324201,1497.51826484018,337.047945205479,126.920091324201,1025.23287671233,420.609589041096,14077.9908675799,8399.30136986301,438,28.7788858525805,19.485194690605,0.735922633695616,0.964757709251101,0.701923076923077,-0.935271289429531,FAHNSCC_15,HN,1,FAHNSCC_15,Ki67+ tumor cells,,carcinoma_in_situ_FAHNSCC_15_2
23481,26851,12851.5870786517,192.862359550562,77.6179775280899,596.960674157303,16.6095505617978,3113.94101123596,490.626404494382,249.511235955056,949.758426966292,4728.25,437.581460674157,686.932584269663,1128.32303370787,3040.53370786517,392.438202247191,162.362359550562,1024.57865168539,2401.91573033708,844.115168539326,385.101123595506,1081.65449438202,1807.44943820225,5749.93539325843,2119.06741573034,579.247191011236,798.584269662921,260.22191011236,107.056179775281,998.536516853932,408.879213483146,13737.5561797753,9189.62921348315,356,26.0761697214687,17.430020758323,0.743777585381955,0.954423592493298,0.712,-0.393796917010362,FAHNSCC_15,HN,1,FAHNSCC_15,Ki67+ tumor cells,,carcinoma_in_situ_FAHNSCC_15_2
23529,26912,7308.2854812398,123.942903752039,61.63132137031,596.438825448613,18.78955954323,1755.21370309951,426.030995106036,233.889070146819,948.396411092985,2613.56117455139,384.461663947798,1082.47145187602,1004.45840130506,1894.28711256117,360.990212071778,158.326264274062,1075.9836867863,1360.3132137031,1228.63458401305,380.433931484502,1047.54975530179,988.365415986949,344.977161500816,2075.11419249592,577.866231647635,759.332789559543,264.401305057096,111.776508972268,993.435562805873,409.903752039152,14070.8841761827,9087.42088091354,613,35.4964626506087,21.9983584631408,0.784812073025819,0.968404423380727,0.714452214452214,1.00307385808494,FAHNSCC_15,HN,1,FAHNSCC_15,tumor cells,,carcinoma_in_situ_FAHNSCC_15_2
23555,26940,30671.6728624535,298.048327137547,107.475836431227,612.732342007435,91.9665427509294,7572.08550185874,856.762081784387,250.364312267658,991.776951672862,10721.9925650558,643.416356877323,172.907063197026,965.973977695167,8711.08178438662,570.390334572491,308.992565055762,1749.30855018587,5424.54275092937,647.940520446097,404.587360594796,979.42750929368,5658.156133829,317.951672862454,9616.38289962825,2482.05576208178,1284.08550185874,343.970260223048,140.423791821561,1085.40892193309,413.881040892193,14365.5130111524,9100.5687732342,269,21.1604503570698,16.1905729079608,0.643871475235066,0.96415770609319,0.800595238095238,0.258580215173298,FAHNSCC_15,HN,1,FAHNSCC_15,endothelial cells,,carcinoma_in_situ_FAHNSCC_15_2
23595,26987,6691.24545454546,134.763636363636,73.3666666666667,604.015151515152,20.7939393939394,1582.45151515152,423.666666666667,201.190909090909,952.360606060606,2432.15757575758,388.178787878788,2057.43636363636,978.330303030303,1824.08484848485,366.40303030303,146.178787878788,1021.9696969697,1583.05151515152,1167.8,384.609090909091,979.178787878788,1286.89393939394,326.548484848485,2510.72121212121,575.524242424242,921.827272727273,281.736363636364,119.5,995.69696969697,410.393939393939,13215.6787878788,9110.94848484848,330,23.1661040438381,18.2046154531585,0.618442793163689,0.970588235294118,0.785714285714286,-0.874186753898309,FAHNSCC_15,HN,1,FAHNSCC_15,tumor cells,,carcinoma_in_situ_FAHNSCC_15_2
23608,27003,22628.1705069124,205.069124423963,76.2764976958525,599.599078341014,59.0414746543779,5026.05069124424,704.972350230415,224.115207373272,970.728110599078,7536.83410138249,559.036866359447,155.723502304147,962.889400921659,6611.67281105991,546.359447004608,869.520737327189,1237.58525345622,5041.45161290323,646.668202764977,401.202764976959,981.410138248848,4948.55760368664,302.511520737327,5175.15207373272,1166.47004608295,1454.55760368664,328.571428571429,134.055299539171,1030.96313364055,415.709677419355,14379.7235023041,9068.93087557604,217,17.7912128393884,15.5808517374993,0.482744791819664,0.964444444444444,0.753472222222222,0.292061955344987,FAHNSCC_15,HN,1,FAHNSCC_15,stromal cells,,carcinoma_in_situ_FAHNSCC_15_2
23618,27013,6635.77966101695,298.651600753296,86.9792843691149,602.89077212806,7.87193973634652,1443.08662900188,486.435028248588,270.86252354049,961.619585687382,2312.30320150659,408.885122410546,3569.868173258,1024.77024482109,1858.4538606403,343.570621468927,150.418079096045,992.380414312618,1470.60263653484,869.943502824859,418.190207156309,1117.64218455744,1026.77777777778,329.757062146893,2233.80979284369,574.122410546139,783.297551789077,271.751412429379,109.971751412429,977.787193973635,414.419962335217,13264.4670433145,8336.82485875706,531,29.7725851106517,22.9521789898855,0.63693614487319,0.970749542961609,0.785502958579882,0.754016934235356,FAHNSCC_15,HN,1,FAHNSCC_15,tumor cells,,carcinoma_in_situ_FAHNSCC_15_2
23631,27029,23102.8414634146,300.59756097561,99.1463414634146,600.908536585366,207.524390243902,5861.81097560976,1240.78658536585,228.451219512195,945.006097560976,8618.78048780488,752.128048780488,169.365853658537,958.048780487805,5211.21951219512,672.682926829268,662.310975609756,1270.76829268293,4649.37804878049,644.439024390244,397.823170731707,956.420731707317,4095.5,298.707317073171,2410.45731707317,663.25,1741.86585365854,315.176829268293,173.591463414634,998.810975609756,414.542682926829,14607.4573170732,8812.9512195122,164,16.998162995116,12.2760966912495,0.691682856252405,0.964705882352941,0.803921568627451,-0.0002409918349532,FAHNSCC_15,HN,1,FAHNSCC_15,stromal cells,,carcinoma_in_situ_FAHNSCC_15_2
23672,27073,11695.1983471074,184.702479338843,75.6198347107438,608.63085399449,616.355371900826,2851.03856749311,586.71349862259,181.955922865014,950.561983471074,4641.81542699725,411.887052341598,205.330578512397,965.002754820937,3139.94490358127,386.603305785124,180.035812672176,1129.27272727273,2619.7520661157,568.804407713499,387.077134986226,991.829201101928,1927.56473829201,285.38567493113,1695.93663911846,579.99173553719,962.404958677686,268.947658402204,120.063360881543,987.752066115702,410.633608815427,13632.5289256198,8939.39393939394,363,26.6740378176843,17.4884258161509,0.755078200809062,0.955263157894737,0.707602339181287,-0.241307758900961,FAHNSCC_15,HN,1,FAHNSCC_15,stromal cells,,carcinoma_in_situ_FAHNSCC_15_2
23677,27078,4008.77397260274,167.671232876712,75.5,596.791095890411,16.2294520547945,914.907534246575,377.184931506849,194.544520547945,950.352739726027,1626.19520547945,371.280821917808,2179.24657534247,969.794520547945,1199.41780821918,402.496575342466,124.722602739726,962.294520547945,1044.45205479452,1828.46917808219,380.780821917808,959.222602739726,741.770547945206,293.342465753425,2657.76369863014,574.452054794521,773.962328767123,271.643835616438,113.445205479452,1007.58219178082,406.760273972603,13501.301369863,9061.5,292,21.5953829872066,17.2227933010567,0.603289847046207,0.979865771812081,0.811111111111111,-0.527934403796752,FAHNSCC_15,HN,1,FAHNSCC_15,tumor cells,,carcinoma_in_situ_FAHNSCC_15_2
23689,27093,30292.7399267399,338.553113553114,105.652014652015,605.802197802198,181.494505494506,7569.32600732601,803.131868131868,244.545787545788,963.630036630037,10872.6556776557,622.43956043956,187.032967032967,950.74358974359,9197.31501831502,455.069597069597,151.285714285714,1106.15750915751,7236.3663003663,670.721611721612,424.223443223443,966.43956043956,7215.97435897436,346.164835164835,7057.06227106227,1570.40293040293,2546.81318681319,417.582417582418,148.747252747253,1059.41391941392,430.468864468864,14590.1062271062,9103.76190476191,273,21.0586131914167,16.5098588405376,0.620766455101875,0.968085106382979,0.764705882352941,-0.313380222121701,FAHNSCC_15,HN,1,FAHNSCC_15,stromal cells,,carcinoma_in_situ_FAHNSCC_15_2
23716,27127,15547.5621301775,259.798816568047,106.526627218935,616.674556213018,618.668639053254,3919.60355029586,499.994082840237,204.508875739645,952.05325443787,5967.32544378698,471.544378698225,322.224852071006,963.420118343195,3503.84023668639,435.384615384615,404.118343195266,1023.97633136095,2912.26627218935,667.118343195266,398.627218934911,984.609467455621,1956.87573964497,365.491124260355,2791.01183431953,594.248520710059,977.828402366864,294.881656804734,118.96449704142,1445.20710059172,413.224852071006,13549.5029585799,8562.65088757396,169,20.1008094251455,10.7161397430944,0.846039754375311,0.944134078212291,0.670634920634921,0.536957987310284,FAHNSCC_15,HN,1,FAHNSCC_15,NK,,carcinoma_in_situ_FAHNSCC_15_2
23769,27194,11262.155511811,161.216535433071,84.7657480314961,601.866141732284,17.0748031496063,2759.31299212598,478.374015748031,262.931102362205,961.403543307087,4334.81102362205,451.033464566929,1323.67913385827,1052.5688976378,2727.02952755906,359.259842519685,162.212598425197,1094.88582677165,2093.35826771654,1049.28346456693,389.513779527559,1024.12204724409,1631.0688976378,342.915354330709,4187.30905511811,578.129921259843,932.893700787402,288.149606299213,117.021653543307,997.688976377953,413.946850393701,14348.8602362205,8657.73228346457,508,34.4046888509154,18.8944388759383,0.835702718504298,0.965779467680608,0.76969696969697,0.228292152076467,FAHNSCC_15,HN,1,FAHNSCC_15,tumor cells,,carcinoma_in_situ_FAHNSCC_15_2
23789,27215,31511.0487804878,502.707317073171,153.689024390244,617.658536585366,90.0243902439025,7705.05487804878,906.579268292683,283.310975609756,982.024390243902,10673.0914634146,701.237804878049,194.304878048781,959.615853658537,9718.78048780488,673.121951219512,216.658536585366,1134.29268292683,7279.44512195122,741.90243902439,425.262195121951,980.09756097561,7405.73170731707,372.280487804878,7457.98780487805,1496.66463414634,2938.89634146341,530.280487804878,160.634146341463,1082.64634146341,435.25,13955.1585365854,9528.81707317073,164,16.2338872629726,12.9279976504642,0.604824596153027,0.95906432748538,0.788461538461538,-1.41630593997422,FAHNSCC_15,HN,1,FAHNSCC_15,stromal cells,,carcinoma_in_situ_FAHNSCC_15_2
23808,27235,9799.38888888889,165.796296296296,80.9907407407408,603.487654320988,23.7067901234568,2538.06790123457,535.234567901235,205.87962962963,945.567901234568,3898.63580246914,477.385802469136,666.774691358025,988.854938271605,2883.81172839506,420.277777777778,147.092592592593,1036.49691358025,2357.22839506173,1291.3487654321,392.243827160494,1020.04320987654,1915.67283950617,882.756172839506,2253.01234567901,577.376543209877,1068.20061728395,306.564814814815,119.895061728395,1014.0987654321,416.302469135803,13668.1327160494,8962.43209876543,324,22.9270391021379,18.1167743870852,0.612858719520359,0.975903614457831,0.771428571428572,-0.923176929240242,FAHNSCC_15,HN,1,FAHNSCC_15,Ki67+ tumor cells,,carcinoma_in_situ_FAHNSCC_15_2
23813,27241,26457.3828828829,490.306306306306,140.0,613.112612612613,154.684684684685,6521.08108108108,811.837837837838,257.572072072072,961.261261261261,9026.8018018018,610.490990990991,191.391891891892,976.666666666667,7837.9954954955,586.545045045045,210.806306306306,1058.68468468468,5675.08558558559,686.882882882883,409.103603603604,961.261261261261,5655.97297297297,333.40990990991,5392.45945945946,1582.54954954955,2182.84234234234,467.198198198198,157.725225225225,1072.18468468468,425.842342342342,13925.509009009,9540.04504504504,222,17.9311453452803,15.8412363033229,0.468529031022026,0.961038961038961,0.770833333333333,-1.10481944567531,FAHNSCC_15,HN,1,FAHNSCC_15,stromal cells,,carcinoma_in_situ_FAHNSCC_15_2
23819,27250,8500.15989159892,350.536585365854,121.008130081301,606.046070460705,9.70189701897019,1724.77235772358,465.379403794038,246.254742547425,946.439024390244,2774.51761517615,407.373983739837,5466.23306233062,974.384823848238,2453.0081300813,356.593495934959,145.235772357724,984.693766937669,1807.14092140921,1021.65582655827,412.230352303523,1030.33062330623,1308.67208672087,324.626016260163,1868.11382113821,569.355013550136,922.189701897019,293.466124661247,116.40108401084,994.376693766938,415.178861788618,13575.0162601626,8206.66666666667,369,25.3746752386139,18.6044899500865,0.680022488979339,0.968503937007874,0.82,0.089899428325187,FAHNSCC_15,HN,1,FAHNSCC_15,tumor cells,,carcinoma_in_situ_FAHNSCC_15_2
23873,27310,15767.8996415771,316.964157706093,109.598566308244,617.290322580645,313.26523297491,4021.08243727599,933.813620071685,235.290322580645,970.745519713262,5861.87455197133,877.960573476703,166.05376344086,950.935483870968,4049.89605734767,493.853046594982,200.437275985663,1426.46594982079,2009.86021505376,635.555555555556,408.401433691756,988.910394265233,1475.78853046595,300.15770609319,9989.86021505376,1873.34408602151,895.021505376344,330.247311827957,149.372759856631,1035.43727598566,414.125448028674,14607.5913978495,8960.21863799283,279,21.224331729933,16.7904605945659,0.611693435197842,0.975524475524476,0.775,-1.01519536910626,FAHNSCC_15,HN,1,FAHNSCC_15,endothelial cells,,carcinoma_in_situ_FAHNSCC_15_2
23879,27318,8158.98296836983,214.265206812652,84.7834549878346,602.425790754258,9.48175182481752,1842.40389294404,488.21897810219,237.104622871046,955.895377128954,3052.66909975669,412.270072992701,1942.80778588808,1055.50851581509,2536.85158150852,384.058394160584,158.21897810219,1049.99270072993,1416.6496350365,1944.07542579075,386.469586374696,1055.73236009732,1318.51824817518,414.647201946472,1809.86374695864,572.289537712895,871.717761557178,270.350364963504,112.78102189781,996.513381995134,414.520681265207,13688.9416058394,8341.76155717762,411,26.9784964102904,19.4852092460954,0.691632461268882,0.971631205673759,0.782857142857143,-1.08499723870818,FAHNSCC_15,HN,1,FAHNSCC_15,tumor cells,,carcinoma_in_situ_FAHNSCC_15_2
23944,27387,19058.6498194946,237.631768953069,87.7978339350181,605.480144404332,84.0613718411552,4386.06498194946,686.873646209386,222.909747292419,975.505415162455,6219.07942238267,625.823104693141,152.523465703971,957.693140794224,4244.71119133574,442.29963898917,168.772563176895,1312.87364620939,2538.78700361011,583.72202166065,395.472924187726,970.974729241877,1805.45487364621,273.205776173285,5937.92418772563,1496.84837545126,921.740072202166,310.913357400722,119.519855595668,1049.36823104693,414.891696750903,14499.2671480144,9013.5523465704,277,20.5614068513262,17.2733241282823,0.542455186771923,0.965156794425087,0.775910364145658,-0.285419373575802,FAHNSCC_15,HN,1,FAHNSCC_15,stromal cells,,carcinoma_in_situ_FAHNSCC_15_2
23983,27436,10322.0934579439,270.516355140187,84.2453271028037,605.14953271028,10.2663551401869,2312.53271028037,529.922897196262,247.252336448598,954.948598130841,3625.05841121495,484.084112149533,1238.31308411215,1016.97429906542,2948.55140186916,434.130841121495,162.635514018692,978.516355140187,2184.93691588785,1497.10046728972,417.196261682243,975.670560747664,1752.79906542056,627.829439252336,4296.86448598131,572.733644859813,1168.22663551402,354.207943925234,133.714953271028,1006.1285046729,419.266355140187,14407.9088785047,8103.49299065421,428,27.3794247182716,19.9211015860313,0.686008134429685,0.963963963963964,0.754850088183422,-1.35791810214594,FAHNSCC_15,HN,1,FAHNSCC_15,tumor cells,,carcinoma_in_situ_FAHNSCC_15_2
24013,27467,7822.80896226415,153.417452830189,74.9504716981132,612.646226415094,27.7877358490566,2092.24764150943,493.327830188679,251.205188679245,954.771226415094,3632.20047169811,466.325471698113,1031.46698113208,1146.17924528302,3206.24764150943,493.457547169811,324.60141509434,1035.7570754717,2129.52594339623,1413.60849056604,404.997641509434,1070.0,1416.53066037736,6928.24528301887,3636.10613207547,582.257075471698,962.25,306.764150943396,119.25,1164.96933962264,415.438679245283,13771.4882075472,8420.16745283019,424,30.4146118476538,17.999228096595,0.80608819419273,0.957110609480813,0.731034482758621,-0.348028688863855,FAHNSCC_15,HN,1,FAHNSCC_15,Ki67+ tumor cells,,carcinoma_in_situ_FAHNSCC_15_2
24033,27491,20637.9805447471,474.645914396887,153.52140077821,616.167315175097,141.5953307393,4920.56420233463,805.634241245136,273.929961089494,962.657587548638,7133.73151750973,693.015564202335,196.941634241245,965.023346303502,4290.98054474708,501.980544747082,206.085603112841,1397.14785992218,3026.77431906615,761.105058365759,430.175097276265,973.863813229572,2144.5486381323,361.027237354086,12121.1089494163,1127.97276264591,951.140077821012,369.112840466926,131.509727626459,1039.37743190662,416.385214007782,14752.6692607004,8693.21789883269,257,19.2840778130453,17.0536933393631,0.466842229127345,0.966165413533835,0.79320987654321,-0.691551663450092,FAHNSCC_15,HN,1,FAHNSCC_15,stromal cells,,carcinoma_in_situ_FAHNSCC_15_2
24132,27608,9794.43060498221,172.975088967972,83.7366548042705,602.501779359431,11.7366548042705,2352.7615658363,476.153024911032,215.935943060498,953.309608540925,3746.29537366548,432.871886120996,2025.98220640569,946.476868327402,3538.4128113879,418.110320284698,123.747330960854,921.743772241993,2646.28113879004,1713.69395017794,411.967971530249,947.185053380783,2539.48754448399,716.886120996441,3603.58007117438,579.67615658363,1573.57295373665,351.181494661922,124.53024911032,1005.56583629893,425.231316725979,14467.3950177936,8258.86120996441,281,24.2290239446128,14.8189584076278,0.791151587949423,0.952542372881356,0.638636363636364,0.704431408801614,FAHNSCC_15,HN,1,FAHNSCC_15,tumor cells,,carcinoma_in_situ_FAHNSCC_15_2
24185,27669,21791.3333333333,344.760162601626,111.674796747967,625.390243902439,449.491869918699,5131.04471544716,574.365853658537,226.841463414634,978.256097560976,8401.78048780488,523.979674796748,554.552845528455,944.642276422764,5166.83333333333,491.235772357724,172.121951219512,918.865853658537,2127.90243902439,749.882113821138,400.853658536585,1000.40650406504,3566.9512195122,398.642276422764,1078.59349593496,578.394308943089,1802.48780487805,338.321138211382,126.650406504065,987.264227642276,420.020325203252,13730.2235772358,8393.91463414634,246,30.5693703500849,10.5466277544812,0.938600340327361,0.924812030075188,0.745454545454546,-0.0259491289357508,FAHNSCC_15,HN,1,FAHNSCC_15,tumor cells,,carcinoma_in_situ_FAHNSCC_15_2
24205,27692,12236.3098901099,172.373626373626,82.4483516483517,603.463736263736,16.7846153846154,3301.84175824176,491.679120879121,226.70989010989,950.371428571429,5085.08571428571,429.065934065934,1267.56923076923,998.217582417582,3314.85054945055,348.613186813187,164.824175824176,1027.44835164835,2575.60879120879,749.718681318681,396.967032967033,1066.07252747253,2056.48791208791,350.841758241758,3162.03516483517,578.228571428571,1092.30549450549,296.892307692308,115.991208791209,982.378021978022,415.70989010989,14311.0241758242,8610.31868131868,455,29.2568722551215,19.8792245164721,0.733701470033067,0.963983050847458,0.758333333333333,0.0953219146124881,FAHNSCC_15,HN,1,FAHNSCC_15,tumor cells,,carcinoma_in_situ_FAHNSCC_15_2
24206,27693,24474.618556701,322.058419243986,128.824742268041,611.116838487973,119.60824742268,6523.25773195876,886.886597938144,268.460481099656,977.594501718213,9968.9175257732,674.982817869416,177.752577319588,965.735395189003,6679.07216494845,490.477663230241,225.821305841924,1278.0618556701,4268.19931271478,734.525773195876,424.037800687285,962.109965635739,3625.21649484536,342.560137457045,10447.1443298969,1999.11340206186,1073.32302405498,352.40206185567,130.584192439863,1046.42955326461,418.219931271478,14781.5945017182,8752.13058419244,291,21.8850916333014,17.0645095458507,0.626113228344093,0.947882736156352,0.7275,-0.762125901998184,FAHNSCC_15,HN,1,FAHNSCC_15,endothelial cells,,carcinoma_in_situ_FAHNSCC_15_2
24233,27723,7035.79437229437,245.582251082251,85.6558441558442,602.203463203463,10.6385281385281,1335.19264069264,461.748917748918,243.311688311688,965.344155844156,2115.38528138528,399.439393939394,3644.28571428571,1076.57575757576,1814.98701298701,370.168831168831,157.036796536797,1051.62987012987,1361.16883116883,1179.6341991342,407.839826839827,1242.43722943723,910.025974025974,497.655844155844,1632.70779220779,568.569264069264,715.770562770563,242.525974025974,104.337662337662,976.666666666667,412.155844155844,13489.0562770563,8256.57359307359,462,27.9490562087486,21.0608977284443,0.657395255492396,0.96652719665272,0.77257525083612,0.595907360894411,FAHNSCC_15,HN,1,FAHNSCC_15,tumor cells,,carcinoma_in_situ_FAHNSCC_15_2
24278,27773,24437.5187713311,330.064846416382,98.5051194539249,608.508532423208,104.730375426621,5681.72354948805,768.194539249147,250.610921501706,968.58361774744,9118.92491467577,603.788395904437,160.696245733788,964.344709897611,7244.75085324232,429.341296928328,173.832764505119,1281.9590443686,5787.76450511945,730.474402730376,412.320819112628,973.887372013652,5693.60750853242,400.307167235495,7465.36518771331,1055.30034129693,1792.25597269625,372.412969283276,136.692832764505,1030.89419795222,418.389078498294,14826.9590443686,8773.67918088737,293,22.3718378140204,16.684932229928,0.666169138195127,0.973421926910299,0.771052631578947,-0.630458813659196,FAHNSCC_15,HN,1,FAHNSCC_15,stromal cells,,carcinoma_in_situ_FAHNSCC_15_2
24330,27839,8793.97916666667,223.791666666667,89.8958333333333,605.75,6.0,1912.32291666667,538.1875,249.125,958.40625,2978.3125,424.40625,982.114583333333,960.510416666667,3021.67708333333,420.479166666667,171.697916666667,921.677083333333,1970.52083333333,822.239583333333,441.03125,992.5,1536.5,343.239583333333,1548.53125,573.072916666667,1200.4375,393.458333333333,127.145833333333,971.041666666667,421.09375,14186.3125,8084.08333333333,96,12.1533067352669,10.0808493832318,0.558545641661604,0.950495049504951,0.8,-0.352106366575823,FAHNSCC_15,HN,1,FAHNSCC_15,tumor cells,,carcinoma_in_situ_FAHNSCC_15_2
24378,27896,22623.2544378698,390.677514792899,111.825443786982,611.591715976331,102.304733727811,5163.27218934911,859.926035502959,259.668639053254,975.292899408284,7147.19526627219,727.189349112426,163.065088757396,971.360946745562,6246.31065088757,478.745562130178,170.002958579882,1307.59171597633,2832.19230769231,663.387573964497,416.585798816568,970.508875739645,2036.07692307692,308.713017751479,13520.5118343195,1478.62426035503,946.002958579882,337.96449704142,128.62426035503,1049.49408284024,409.994082840237,14589.2100591716,9022.50591715976,338,22.6212048828002,19.0775582814362,0.537367077976778,0.954802259887006,0.731601731601732,-0.637422087003769,FAHNSCC_15,HN,1,FAHNSCC_15,stromal cells,,carcinoma_in_situ_FAHNSCC_15_2
24379,27897,7394.12841530055,115.896174863388,69.5,596.658469945355,26.6830601092896,1765.18852459016,524.964480874317,223.437158469945,955.625683060109,2856.16666666667,426.48087431694,992.554644808743,991.292349726776,2165.51639344262,378.199453551913,146.928961748634,1092.03551912568,1547.18032786885,2232.17213114754,382.445355191257,981.535519125683,1137.57923497268,340.366120218579,3639.63114754098,580.882513661202,818.229508196721,267.491803278689,117.133879781421,990.150273224044,410.530054644809,14419.7950819672,8792.95901639344,366,26.8374946066023,17.4033124132715,0.761240138616353,0.955613577023499,0.697142857142857,0.563653929533545,FAHNSCC_15,HN,1,FAHNSCC_15,tumor cells,,carcinoma_in_situ_FAHNSCC_15_2
24398,27919,4505.0281124498,124.935742971888,79.6867469879518,612.710843373494,13.7871485943775,1201.01606425703,416.502008032129,192.208835341365,947.678714859438,1971.24899598394,365.21686746988,4230.25702811245,948.060240963855,2006.55421686747,355.610441767068,126.951807228916,918.345381526104,1641.09236947791,1223.06425702811,401.144578313253,972.694779116466,1435.28112449799,459.321285140562,2879.50602409639,574.751004016064,1107.98393574297,304.646586345382,119.381526104418,994.076305220884,418.847389558233,14092.2730923695,8258.51807228916,249,18.6595819052907,16.9990260852619,0.412388953797493,0.980314960629921,0.813725490196078,0.0203756908266917,FAHNSCC_15,HN,1,FAHNSCC_15,tumor cells,,carcinoma_in_situ_FAHNSCC_15_2
24431,27959,15735.7734375,403.0078125,88.33984375,602.09375,216.66796875,3443.4140625,874.12890625,195.54296875,1020.453125,5070.03515625,714.9140625,170.96875,964.83203125,4333.75390625,766.7265625,334.6171875,1158.07421875,3815.94140625,573.82421875,389.546875,997.37109375,3616.765625,245.74609375,3011.4453125,848.6796875,1317.84375,340.03125,186.734375,1014.6640625,411.83203125,13942.2578125,9720.76953125,256,20.2444153422349,16.1535698027699,0.60275382324056,0.955223880597015,0.8,1.44687636775687,FAHNSCC_15,HN,1,FAHNSCC_15,stromal cells,,carcinoma_in_situ_FAHNSCC_15_2
24496,28037,7246.7400530504,207.519893899204,88.1273209549072,605.541114058355,223.909814323607,1788.2625994695,471.124668435013,196.137931034483,956.604774535809,2887.92042440318,460.188328912467,278.541114058355,966.31299734748,2440.28912466844,397.511936339523,181.246684350133,1045.6949602122,1615.51458885942,728.774535809019,409.09549071618,966.294429708223,1076.02387267905,348.612732095491,4776.34217506631,579.586206896552,817.270557029178,293.15649867374,124.079575596817,1006.14058355438,415.888594164456,14017.1724137931,8288.07692307692,377,29.0773121806221,16.6278692752781,0.820358001635288,0.954430379746835,0.748015873015873,0.290381588296989,FAHNSCC_15,HN,1,FAHNSCC_15,stromal cells,,carcinoma_in_situ_FAHNSCC_15_2
24533,28083,15633.1818181818,300.96256684492,106.887700534759,607.486631016043,288.459893048128,3675.36363636364,688.44385026738,232.663101604278,964.705882352941,5786.42245989305,621.208556149733,150.625668449198,954.139037433155,4165.56684491979,451.994652406417,141.983957219251,1316.94652406417,3611.90909090909,670.374331550802,409.55614973262,967.823529411765,3613.47058823529,325.465240641711,12460.9411764706,1995.9679144385,1313.77005347594,391.727272727273,130.101604278075,1055.7486631016,422.893048128342,14783.550802139,8970.4385026738,187,16.0536462878445,15.0299887406176,0.35137394690309,0.954081632653061,0.779166666666667,0.501842757465667,FAHNSCC_15,HN,1,FAHNSCC_15,endothelial cells,,carcinoma_in_situ_FAHNSCC_15_2
24537,28087,9415.81967213115,119.231329690346,73.4553734061931,608.005464480874,261.845173041894,2620.53734061931,441.005464480874,185.695810564663,949.364298724954,3962.65391621129,386.171220400729,160.812386156648,936.642987249545,3028.35519125683,411.71766848816,141.151183970856,1112.06739526412,2360.20218579235,556.899817850638,385.123861566485,975.96174863388,1949.97267759563,234.422586520947,813.948998178506,1608.93624772313,894.734061930783,290.876138433516,281.978142076503,1020.24772313297,410.289617486339,14174.2222222222,9553.2276867031,549,35.2107351808994,19.9342688112874,0.824307872210875,0.958115183246073,0.652794292508918,-0.785023663257954,FAHNSCC_15,HN,1,FAHNSCC_15,stromal cells,,carcinoma_in_situ_FAHNSCC_15_2
24642,28211,12963.234375,156.96875,72.509375,599.56875,14.9125,1231.9625,320.790625,190.8,994.303125,5055.025,395.9,847.775,1040.790625,3500.9125,366.3625,145.128125,1045.228125,2482.54375,977.375,396.925,1001.784375,1844.94375,4162.828125,1353.096875,578.8625,1018.53125,294.203125,115.284375,997.203125,413.925,13160.303125,8818.746875,320,24.3311428611442,16.7809467721757,0.724104726944224,0.958083832335329,0.772946859903382,0.378471292983826,FAHNSCC_15,HN,1,FAHNSCC_15,Ki67+ tumor cells,,carcinoma_in_situ_FAHNSCC_15_2
24672,28245,23092.0466101695,311.474576271186,290.983050847458,620.233050847458,442.194915254237,5514.75,673.360169491525,214.572033898305,961.046610169492,7940.39406779661,518.610169491525,150.072033898305,972.618644067797,5301.29237288136,396.186440677966,168.080508474576,1115.6186440678,4185.35593220339,563.224576271187,403.716101694915,969.483050847458,3350.60169491525,256.699152542373,2900.46186440678,637.118644067797,976.169491525424,291.110169491525,141.584745762712,1012.24576271186,413.207627118644,14534.0466101695,9168.95338983051,236,23.2248112762289,13.0057214495112,0.828497638044172,0.959349593495935,0.702380952380952,-1.09911107302835,FAHNSCC_15,HN,1,FAHNSCC_15,stromal cells,,carcinoma_in_situ_FAHNSCC_15_2
24720,28301,10690.2967479675,190.735772357724,82.0182926829268,607.294715447154,15.270325203252,2883.21951219512,431.184959349594,195.615853658537,954.367886178862,4483.2418699187,386.839430894309,2280.52235772358,976.865853658537,3252.83130081301,355.900406504065,122.884146341463,980.957317073171,2862.81504065041,910.894308943089,394.522357723577,968.701219512195,2594.95731707317,918.985772357724,798.575203252033,575.225609756098,1412.2256097561,302.880081300813,122.506097560976,1023.78048780488,415.197154471545,13179.993902439,9051.15853658537,492,29.5821003418353,21.176202734409,0.698259075709408,0.972332015810277,0.807881773399015,-1.42836613823054,FAHNSCC_15,HN,1,FAHNSCC_15,Ki67+ tumor cells,,carcinoma_in_situ_FAHNSCC_15_2
24722,28303,29284.5884615385,285.538461538462,98.1769230769231,605.488461538462,119.184615384615,7438.76153846154,903.134615384615,251.188461538462,967.084615384615,11247.0884615385,636.580769230769,176.838461538462,961.596153846154,10124.9076923077,585.176923076923,176.461538461538,2013.95,8013.26538461538,712.119230769231,405.011538461538,969.703846153846,8792.91153846154,350.880769230769,9750.66923076923,811.815384615385,2555.73846153846,417.8,144.803846153846,1066.98461538462,425.373076923077,14373.0615384615,9126.53461538462,260,19.9084090745952,16.6504361284174,0.548192911332443,0.970149253731343,0.804953560371517,-0.527193918842956,FAHNSCC_15,HN,1,FAHNSCC_15,memory CD8+ T cells,,carcinoma_in_situ_FAHNSCC_15_2
24729,28311,3576.45337620579,113.752411575563,64.6173633440514,602.700964630225,19.4662379421222,971.553054662379,346.71382636656,174.819935691318,943.234726688103,1620.62057877814,335.392282958199,1855.06109324759,977.202572347267,1424.16398713826,387.334405144695,116.472668810289,933.202572347267,1362.6270096463,1547.81028938907,380.575562700965,1055.60128617363,1171.57877813505,435.24115755627,2609.7845659164,580.418006430868,869.736334405145,287.781350482315,112.620578778135,1007.42443729904,413.684887459807,13892.2186495177,9339.82958199357,311,22.0268455616642,17.9865988034636,0.577237592900713,0.962848297213622,0.779448621553885,0.467726976744786,FAHNSCC_15,HN,1,FAHNSCC_15,tumor cells,,carcinoma_in_situ_FAHNSCC_15_2
24742,28325,6769.72890025575,186.690537084399,87.6879795396419,600.670076726343,10.6112531969309,1704.58823529412,464.851662404092,207.593350383632,949.058823529412,2783.48593350384,395.552429667519,2348.26342710997,948.434782608696,2481.13043478261,373.135549872123,121.867007672634,922.012787723785,2068.27109974425,1151.53708439898,412.089514066496,966.485933503836,1795.44757033248,600.278772378517,2046.97953964194,572.595907928389,1291.57289002558,349.268542199489,126.148337595908,998.846547314578,419.191815856778,13943.168797954,8194.11764705882,391,28.5307554151104,18.035741393984,0.774845338177077,0.965432098765432,0.653846153846154,0.855301258243708,FAHNSCC_15,HN,1,FAHNSCC_15,tumor cells,,carcinoma_in_situ_FAHNSCC_15_2
24745,28329,19665.4615384615,370.090301003345,119.511705685619,610.458193979933,79.2341137123746,4640.13712374582,778.401337792642,241.210702341137,956.217391304348,7267.23745819398,543.157190635452,223.267558528428,956.408026755853,4794.14046822743,414.842809364549,190.47491638796,1094.08695652174,3077.25418060201,642.66889632107,395.377926421405,960.889632107023,2464.81605351171,300.612040133779,4341.53846153846,1043.49498327759,956.755852842809,300.779264214047,124.488294314381,1008.3143812709,416.086956521739,14588.6120401338,8739.55852842809,299,22.758763833336,16.8587601647207,0.67177082186576,0.970779220779221,0.764705882352941,-0.0599433469365852,FAHNSCC_15,HN,1,FAHNSCC_15,stromal cells,,carcinoma_in_situ_FAHNSCC_15_2
24783,28372,5897.74193548387,134.480286738351,70.2616487455197,603.121863799283,20.5448028673835,1470.29749103943,421.881720430108,223.229390681004,956.397849462366,2216.32974910394,415.268817204301,850.039426523298,967.311827956989,1593.0752688172,391.964157706093,151.21146953405,966.724014336918,1198.02508960573,1182.79928315412,384.935483870968,982.677419354839,903.637992831541,2037.31541218638,1585.17204301075,576.78853046595,748.071684587814,285.641577060932,114.15770609319,1014.94265232975,409.508960573477,13512.4372759857,9495.09677419355,279,21.1263291299408,16.8353670127896,0.604124019191309,0.958762886597938,0.781512605042017,-0.11645732298431,FAHNSCC_15,HN,1,FAHNSCC_15,Ki67+ tumor cells,,carcinoma_in_situ_FAHNSCC_15_2
24882,28485,20909.4745098039,408.701960784314,116.709803921569,604.658823529412,339.250980392157,5156.01960784314,662.764705882353,222.588235294118,964.149019607843,7482.2862745098,516.039215686275,176.4,960.070588235294,6147.0,509.454901960784,176.482352941176,1120.22745098039,5100.1137254902,650.278431372549,405.490196078431,975.619607843137,4789.52549019608,296.305882352941,2512.33725490196,1081.66274509804,1295.59607843137,355.129411764706,137.207843137255,1019.79607843137,417.223529411765,13826.6705882353,9591.07843137255,255,21.1333309676219,15.3939973930919,0.685128026137336,0.947955390334572,0.706371191135734,-0.857160693496667,FAHNSCC_15,HN,1,FAHNSCC_15,stromal cells,,carcinoma_in_situ_FAHNSCC_15_2
24900,28508,12198.4913580247,146.192592592593,77.0592592592593,601.632098765432,16.4962962962963,2857.38518518519,455.516049382716,237.706172839506,950.972839506173,4666.18024691358,429.38024691358,842.249382716049,1071.58518518519,3158.55061728395,394.330864197531,158.508641975309,1098.58518518519,2327.09135802469,1645.06913580247,394.481481481482,1026.38271604938,1791.31851851852,7156.71851851852,2199.9975308642,574.049382716049,926.051851851852,280.501234567901,115.659259259259,1010.66666666667,410.703703703704,13521.3975308642,8627.2024691358,405,25.206928181805,20.5764868506024,0.577624174642193,0.957446808510638,0.733695652173913,0.891061872183131,FAHNSCC_15,HN,1,FAHNSCC_15,Ki67+ tumor cells,,carcinoma_in_situ_FAHNSCC_15_2
24910,28519,5803.77167630058,271.07225433526,92.8265895953757,600.315028901734,17.9479768786127,1518.84393063584,423.439306358382,188.85838150289,946.893063583815,2388.02601156069,365.471098265896,2750.35838150289,957.393063583815,1872.59537572254,378.936416184971,120.06936416185,988.647398843931,1780.53468208092,1208.45375722543,382.35549132948,961.578034682081,1519.04913294798,289.719653179191,2773.02312138728,575.580924855491,1096.44797687861,302.147398843931,116.64161849711,1015.48554913295,411.335260115607,13823.0086705202,8964.64739884393,346,24.7892358224705,17.8046688669134,0.69579344160785,0.963788300835655,0.800925925925926,0.143578006441174,FAHNSCC_15,HN,1,FAHNSCC_15,tumor cells,,carcinoma_in_situ_FAHNSCC_15_2
24937,28551,33085.5335689046,333.462897526502,86.7632508833922,609.65371024735,86.7667844522968,7940.25795053004,928.69964664311,259.183745583039,970.339222614841,11438.4593639576,682.816254416961,161.367491166078,956.540636042403,8750.63957597173,437.809187279152,166.664310954064,1238.0777385159,6648.57597173145,716.441696113074,420.321554770318,987.074204946996,6529.09187279152,344.141342756184,9178.14134275618,1225.1554770318,1345.96466431095,320.501766784452,130.173144876325,1024.4593639576,416.067137809187,14584.0106007067,9005.25441696113,283,20.9298374411505,17.4250501875851,0.553956078816972,0.940199335548173,0.7075,-0.780200978246378,FAHNSCC_15,HN,1,FAHNSCC_15,stromal cells,,carcinoma_in_situ_FAHNSCC_15_2
24956,28572,5462.24519230769,162.002403846154,72.5649038461538,598.194711538462,18.6442307692308,1259.90144230769,469.043269230769,220.622596153846,952.334134615385,2020.78125,398.084134615385,1101.41346153846,993.800480769231,1565.22836538462,384.396634615385,178.603365384615,1028.93028846154,1235.78365384615,1406.36778846154,382.408653846154,973.786057692308,925.875,306.600961538462,1838.95432692308,575.552884615385,837.766826923077,300.045673076923,127.882211538462,991.540865384615,411.475961538462,14024.0528846154,8968.73798076923,416,29.1026172611497,18.2569858332835,0.778752403408496,0.962962962962963,0.796934865900383,-0.0777562214282104,FAHNSCC_15,HN,1,FAHNSCC_15,tumor cells,,carcinoma_in_situ_FAHNSCC_15_2
24989,28608,8259.12,202.703333333333,92.68,599.536666666667,18.93,2176.04666666667,550.6,225.836666666667,945.77,3249.23,417.8,1558.43333333333,950.87,2363.35333333333,400.593333333333,162.746666666667,981.266666666667,1943.73,760.216666666667,396.41,960.63,1564.53666666667,306.316666666667,1936.48666666667,573.29,1086.42,334.53,122.16,987.66,415.65,13367.79,8917.37666666667,300,21.7684777800692,17.6743994908132,0.583759961842399,0.955414012738854,0.75,0.881997540195365,FAHNSCC_15,HN,1,FAHNSCC_15,tumor cells,,carcinoma_in_situ_FAHNSCC_15_2
25036,28659,19444.6391752577,241.838487972509,91.2577319587629,605.113402061856,224.20618556701,4199.54295532646,551.381443298969,211.920962199313,953.137457044674,6412.52920962199,471.93470790378,200.106529209622,942.285223367698,4548.44329896907,383.536082474227,127.676975945017,1015.15120274914,3581.27147766323,601.886597938144,398.73883161512,943.666666666667,3103.45704467354,327.914089347079,2420.39175257732,792.93470790378,1451.93470790378,320.584192439863,122.652920962199,1022.22336769759,417.910652920962,14582.8350515464,8580.35738831615,291,24.6527751843956,15.1006545067045,0.790444508262235,0.973244147157191,0.808333333333333,0.216535215564842,FAHNSCC_15,HN,1,FAHNSCC_15,stromal cells,,carcinoma_in_situ_FAHNSCC_15_2
25038,28661,18145.7820512821,272.897435897436,79.3820512820513,609.597435897436,298.666666666667,4827.31282051282,736.894871794872,207.151282051282,988.223076923077,6879.11282051282,541.58717948718,154.730769230769,967.292307692308,4971.71282051282,438.507692307692,281.694871794872,1123.19487179487,3669.80512820513,574.930769230769,391.258974358974,978.0,3388.15897435897,271.28717948718,3921.55641025641,691.261538461538,1243.46153846154,297.625641025641,139.794871794872,995.351282051282,413.753846153846,14406.3666666667,8979.85641025641,390,30.8587924739638,16.3764239392986,0.847566580818265,0.942028985507247,0.628019323671498,-0.746876144586087,FAHNSCC_15,HN,1,FAHNSCC_15,stromal cells,,carcinoma_in_situ_FAHNSCC_15_2
25078,28706,29361.8679775281,405.699438202247,112.373595505618,607.193820224719,218.387640449438,6993.64606741573,750.26404494382,238.370786516854,975.539325842697,9767.22752808989,591.463483146068,183.88202247191,994.036516853932,8364.8595505618,523.519662921348,187.851123595506,1388.62640449438,4576.91292134832,625.811797752809,396.089887640449,950.693820224719,4167.45786516854,304.705056179775,7025.76404494382,833.598314606742,1068.97191011236,312.567415730337,121.825842696629,1016.25842696629,410.991573033708,14236.1095505618,9044.29494382022,356,22.9323805593979,19.9297814403333,0.494693920200753,0.956989247311828,0.735537190082645,-0.794949310593549,FAHNSCC_15,HN,1,FAHNSCC_15,stromal cells,,carcinoma_in_situ_FAHNSCC_15_2
25083,28711,11923.8201438849,187.388489208633,86.3597122302158,605.251798561151,84.9136690647482,2484.51079136691,657.597122302158,224.784172661871,957.402877697842,3871.42446043166,598.107913669065,145.669064748201,934.863309352518,3747.05035971223,423.812949640288,150.107913669065,1350.53956834532,2668.52517985612,640.345323741007,408.964028776978,957.848920863309,2537.21582733813,313.755395683453,15939.1438848921,2603.57553956835,1131.34532374101,362.73381294964,130.071942446043,1030.44604316547,418.172661870504,14728.6618705036,8973.26618705036,139,15.1799047483689,11.6762201461609,0.639020998960541,0.945578231292517,0.772222222222222,0.323702576246898,FAHNSCC_15,HN,1,FAHNSCC_15,endothelial cells,,carcinoma_in_situ_FAHNSCC_15_2
25122,28755,7934.26576576577,145.119369369369,75.1283783783784,606.200450450451,10.1801801801802,1887.70495495496,471.09009009009,242.213963963964,957.29054054054,3056.66891891892,397.567567567568,2269.35135135135,1030.60810810811,2458.7972972973,365.88963963964,161.434684684685,1010.81756756757,1772.98873873874,1054.94144144144,410.774774774775,1051.80630630631,1377.7454954955,467.939189189189,2702.95045045045,574.77027027027,977.015765765766,295.797297297297,119.09009009009,990.504504504505,417.585585585586,14105.1734234234,8210.19144144144,444,29.7744075757757,19.1340204624275,0.766174048087628,0.961038961038961,0.711538461538462,-0.641280276381115,FAHNSCC_15,HN,1,FAHNSCC_15,tumor cells,,carcinoma_in_situ_FAHNSCC_15_2
25141,28781,5660.9406779661,176.139830508475,87.1694915254237,596.135593220339,14.4110169491525,1426.76694915254,426.199152542373,213.779661016949,954.970338983051,2222.62288135593,435.415254237288,1371.57627118644,969.775423728814,1670.52118644068,440.618644067797,154.563559322034,1031.04237288136,1287.22881355932,1453.15254237288,385.796610169492,957.766949152543,947.911016949153,261.75,2557.97457627119,580.631355932203,814.724576271187,310.64406779661,123.588983050847,1007.91949152542,411.156779661017,13279.7923728814,9299.81355932203,236,18.6280259463349,16.1776649949502,0.495762104924625,0.947791164658635,0.730650154798762,-0.114788123850762,FAHNSCC_15,HN,1,FAHNSCC_15,tumor cells,,carcinoma_in_situ_FAHNSCC_15_2
25148,28791,21385.4163090129,251.454935622318,85.1845493562232,604.257510729614,117.351931330472,5295.51072961373,800.137339055794,215.270386266094,971.270386266094,7224.74248927039,588.888412017167,188.699570815451,958.18025751073,4778.39055793991,610.896995708155,575.137339055794,1224.10300429185,3668.2017167382,607.699570815451,400.648068669528,967.055793991416,3309.0,271.892703862661,1961.41201716738,1176.9356223176,1342.91845493562,366.828326180258,256.257510729614,1055.48927038627,419.107296137339,13813.1115879828,9497.87553648069,233,23.1750280915173,12.8303120373328,0.832765024681809,0.947154471544715,0.65266106442577,-1.00880701411313,FAHNSCC_15,HN,1,FAHNSCC_15,stromal cells,,carcinoma_in_situ_FAHNSCC_15_2
25152,28795,18917.5201612903,268.415322580645,79.0685483870968,603.112903225807,76.991935483871,4330.18951612903,682.266129032258,232.516129032258,963.407258064516,6265.60483870968,668.245967741936,153.354838709677,966.479838709677,4266.31048387097,443.076612903226,150.899193548387,1377.18951612903,2411.36693548387,632.54435483871,403.245967741936,977.258064516129,1737.23387096774,293.741935483871,9954.31451612903,1525.68548387097,901.076612903226,338.5,126.161290322581,1018.4435483871,412.375,14611.7943548387,9008.5685483871,248,19.6694394886455,16.0615762740943,0.577239084089669,0.96875,0.767801857585139,-0.52842525634698,FAHNSCC_15,HN,1,FAHNSCC_15,stromal cells,,carcinoma_in_situ_FAHNSCC_15_2
25157,28800,9090.65043478261,256.233043478261,85.9130434782609,602.886956521739,359.565217391304,2336.14086956522,1839.62434782609,183.368695652174,950.714782608696,3707.37739130435,388.834782608696,275.76,949.728695652174,2389.29565217391,864.737391304348,454.506086956522,1052.54434782609,1927.49565217391,562.090434782609,382.146086956522,988.869565217391,1329.40347826087,269.158260869565,1954.9252173913,628.146086956522,833.586086956522,280.104347826087,402.189565217391,989.140869565217,410.662608695652,13623.9669565217,9185.56,575,45.4272609279724,16.2057485462096,0.934203479310407,0.948844884488449,0.735294117647059,0.0019257264175058,FAHNSCC_15,HN,1,FAHNSCC_15,M1/M0 macrophages,,carcinoma_in_situ_FAHNSCC_15_2
25161,28804,8171.88768115942,195.382246376812,78.1521739130435,600.766304347826,14.3278985507246,1829.95833333333,436.898550724638,247.170289855072,962.369565217391,2631.53442028986,360.88768115942,1417.89311594203,1341.61050724638,1723.63043478261,332.983695652174,154.958333333333,1111.20652173913,1442.2481884058,788.884057971015,386.032608695652,1088.6231884058,997.525362318841,3014.51086956522,2640.19565217391,575.432971014493,725.963768115942,236.824275362319,107.340579710145,979.644927536232,407.342391304348,13220.240942029,8948.91123188406,552,30.3841060023067,23.1525599465204,0.647582011542319,0.973544973544974,0.761379310344828,1.15115610011011,FAHNSCC_15,HN,1,FAHNSCC_15,Ki67+ tumor cells,,carcinoma_in_situ_FAHNSCC_15_2
25239,28895,7894.18984547461,228.19646799117,83.6181015452539,602.479028697572,27.8719646799117,1903.14790286976,456.525386313466,261.057395143488,954.916114790287,3305.70860927152,404.094922737307,2021.93598233996,965.834437086093,2211.22516556291,436.949227373068,149.090507726269,1109.51876379691,1830.50993377483,1033.65783664459,400.169977924945,1146.79690949227,1214.13465783664,380.573951434879,2116.81456953642,574.342163355408,763.083885209713,250.83885209713,108.596026490066,983.37527593819,411.273730684327,13451.4569536424,8434.29580573951,453,27.7299927581752,20.8158582923192,0.660686167213421,0.961783439490446,0.791958041958042,-0.464695523954282,FAHNSCC_15,HN,1,FAHNSCC_15,tumor cells,,carcinoma_in_situ_FAHNSCC_15_2
25278,28945,8962.07037037037,167.655555555556,71.1259259259259,598.2,16.1296296296296,2092.6962962963,428.481481481482,201.544444444444,945.966666666667,3388.85925925926,363.162962962963,1674.17777777778,1090.31481481481,2641.61111111111,381.218518518519,115.666666666667,1046.17037037037,2369.22962962963,1649.44814814815,394.688888888889,980.088888888889,1968.11481481481,1793.24444444444,2336.10740740741,579.622222222222,1139.31111111111,286.814814814815,114.411111111111,1002.69259259259,413.622222222222,13218.7111111111,8902.52222222222,270,25.9630064889952,13.4699051011916,0.854888692766402,0.931034482758621,0.692307692307692,1.31860996036922,FAHNSCC_15,HN,1,FAHNSCC_15,Ki67+ tumor cells,,carcinoma_in_situ_FAHNSCC_15_2
25330,29007,7911.03012048193,132.590361445783,67.9156626506024,601.719879518072,18.9698795180723,1909.53012048193,462.575301204819,222.102409638554,949.16265060241,2952.90963855422,399.240963855422,915.246987951807,1054.60542168675,2241.99698795181,378.066265060241,151.165662650602,1012.05722891566,1644.0843373494,1285.25,387.789156626506,970.240963855422,1208.9186746988,331.433734939759,2075.19879518072,575.253012048193,864.322289156627,331.102409638554,126.379518072289,1001.19277108434,408.370481927711,13822.4096385542,8843.08132530121,332,26.3793378871978,16.0688307513987,0.793059189587599,0.96231884057971,0.687370600414079,-0.881540191635547,FAHNSCC_15,HN,1,FAHNSCC_15,tumor cells,,carcinoma_in_situ_FAHNSCC_15_2
25358,29038,27979.3768656716,319.634328358209,100.003731343284,607.335820895522,84.1977611940299,6554.91417910448,950.085820895522,241.738805970149,976.388059701493,9712.38432835821,709.929104477612,180.865671641791,956.951492537314,8064.76865671642,543.701492537314,226.858208955224,1263.01119402985,4633.30597014925,645.358208955224,402.332089552239,973.660447761194,4217.17910447761,318.64552238806,9001.41417910448,2176.16417910448,1030.4328358209,307.59328358209,154.294776119403,1027.32089552239,412.813432835821,14349.5037313433,9048.26119402985,268,20.4918165285572,16.7922229046776,0.573136453039717,0.940350877192982,0.744444444444445,-0.346081621108679,FAHNSCC_15,HN,1,FAHNSCC_15,endothelial cells,,carcinoma_in_situ_FAHNSCC_15_2
25364,29045,24789.8085808581,697.518151815182,818.544554455446,606.50495049505,158.277227722772,5443.79867986799,913.864686468647,253.498349834984,1023.92409240924,8124.94059405941,627.204620462046,192.122112211221,952.805280528053,5269.74257425743,558.290429042904,284.019801980198,1086.33333333333,3882.61386138614,687.42904290429,405.419141914191,950.930693069307,3440.51485148515,328.894389438944,2785.29372937294,754.495049504951,1579.98679867987,362.207920792079,153.188118811881,1031.6798679868,419.950495049505,14664.396039604,8667.15511551155,303,21.0487996516481,18.3776132972797,0.487549137541279,0.97741935483871,0.841666666666667,-0.395888834821697,FAHNSCC_15,HN,1,FAHNSCC_15,regulatory T cells,,carcinoma_in_situ_FAHNSCC_15_2
25370,29052,20044.4261603376,298.535864978903,92.6371308016878,610.852320675106,189.274261603376,5734.56540084388,740.932489451477,222.616033755274,959.054852320675,7925.96202531646,560.485232067511,179.945147679325,946.405063291139,6607.74683544304,515.417721518987,203.320675105485,1031.05907172996,6105.56540084388,634.582278481013,436.603375527426,978.700421940928,6132.93670886076,277.021097046414,1467.32067510549,618.548523206751,2690.51476793249,367.641350210971,141.95358649789,1016.28691983122,426.135021097046,13953.9789029536,9492.4641350211,237,26.2934482515763,11.5419926454661,0.898502505626311,0.948,0.566985645933014,-0.859205891873892,FAHNSCC_15,HN,1,FAHNSCC_15,stromal cells,,carcinoma_in_situ_FAHNSCC_15_2
25402,29088,10479.8257372654,157.474530831099,82.0536193029491,601.605898123324,33.7131367292225,2553.01608579088,858.530831099196,207.906166219839,954.941018766756,4296.1018766756,422.60053619303,1169.7345844504,1022.07506702413,3477.97855227882,405.809651474531,143.581769436997,1065.16353887399,2679.4691689008,1398.60857908847,394.611260053619,966.994638069705,2348.75871313673,602.836461126005,2610.74798927614,573.198391420912,1382.17426273458,319.906166219839,133.922252010724,1020.49329758713,420.520107238606,13466.9571045576,8693.78016085791,373,25.5043751014833,18.8860066441413,0.672055629927406,0.9325,0.710476190476191,0.381667071512807,FAHNSCC_15,HN,1,FAHNSCC_15,tumor cells,,carcinoma_in_situ_FAHNSCC_15_2
25454,29145,11928.3088235294,196.844117647059,81.9529411764706,597.670588235294,19.5558823529412,3084.11176470588,485.385294117647,199.408823529412,951.05,4432.63823529412,413.411764705882,1343.38235294118,981.555882352941,3409.02941176471,410.691176470588,130.041176470588,987.582352941176,2933.90588235294,1101.60882352941,386.079411764706,961.147058823529,2746.0,2240.62352941176,1879.77352941177,577.8,1374.75,321.329411764706,123.711764705882,1007.39705882353,414.905882352941,14110.9352941176,9071.38529411765,340,23.3846901026751,18.5404786450249,0.609420889849759,0.963172804532578,0.772727272727273,0.548654907445684,FAHNSCC_15,HN,1,FAHNSCC_15,Ki67+ tumor cells,,carcinoma_in_situ_FAHNSCC_15_2
25510,29209,10747.1436170213,204.436170212766,90.9202127659574,605.920212765957,70.7712765957447,2628.44680851064,810.654255319149,209.308510638298,975.88829787234,4084.63829787234,523.670212765957,161.489361702128,956.372340425532,2259.93085106383,514.542553191489,1120.95212765957,1227.70212765957,1762.90957446809,631.75,413.984042553192,2435.62765957447,1189.98936170213,386.888297872341,6427.98936170213,1247.54787234043,917.090425531915,328.43085106383,195.313829787234,1046.54787234043,412.260638297872,14679.5,8631.20212765958,188,16.895668051303,14.1695564034029,0.544670305295808,0.944723618090452,0.789915966386555,0.0624692279993067,FAHNSCC_15,HN,1,FAHNSCC_15,B cells,,carcinoma_in_situ_FAHNSCC_15_2
25542,29245,8189.55648535565,114.050209205021,72.3807531380753,598.389121338912,20.6192468619247,1694.31380753138,467.10460251046,202.489539748954,953.970711297071,2694.66527196653,429.556485355649,1471.2050209205,976.188284518828,2459.32635983264,365.439330543933,139.359832635983,1050.80753138075,1838.1589958159,1330.40585774059,387.133891213389,949.041841004184,1444.1589958159,776.924686192469,3106.92887029289,578.748953974895,1010.69874476987,300.610878661088,116.054393305439,1013.1589958159,415.652719665272,14037.9539748954,8674.56066945607,239,18.796086574716,16.265684829762,0.501122877065377,0.967611336032389,0.781045751633987,-1.24121372426211,FAHNSCC_15,HN,1,FAHNSCC_15,Ki67+ tumor cells,,carcinoma_in_situ_FAHNSCC_15_2
25578,29285,24103.1779661017,478.122881355932,137.889830508475,608.677966101695,68.9152542372881,6046.84322033898,736.741525423729,246.805084745763,962.487288135593,8471.61016949153,553.368644067797,189.194915254237,952.389830508475,7734.58898305085,554.542372881356,181.978813559322,1065.86440677966,6707.24576271187,663.550847457627,410.533898305085,957.43220338983,7174.15677966102,341.491525423729,4186.80084745763,805.326271186441,3085.30508474576,483.737288135593,151.889830508475,1057.09745762712,436.682203389831,13907.9788135593,9548.13983050848,236,19.6414733662015,15.2957607732687,0.627336704325204,0.97119341563786,0.828070175438597,-1.37888508592066,FAHNSCC_15,HN,1,FAHNSCC_15,Unknown,,carcinoma_in_situ_FAHNSCC_15_2
25588,29298,11534.432748538,192.16081871345,70.7514619883041,603.257309941521,15.0994152046784,2921.54385964912,538.450292397661,241.06432748538,953.853801169591,4737.86257309942,437.675438596491,2184.20467836257,975.842105263158,3732.31578947368,377.356725146199,155.415204678363,967.24269005848,2777.37719298246,799.152046783626,398.450292397661,1014.39766081871,2259.17543859649,360.997076023392,2049.80409356725,578.266081871345,1404.74561403509,330.587719298246,121.938596491228,987.312865497076,418.654970760234,14341.9473684211,8458.84502923977,342,24.8454505826191,17.6822219741986,0.70249515965309,0.955307262569832,0.743478260869565,0.483253512913418,FAHNSCC_15,HN,1,FAHNSCC_15,tumor cells,,carcinoma_in_situ_FAHNSCC_15_2
25596,29308,8902.83660130719,287.845315904139,90.0762527233115,604.165577342048,7.7037037037037,2009.40740740741,525.093681917211,275.727668845316,960.002178649238,3279.84967320261,438.840958605664,2734.6862745098,990.167755991285,2762.16339869281,381.226579520697,177.108932461874,1000.6862745098,2074.7559912854,929.932461873638,423.710239651416,1018.0522875817,1605.24836601307,329.910675381264,2159.58605664488,572.335511982571,984.806100217865,299.967320261438,115.337690631808,984.474945533769,416.851851851852,13295.8758169935,8334.41176470588,459,25.7228184714383,22.7607654896553,0.465881233067641,0.964285714285714,0.735576923076923,0.928204448786108,FAHNSCC_15,HN,1,FAHNSCC_15,tumor cells,,carcinoma_in_situ_FAHNSCC_15_2
25613,29325,17091.4638554217,341.301204819277,93.4939759036145,605.987951807229,219.439759036145,3892.29518072289,2417.61445783133,199.939759036145,950.620481927711,5999.30722891566,424.39156626506,271.21686746988,940.548192771084,3822.5843373494,830.487951807229,1067.61445783133,944.186746987952,3625.86144578313,568.506024096386,379.518072289157,959.451807228916,2959.75301204819,315.849397590361,1192.71686746988,610.596385542169,1646.0421686747,318.909638554217,394.361445783133,986.385542168675,414.102409638554,13636.9096385542,9045.77710843374,166,23.3512293609384,9.25733051865075,0.918061203770373,0.954022988505747,0.721739130434783,0.227486734343236,FAHNSCC_15,HN,1,FAHNSCC_15,M1/M0 macrophages,,carcinoma_in_situ_FAHNSCC_15_2
25649,29366,15577.2648514851,329.574257425743,104.279702970297,604.935643564356,180.915841584158,3137.89108910891,9890.84158415842,212.059405940594,970.116336633663,4380.74257425743,2384.61881188119,260.09900990099,970.851485148515,3189.0396039604,847.056930693069,406.467821782178,1195.89603960396,2086.2202970297,584.871287128713,390.341584158416,980.289603960396,1614.11881188119,242.027227722772,3613.4504950495,703.329207920792,871.638613861386,326.029702970297,286.094059405941,1021.10643564356,410.544554455446,13917.4975247525,9738.84405940594,404,27.3152709105908,18.8569829890788,0.723479546481675,0.968824940047962,0.73992673992674,-1.09578339180136,FAHNSCC_15,HN,1,FAHNSCC_15,M2 macrophages,,carcinoma_in_situ_FAHNSCC_15_2
25653,29372,25286.0753968254,541.142857142857,131.952380952381,610.174603174603,133.460317460317,6475.75,970.02380952381,256.630952380952,992.984126984127,9692.5753968254,722.301587301587,202.373015873016,967.190476190476,6445.26984126984,464.623015873016,209.464285714286,1238.61111111111,4674.15476190476,720.0,422.5,961.09126984127,3813.83333333333,322.623015873016,3581.87698412698,746.218253968254,1045.23015873016,315.706349206349,145.793650793651,1027.97222222222,412.876984126984,14692.996031746,8793.42063492063,252,19.705745274747,16.2918335371517,0.562561394223885,0.969230769230769,0.823529411764706,-0.600816724193103,FAHNSCC_15,HN,1,FAHNSCC_15,stromal cells,,carcinoma_in_situ_FAHNSCC_15_2
25715,29445,12401.576744186,151.186046511628,73.7860465116279,602.004651162791,26.6511627906977,2970.9023255814,500.111627906977,237.332558139535,949.723255813954,4709.69302325581,428.890697674419,719.239534883721,989.458139534884,3243.44418604651,400.867441860465,147.093023255814,1055.13023255814,2509.77906976744,1197.82325581395,387.272093023256,1044.38837209302,1933.38372093023,481.893023255814,2749.72093023256,577.439534883721,972.379069767442,284.683720930233,114.727906976744,1001.0511627907,410.109302325581,13660.8,8895.56976744186,430,28.7394537282081,19.1606516233628,0.745324377195742,0.953436807095344,0.688,-0.840550066583628,FAHNSCC_15,HN,1,FAHNSCC_15,tumor cells,,carcinoma_in_situ_FAHNSCC_15_2
25744,29483,8505.63961813842,141.673031026253,64.9498806682578,603.801909307876,14.3007159904535,2235.85680190931,494.620525059666,226.866348448687,944.832935560859,3665.31503579952,431.852028639618,1067.19809069212,990.031026252983,2729.8830548926,395.231503579952,168.417661097852,1017.07398568019,2108.79474940334,1247.80190930788,402.792362768497,1066.02863961814,1608.14319809069,518.241050119332,2440.64200477327,574.45584725537,1067.52267303103,321.565632458234,123.310262529833,1006.88066825776,416.782816229117,13811.5704057279,8449.63245823389,419,28.9524795010785,18.433654663665,0.771122701328554,0.965437788018433,0.775925925925926,-0.0036127854740322,FAHNSCC_15,HN,1,FAHNSCC_15,tumor cells,,carcinoma_in_situ_FAHNSCC_15_2
25761,29501,4263.98876404494,146.337078651685,76.2247191011236,600.947565543071,59.8988764044944,1028.67790262172,746.801498127341,178.973782771536,947.906367041199,1800.04868913858,344.112359550562,1721.34831460674,977.385767790262,1365.37453183521,402.063670411985,119.591760299625,1020.22471910112,1493.96629213483,2150.04119850187,381.591760299626,960.722846441948,1291.21348314607,266.790262172285,2009.51685393258,578.838951310861,926.59925093633,284.385767790262,118.209737827715,991.25468164794,413.955056179775,13466.9026217228,9313.86891385768,267,20.6965772152014,16.43932027532,0.607523896295836,0.953571428571429,0.785294117647059,1.14374638818843,FAHNSCC_15,HN,1,FAHNSCC_15,tumor cells,,carcinoma_in_situ_FAHNSCC_15_2
25817,29570,11724.2113502935,180.213307240705,85.7827788649707,603.240704500979,23.8786692759296,3047.1252446184,485.248532289628,250.285714285714,956.405088062622,4261.228962818,412.500978473581,765.131115459883,1161.65949119374,3287.02152641879,442.455968688845,160.13698630137,1048.57142857143,2394.34833659491,1171.78864970646,387.225048923679,1036.27201565558,2020.62035225049,422.518590998043,2201.15068493151,578.183953033268,901.454011741683,306.275929549902,116.001956947162,996.962818003914,412.19373776908,14005.6575342466,9340.82191780822,511,33.1684979566655,19.7184456763707,0.80410065557749,0.958724202626642,0.686827956989247,-0.478536933203756,FAHNSCC_15,HN,1,FAHNSCC_15,tumor cells,,carcinoma_in_situ_FAHNSCC_15_2
25880,29641,9257.81865284974,242.766839378238,103.279792746114,615.911917098446,308.295336787565,2087.89119170984,515.746113989637,206.367875647668,943.134715025907,3523.75129533679,442.709844559586,333.875647668394,947.740932642487,2808.36787564767,398.740932642487,215.958549222798,1001.25388601036,1279.90155440415,691.170984455959,418.181347150259,1025.26943005181,1473.37305699482,350.103626943005,2276.15544041451,582.787564766839,962.9896373057,314.704663212435,144.435233160622,992.772020725389,417.19689119171,13720.310880829,8314.85492227979,193,24.5950117964864,10.116431196215,0.911490807166086,0.919047619047619,0.701818181818182,-0.0640612072796921,FAHNSCC_15,HN,1,FAHNSCC_15,stromal cells,,carcinoma_in_situ_FAHNSCC_15_2
25882,29643,9807.5153256705,154.053639846743,73.3697318007663,597.83908045977,17.7126436781609,2527.97892720307,502.153256704981,212.224137931034,951.252873563218,3856.78927203065,447.986590038314,1013.44636015326,1070.86398467433,3279.64176245211,428.086206896552,144.507662835249,1063.45019157088,2257.36973180077,1194.3122605364,389.741379310345,1028.53639846743,1963.53831417624,881.900383141762,2019.94252873563,577.785440613027,998.314176245211,294.624521072797,119.45785440613,1019.7662835249,413.551724137931,13689.7567049808,9014.34099616859,522,28.7288945940346,23.6516096134503,0.567651371627169,0.96309963099631,0.805555555555556,-0.472007871267518,FAHNSCC_15,HN,1,FAHNSCC_15,Ki67+ tumor cells,,carcinoma_in_situ_FAHNSCC_15_2
25946,29717,7728.54156171285,147.874055415617,63.9345088161209,598.977329974811,19.4760705289673,1983.79093198992,588.289672544081,187.168765743073,947.856423173804,3096.67002518892,379.478589420655,1717.66750629723,975.828715365239,2360.86146095718,407.345088161209,125.198992443325,1020.99244332494,2247.12090680101,1708.11335012594,392.954659949622,972.329974811083,1920.01259445844,1680.04282115869,1583.51889168766,575.47355163728,1126.74307304786,289.037783375315,120.125944584383,1013.42065491184,413.065491183879,13182.5289672544,9070.88664987406,397,36.2609794003522,13.9778687062196,0.922716348320236,0.942992874109264,0.735185185185185,-1.43868185370603,FAHNSCC_15,HN,1,FAHNSCC_15,Ki67+ tumor cells,,carcinoma_in_situ_FAHNSCC_15_2
25957,29729,8580.73178807947,179.009933774834,92.5993377483444,620.566225165563,1153.72185430464,2045.03973509934,705.046357615894,186.248344370861,952.715231788079,3267.06291390729,413.801324503311,181.019867549669,963.983443708609,2416.06953642384,396.245033112583,196.397350993377,1013.22516556291,2361.95695364238,564.082781456954,383.079470198676,967.264900662252,2141.72185430464,243.771523178808,2521.63907284768,609.350993377483,1006.48013245033,296.480132450331,122.264900662252,1003.24503311258,411.115894039735,13692.9701986755,9441.34105960265,302,20.3360897223066,18.9117474384972,0.367661029351816,0.964856230031949,0.794736842105263,0.0029090968828075,FAHNSCC_15,HN,1,FAHNSCC_15,stromal cells,,carcinoma_in_situ_FAHNSCC_15_2
26040,29825,17386.2786069652,279.129353233831,97.1442786069652,602.885572139304,117.393034825871,4223.09452736318,687.233830845771,205.089552238806,971.373134328358,6133.0447761194,594.462686567164,147.189054726368,953.73631840796,3668.67164179104,410.980099502488,200.149253731343,1129.27860696517,3126.60696517413,578.716417910448,404.218905472637,966.845771144279,2249.78606965174,251.865671641791,1649.02487562189,705.308457711443,980.666666666667,317.741293532338,177.308457711443,1039.60696517413,412.656716417911,14658.7412935323,9160.86567164179,201,22.3023209764799,11.5415383619072,0.855680840386937,0.943661971830986,0.62037037037037,-0.81329996569435,FAHNSCC_15,HN,1,FAHNSCC_15,stromal cells,,carcinoma_in_situ_FAHNSCC_15_2
26073,29861,11684.5740181269,361.160120845921,112.679758308157,596.577039274925,16.4229607250755,2723.04833836858,528.897280966767,228.0,959.510574018127,4237.89728096677,413.706948640483,2450.96978851964,1044.98489425982,2560.63746223565,382.667673716012,148.166163141994,1050.24471299094,2159.97583081571,908.652567975831,385.972809667674,1053.15407854985,1530.66465256798,340.604229607251,1603.77945619335,577.803625377644,754.172205438067,241.323262839879,105.622356495468,975.78247734139,409.776435045317,13464.4833836858,9007.2749244713,331,25.7559749037453,16.4045068986811,0.770929537382453,0.953890489913545,0.735555555555556,-0.329008184443835,FAHNSCC_15,HN,1,FAHNSCC_15,tumor cells,,carcinoma_in_situ_FAHNSCC_15_2
26133,29925,6161.77955271566,188.41214057508,78.9488817891374,602.287539936102,10.4217252396166,1340.45686900958,452.463258785943,228.105431309904,951.361022364217,2205.23961661342,456.760383386582,2079.93290734824,971.591054313099,1843.58785942492,461.712460063898,148.099041533546,972.632587859425,1414.38977635783,2357.07028753994,418.492012779553,1047.45686900958,1073.44728434505,1502.52715654952,5284.25239616614,573.536741214058,887.233226837061,337.575079872204,126.217252396166,1016.74440894569,415.392971246006,14375.4728434505,8144.23322683706,313,23.9562496246846,16.8117375217413,0.7124052200535,0.954268292682927,0.767156862745098,0.230331542587044,FAHNSCC_15,HN,1,FAHNSCC_15,Ki67+ tumor cells,,carcinoma_in_situ_FAHNSCC_15_2
26169,29965,8195.3064516129,264.391705069124,92.9216589861751,601.052995391705,16.3847926267281,1887.21889400922,453.661290322581,232.1866359447,955.115207373272,2884.83179723502,366.65668202765,3618.96082949309,1058.90092165899,2025.39400921659,368.092165898618,142.958525345622,1032.55760368664,1630.87557603687,981.677419354839,380.359447004608,1086.11059907834,1157.85023041475,349.112903225806,1519.64746543779,573.202764976959,719.633640552995,232.926267281106,105.730414746544,977.963133640553,405.903225806452,13496.9585253456,8972.61751152074,434,30.0270136506854,18.4138555907246,0.789894320082385,0.970917225950783,0.695512820512821,0.868243186525689,FAHNSCC_15,HN,1,FAHNSCC_15,tumor cells,,carcinoma_in_situ_FAHNSCC_15_2
26174,29971,6154.425,105.491666666667,64.0,598.9375,17.675,1522.5375,392.033333333333,207.5,952.166666666667,2381.5,413.583333333333,748.25,1026.425,1801.54166666667,366.9625,144.725,993.608333333333,1327.84583333333,1348.75,383.691666666667,976.6625,1067.64583333333,452.841666666667,2201.00416666667,577.033333333333,759.775,271.970833333333,113.083333333333,1009.72916666667,407.141666666667,13696.6583333333,9255.65416666667,240,18.3288702680947,16.7631876187018,0.404408793789317,0.963855421686747,0.784313725490196,0.1884271644968,FAHNSCC_15,HN,1,FAHNSCC_15,tumor cells,,carcinoma_in_situ_FAHNSCC_15_2
26182,29980,7192.328,280.464,111.004,604.472,9.876,1618.76,475.544,216.748,947.92,2540.268,406.664,2964.268,1016.828,2190.208,376.476,148.988,1009.864,1653.196,1484.132,414.404,1004.528,1137.148,338.332,1816.9,574.36,889.776,309.488,116.692,994.316,416.796,13763.54,8194.068,250,19.6547702753855,16.1866124134058,0.567249124466947,0.972762645914397,0.822368421052632,0.257801022195336,FAHNSCC_15,HN,1,FAHNSCC_15,tumor cells,,carcinoma_in_situ_FAHNSCC_15_2
26217,30021,7719.3725,134.8725,66.965,603.76,275.72,2044.8975,429.09,183.745,951.97,3125.225,423.21,134.0725,949.495,2324.705,385.5275,128.73,1073.7,2098.0175,493.32,409.49,953.36,1900.6475,208.4075,1572.6525,812.7675,1021.955,280.7725,137.2825,1000.02,412.1225,14517.675,9311.2925,400,27.3024689110293,18.6814424325927,0.729256859425169,0.956937799043062,0.727272727272727,-0.682097684164834,FAHNSCC_15,HN,1,FAHNSCC_15,stromal cells,,carcinoma_in_situ_FAHNSCC_15_2
26227,30031,13689.56,250.885714285714,95.7314285714286,607.84,259.868571428571,3617.02857142857,579.377142857143,206.262857142857,953.691428571429,5260.05142857143,505.0,140.714285714286,937.542857142857,4005.50857142857,395.365714285714,377.325714285714,1146.8,3334.07428571429,559.354285714286,1020.95428571429,968.262857142857,2737.72,258.057142857143,2452.14857142857,782.32,1153.71428571429,294.217142857143,122.537142857143,998.022857142857,409.085714285714,14685.72,9069.37714285714,175,18.890310781109,11.9097906654633,0.776212910590201,0.935828877005348,0.694444444444444,-1.10007090119765,FAHNSCC_15,HN,1,FAHNSCC_15,stromal cells,,carcinoma_in_situ_FAHNSCC_15_2
26261,30068,31916.400621118,402.450310559006,137.055900621118,627.083850931677,792.406832298137,7416.24223602485,687.310559006211,230.708074534161,1029.38819875776,10836.4068322981,645.152173913044,235.260869565217,952.888198757764,7408.20186335404,888.055900621118,341.239130434783,1063.05279503106,5070.5900621118,665.152173913044,398.695652173913,968.400621118012,3699.9751552795,346.844720496894,2021.4751552795,580.953416149068,1278.60559006211,314.88198757764,129.748447204969,1004.12732919255,411.478260869565,14200.9130434783,8708.98447204969,322,29.0905193065485,14.1325385849445,0.874063036812006,0.964071856287425,0.609848484848485,0.856212836272686,FAHNSCC_15,HN,1,FAHNSCC_15,stromal cells,,carcinoma_in_situ_FAHNSCC_15_2
26264,30072,7507.97977941177,166.966911764706,75.2996323529412,595.430147058824,18.6378676470588,1778.94301470588,467.130514705882,235.148897058824,960.084558823529,2905.08272058824,463.939338235294,934.275735294118,990.303308823529,2234.95955882353,421.044117647059,158.591911764706,1090.25919117647,1489.83823529412,935.744485294118,385.659926470588,984.838235294118,1076.70955882353,722.075367647059,2194.93933823529,574.935661764706,815.930147058824,271.992647058824,111.966911764706,1002.35110294118,408.922794117647,13555.1066176471,8975.21323529412,544,28.3327651387102,24.5043400409063,0.501984865358814,0.973166368515206,0.750344827586207,0.270782997509313,FAHNSCC_15,HN,1,FAHNSCC_15,tumor cells,,carcinoma_in_situ_FAHNSCC_15_2
26313,30130,12001.0359116022,138.168508287293,75.1961325966851,602.019337016575,31.853591160221,2880.11049723757,522.906077348066,250.129834254144,954.433701657458,4454.69337016575,415.367403314917,1112.55248618785,1073.35082872928,3136.14364640884,397.425414364641,156.022099447514,1053.38674033149,2579.79281767956,925.582872928177,395.906077348066,994.259668508287,1971.63259668508,336.914364640884,2311.27624309392,574.759668508287,1084.80386740331,315.828729281768,122.881215469613,1000.24585635359,411.058011049724,13814.182320442,8820.85359116022,362,24.3094070256803,19.0596912892319,0.620702829238918,0.957671957671958,0.793859649122807,-0.148619096496979,FAHNSCC_15,HN,1,FAHNSCC_15,tumor cells,,carcinoma_in_situ_FAHNSCC_15_2
26346,30171,7833.41435562806,188.657422512235,80.1566068515498,599.481239804242,10.8433931484502,1824.51060358891,453.969004893964,256.035889070147,963.151712887439,2998.15660685155,423.171288743883,1984.23491027732,986.287112561175,2449.47471451876,398.185970636215,156.969004893964,1035.18597063622,1903.60032626427,2277.22022838499,412.551386623165,1145.38825448613,1282.13376835237,1012.49102773246,2372.84339314845,570.877650897227,918.119086460033,299.595432300163,116.323001631321,999.10766721044,414.960848287113,13747.2626427406,8258.02283849918,613,31.8064832124299,24.6298341287093,0.632738901770737,0.973015873015873,0.743030303030303,0.109480849902667,FAHNSCC_15,HN,1,FAHNSCC_15,Ki67+ tumor cells,,carcinoma_in_situ_FAHNSCC_15_2
26399,30236,8440.75792507205,281.233429394813,106.4265129683,638.403458213257,10.178674351585,1859.22766570605,534.360230547551,240.472622478386,959.481268011527,2881.94524495677,465.256484149856,1175.25360230548,987.688760806916,2626.42074927954,455.187319884726,165.28530259366,967.92507204611,1885.34005763689,1535.01729106628,421.011527377522,998.020172910663,1439.78962536023,384.593659942363,4346.47550432277,576.994236311239,1075.17291066282,359.432276657061,130.265129682997,1012.81268011527,419.587896253602,14177.3804034582,8191.46109510086,347,29.23668378995,15.1866625669818,0.854507767145534,0.953296703296703,0.826190476190476,-0.0582620124344473,FAHNSCC_15,HN,1,FAHNSCC_15,tumor cells,,carcinoma_in_situ_FAHNSCC_15_2
26401,30238,17811.8484848485,477.843434343434,1135.59090909091,611.212121212121,265.156565656566,4136.07575757576,554.555555555556,207.217171717172,964.282828282828,5862.17171717172,456.540404040404,335.681818181818,950.242424242424,4211.57575757576,852.015151515152,202.525252525253,1133.0101010101,3021.36868686869,669.863636363636,393.348484848485,975.19696969697,2454.15151515152,265.585858585859,728.085858585859,577.176767676768,864.39898989899,258.131313131313,113.944444444444,981.606060606061,410.055555555556,13535.3535353535,9391.85353535354,198,19.4378262635183,13.0217225306347,0.742436358000829,0.965853658536585,0.727941176470588,-0.766866527952456,FAHNSCC_15,HN,1,FAHNSCC_15,Unknown,,carcinoma_in_situ_FAHNSCC_15_2
26405,30242,4239.71428571429,200.460714285714,82.1821428571429,607.217857142857,24.0142857142857,961.110714285714,430.189285714286,212.478571428571,952.839285714286,1763.13928571429,400.542857142857,2738.96071428571,955.9,1698.72142857143,389.703571428571,121.7,993.675,1536.57857142857,1388.92142857143,401.932142857143,952.303571428571,1132.03571428571,430.346428571429,2764.88571428571,573.403571428572,973.092857142857,317.357142857143,119.689285714286,1010.18571428571,416.839285714286,13727.2571428571,8244.27857142857,280,21.5188504915262,16.5825914388996,0.637309818356598,0.968858131487889,0.777777777777778,-0.574950028384079,FAHNSCC_15,HN,1,FAHNSCC_15,tumor cells,,carcinoma_in_situ_FAHNSCC_15_2
26438,30280,13600.5714285714,248.706766917293,92.6967418546366,599.84962406015,15.5789473684211,2379.82456140351,670.932330827068,225.809523809524,945.112781954887,4589.04010025063,402.759398496241,1817.64661654135,1054.21303258145,3113.60902255639,358.408521303258,153.122807017544,1050.40100250627,2376.3709273183,770.303258145363,393.974937343358,1027.53884711779,1831.23558897243,314.902255639098,1741.88220551378,577.007518796993,909.889724310777,256.363408521303,113.06015037594,981.611528822055,409.208020050125,13309.0200501253,8778.43609022556,399,25.0559733117908,20.2996623769176,0.586191437432623,0.959134615384615,0.76,0.410233072748268,FAHNSCC_15,HN,1,FAHNSCC_15,tumor cells,,carcinoma_in_situ_FAHNSCC_15_2
26527,30379,8264.76029962547,133.217228464419,66.8052434456929,602.003745318352,91.5318352059925,2095.23220973783,951.644194756554,181.34456928839,947.520599250936,3454.23220973783,383.63670411985,807.131086142322,952.595505617978,2825.70786516854,654.861423220974,784.453183520599,1065.60299625468,2477.55805243446,1115.76029962547,382.47191011236,971.486891385768,2022.64794007491,281.625468164794,3516.60299625468,598.052434456929,1161.65168539326,287.868913857678,1196.94382022472,1019.63670411985,413.846441947566,14015.9550561798,8926.92134831461,267,20.950272213873,16.2682258449713,0.630097282542519,0.963898916967509,0.747899159663866,1.20972965405148,FAHNSCC_15,HN,1,FAHNSCC_15,other APCs,,carcinoma_in_situ_FAHNSCC_15_2
26593,30452,10467.3669724771,240.064220183486,80.7889908256881,596.885321100917,19.1788990825688,2316.11009174312,532.894495412844,209.779816513761,945.51376146789,3657.31651376147,442.623853211009,1762.56880733945,941.766055045872,3087.28440366972,406.408256880734,154.394495412844,970.559633027523,2683.93577981651,870.133027522936,396.192660550459,955.362385321101,2420.5504587156,524.215596330275,2061.94495412844,576.091743119266,1515.55963302752,366.454128440367,133.018348623853,991.614678899083,420.169724770642,14125.6926605505,8736.47706422018,218,18.7664167110115,14.7899368965963,0.615538775918846,0.968888888888889,0.807407407407408,0.262082937163525,FAHNSCC_15,HN,1,FAHNSCC_15,tumor cells,,carcinoma_in_situ_FAHNSCC_15_2
26618,30483,16146.4757281553,372.029126213592,1389.11650485437,609.003236245955,186.145631067961,3517.55663430421,629.851132686084,210.569579288026,1048.95792880259,4932.80258899676,533.870550161812,184.669902912621,953.893203883495,3822.99676375405,695.016181229774,402.84142394822,1168.35598705502,2709.14886731392,585.326860841424,409.760517799353,1021.51132686084,2308.3786407767,968.203883495146,1660.30420711974,726.022653721683,1074.14239482201,373.343042071197,250.663430420712,1046.33980582524,417.504854368932,13997.1844660194,9535.45631067961,309,25.2724623398366,15.8835617645141,0.777815365858936,0.944954128440367,0.671739130434783,-1.00090765652979,FAHNSCC_15,HN,1,FAHNSCC_15,Unknown,,carcinoma_in_situ_FAHNSCC_15_2
26732,30616,15552.3055555556,263.472222222222,103.266666666667,611.922222222222,487.094444444444,3338.91111111111,586.5,215.961111111111,989.483333333333,4855.60555555556,529.783333333333,525.888888888889,950.844444444444,3423.49444444444,599.744444444444,207.011111111111,957.138888888889,2539.85,856.744444444444,411.866666666667,955.45,2018.4,400.316666666667,1881.91666666667,588.55,1117.70555555556,310.222222222222,119.027777777778,986.961111111111,416.211111111111,14327.0277777778,8204.60555555556,180,19.9415795129719,11.5474148294703,0.815283369678561,0.967741935483871,0.728744939271255,1.15239520532476,FAHNSCC_15,HN,1,FAHNSCC_15,tumor cells,,carcinoma_in_situ_FAHNSCC_15_2
26818,30720,18015.6766169154,317.572139303483,112.1592039801,604.686567164179,345.054726368159,4171.7263681592,806.194029850746,215.935323383084,1010.1592039801,5890.99502487562,653.268656716418,180.457711442786,945.532338308458,3241.18905472637,606.850746268657,580.233830845771,998.412935323383,2474.49751243781,598.004975124378,397.417910447761,943.169154228856,1635.98009950249,339.004975124378,1694.97512437811,620.646766169154,843.442786069652,278.900497512438,181.10447761194,982.781094527363,413.741293532338,14721.3184079602,8512.87064676617,201,18.3472709118037,13.9635358412826,0.648671141421115,0.961722488038278,0.797619047619048,0.23711436753633,FAHNSCC_15,HN,1,FAHNSCC_15,stromal cells,,carcinoma_in_situ_FAHNSCC_15_2
26840,30743,44314.4029850746,650.980099502488,1234.76119402985,603.199004975124,181.641791044776,9722.09950248757,787.621890547264,253.601990049751,1007.99502487562,13730.1094527363,630.865671641791,567.099502487562,952.960199004975,7607.86069651741,482.880597014925,183.706467661692,972.756218905473,6496.25870646766,692.199004975124,404.766169154229,951.621890547264,5702.23880597015,357.1592039801,1661.93034825871,692.52736318408,2242.36815920398,352.626865671642,159.905472636816,1015.18905472637,420.651741293532,14627.5422885572,8547.87064676617,201,21.7765683967308,11.9539815495554,0.835863201495901,0.943661971830986,0.702797202797203,0.297969611871102,FAHNSCC_15,HN,1,FAHNSCC_15,regulatory T cells,,carcinoma_in_situ_FAHNSCC_15_2
26890,30800,22396.7519379845,382.604651162791,111.06976744186,601.37984496124,116.329457364341,5391.16279069768,996.658914728682,217.87984496124,972.131782945736,7603.34496124031,539.856589147287,178.31007751938,959.759689922481,6842.27131782946,433.027131782946,170.395348837209,1050.51162790698,6374.18217054264,616.019379844961,400.852713178295,959.348837209302,6238.31782945736,278.248062015504,1147.98062015504,659.488372093023,2544.51162790698,358.895348837209,142.073643410853,1015.2480620155,420.972868217054,14099.5271317829,9681.2519379845,258,19.9532203822323,16.7185023533178,0.545846929191509,0.962686567164179,0.754385964912281,-0.858242199862324,FAHNSCC_15,HN,1,FAHNSCC_15,stromal cells,,carcinoma_in_situ_FAHNSCC_15_2
26955,30874,33057.4147465438,487.617511520737,141.714285714286,605.73732718894,210.728110599078,8583.67741935484,856.078341013825,269.47465437788,961.281105990783,12856.9447004608,622.276497695853,180.608294930876,942.396313364055,9022.9400921659,462.281105990783,229.046082949309,1162.84331797235,9076.72811059908,751.161290322581,424.953917050691,962.387096774194,9000.01843317972,384.760368663595,5953.85714285714,1168.3133640553,3630.1797235023,422.764976958525,161.382488479263,1045.00460829493,441.032258064516,14648.6866359447,8604.03225806452,217,20.7927710918662,13.3795725142872,0.765469386731671,0.951754385964912,0.723333333333333,0.271349999800657,FAHNSCC_15,HN,1,FAHNSCC_15,stromal cells,,carcinoma_in_situ_FAHNSCC_15_2
26972,30895,15519.9496567506,268.762013729977,89.9244851258581,600.562929061785,233.601830663616,3648.21510297483,3014.79405034325,200.306636155606,951.265446224256,5336.90846681922,511.718535469108,204.796338672769,948.556064073227,3952.86727688787,501.711670480549,536.645308924485,980.562929061785,3184.47826086957,550.237986270023,379.54233409611,992.594965675057,2970.67734553776,260.562929061785,1943.71624713959,633.70709382151,1345.87414187643,302.121281464531,323.025171624714,998.407322654462,414.128146453089,14081.4050343249,9321.10297482837,437,24.7267866864335,22.6390891237767,0.40216002183538,0.964679911699779,0.76,-1.39572734187179,FAHNSCC_15,HN,1,FAHNSCC_15,M1/M0 macrophages,,carcinoma_in_situ_FAHNSCC_15_2
27008,30936,6480.7946210269,125.601466992665,76.3691931540342,597.921760391198,11.8019559902201,1341.69682151589,545.097799511002,245.151589242054,966.726161369193,2062.22004889976,380.757946210269,2236.20537897311,1134.86797066015,1771.99511002445,391.567237163814,147.40586797066,1016.79951100245,1340.83129584352,2005.25183374083,408.18826405868,1096.16381418093,934.349633251834,1394.88019559902,1243.29828850856,573.256723716381,773.232273838631,270.229828850856,113.154034229829,992.041564792176,413.728606356968,13369.2078239609,8192.22249388753,409,29.2526340462692,17.8226333033576,0.792965967659453,0.973809523809524,0.710069444444444,-0.806800794536659,FAHNSCC_15,HN,1,FAHNSCC_15,Ki67+ tumor cells,,carcinoma_in_situ_FAHNSCC_15_2
27049,30981,5276.98421052632,258.636842105263,94.8947368421053,597.942105263158,17.3315789473684,1169.97894736842,512.963157894737,218.436842105263,953.052631578947,1926.93157894737,393.778947368421,1124.10526315789,959.647368421053,1581.54210526316,421.01052631579,149.273684210526,982.384210526316,1162.88947368421,1611.26842105263,390.821052631579,950.4,851.657894736842,385.015789473684,3195.08947368421,572.526315789474,843.221052631579,322.968421052632,119.778947368421,1002.28947368421,412.357894736842,13800.6157894737,8911.03157894737,190,17.5089149139424,13.8452749394338,0.61213181779843,0.964467005076142,0.798319327731093,0.177682616996629,FAHNSCC_15,HN,1,FAHNSCC_15,tumor cells,,carcinoma_in_situ_FAHNSCC_15_2
27067,31004,24373.7571428571,252.442857142857,101.228571428571,613.509523809524,18.0857142857143,5815.36666666667,630.164285714286,232.416666666667,946.464285714286,9482.56428571429,531.02619047619,1336.00952380952,976.65,7458.26428571429,452.207142857143,141.32380952381,1012.19761904762,6834.09761904762,1580.16190476191,401.040476190476,952.12380952381,6951.91190476191,2635.45714285714,1499.82619047619,578.885714285714,3736.45952380952,398.478571428571,132.069047619048,1021.67857142857,435.192857142857,14290.8952380952,8696.92380952381,420,29.6725675279152,18.1032427601475,0.792324180557697,0.958904109589041,0.673076923076923,-0.737487462518439,FAHNSCC_15,HN,1,FAHNSCC_15,Ki67+ tumor cells,,carcinoma_in_situ_FAHNSCC_15_2
27090,31029,16856.1171875,322.2265625,93.875,612.9765625,558.71875,3699.96875,623.2578125,199.5703125,976.1796875,5115.4609375,507.9375,177.1015625,945.3359375,3829.390625,540.3515625,148.75,1013.8828125,2959.796875,525.796875,384.5078125,962.6875,2596.578125,221.640625,1285.71875,1503.375,1185.2890625,304.359375,151.71875,1006.6328125,414.109375,13940.9609375,9707.6796875,128,14.3460860232716,11.7057165602064,0.578119754052316,0.941176470588235,0.820512820512821,-1.18563668286072,FAHNSCC_15,HN,1,FAHNSCC_15,stromal cells,,carcinoma_in_situ_FAHNSCC_15_2
27179,31136,5527.2688172043,365.623655913979,118.548387096774,602.870967741936,9.13978494623656,1283.50537634409,479.241935483871,206.5,946.854838709677,2375.37634408602,424.930107526882,1504.45698924731,942.897849462366,1961.44086021505,465.838709677419,132.639784946237,973.10752688172,2095.93010752688,2105.86021505376,413.193548387097,945.543010752688,1716.72580645161,349.52688172043,1779.13440860215,572.290322580645,1365.01612903226,364.47311827957,129.209677419355,984.784946236559,420.935483870968,13337.3709677419,8399.53225806452,186,18.770677155815,12.6483513213477,0.73888126615034,0.948979591836735,0.794871794871795,0.194610280439925,FAHNSCC_15,HN,1,FAHNSCC_15,tumor cells,,carcinoma_in_situ_FAHNSCC_15_2
27192,31152,11640.6763803681,123.049079754601,65.8450920245399,604.338957055215,21.3266871165644,2673.40950920245,471.411042944785,219.432515337423,953.536809815951,4022.53987730061,433.888036809816,888.168711656442,1000.39110429448,3151.50766871166,382.886503067485,134.662576687117,1052.16871165644,2321.2009202454,1279.70858895706,387.647239263804,1133.39263803681,2031.53374233129,525.820552147239,3831.89570552147,581.802147239264,1040.06441717791,285.728527607362,119.556748466258,1003.78067484663,414.518404907976,14383.4432515337,8802.98466257669,652,33.5254111941562,25.3310131246179,0.655060409672905,0.954612005856515,0.681295715778474,0.586239293897976,FAHNSCC_15,HN,1,FAHNSCC_15,tumor cells,,carcinoma_in_situ_FAHNSCC_15_2
27219,31185,6381.40303030303,160.293939393939,68.2393939393939,597.472727272727,17.4151515151515,1488.79696969697,425.951515151515,216.490909090909,950.921212121212,2340.33333333333,397.706060606061,774.942424242424,1041.81212121212,1585.34848484848,363.654545454545,150.469696969697,1005.91818181818,1306.04848484848,1216.15151515152,383.912121212121,979.421212121212,974.839393939394,3730.35757575758,1088.68787878788,574.733333333333,766.7,279.736363636364,114.457575757576,1003.36666666667,412.860606060606,13419.9484848485,9469.51818181819,330,21.5431203300472,19.5839491599725,0.416669264415799,0.953757225433526,0.785714285714286,0.759431619219938,FAHNSCC_15,HN,1,FAHNSCC_15,Ki67+ tumor cells,,carcinoma_in_situ_FAHNSCC_15_2
27223,31189,16208.9766081871,229.070175438597,80.4912280701754,605.631578947368,280.239766081871,4098.47368421053,624.380116959064,225.994152046784,972.713450292398,6407.37426900585,586.853801169591,146.421052631579,957.59649122807,5007.08187134503,410.602339181287,140.380116959064,1350.35087719298,4287.67251461988,665.561403508772,410.923976608187,970.614035087719,4453.2865497076,310.888888888889,9061.2865497076,4084.84210526316,1303.85380116959,339.584795321637,128.590643274854,1028.67251461988,414.21052631579,14805.9707602339,8916.72514619883,171,16.5800627489909,13.3437088030655,0.593540012671704,0.93956043956044,0.76,-0.928788652193844,FAHNSCC_15,HN,1,FAHNSCC_15,endothelial cells,,carcinoma_in_situ_FAHNSCC_15_2
27230,31196,2859.6961130742,102.508833922261,58.7950530035336,596.399293286219,15.6996466431095,696.279151943463,364.876325088339,186.127208480565,948.936395759717,1260.26148409894,366.890459363958,3923.44169611307,948.515901060071,1374.51943462898,414.773851590106,115.614840989399,989.385159010601,1230.65371024735,3148.57950530035,405.120141342756,959.102473498233,951.950530035336,303.314487632509,2059.37809187279,572.226148409894,876.113074204947,297.335689045936,113.664310954064,994.52296819788,414.95406360424,13444.0459363958,8198.82685512367,283,25.8758488864952,13.9744018137515,0.841629224763494,0.962585034013605,0.754666666666667,1.25798266499907,FAHNSCC_15,HN,1,FAHNSCC_15,tumor cells,,carcinoma_in_situ_FAHNSCC_15_2
27263,31236,16173.38,262.472,90.616,611.06,72.004,3812.032,589.672,202.88,1054.172,5511.556,492.108,136.472,949.504,4424.94,385.876,214.84,1020.676,3819.508,565.728,398.352,957.244,3837.008,257.42,1760.884,836.996,1504.396,337.048,128.172,1012.516,415.92,14796.708,9006.672,250,22.9197024634028,13.899700392062,0.795120065844323,0.950570342205323,0.661375661375661,-0.965042605810908,FAHNSCC_15,HN,1,FAHNSCC_15,stromal cells,,carcinoma_in_situ_FAHNSCC_15_2
27268,31241,20933.3439716312,319.900709219858,100.677304964539,607.613475177305,269.868794326241,4960.47872340426,814.007092198582,243.148936170213,989.145390070922,7558.54255319149,631.815602836879,163.751773049645,952.737588652482,6359.01063829787,447.914893617021,168.578014184397,1356.67021276596,4787.74113475177,699.039007092199,409.5,971.397163120567,4639.49645390071,330.04609929078,4660.90780141844,1338.05673758865,1628.3865248227,370.730496453901,132.58865248227,1039.19503546099,419.787234042553,14839.7340425532,8851.60638297872,282,22.7395163359536,15.840925443718,0.717435017448318,0.969072164948454,0.742105263157895,-0.605652105541399,FAHNSCC_15,HN,1,FAHNSCC_15,stromal cells,,carcinoma_in_situ_FAHNSCC_15_2
27304,31288,4783.58703071672,420.607508532423,131.795221843003,604.986348122867,8.79180887372014,1027.87030716724,435.774744027304,218.931740614334,952.058020477816,1754.50170648464,391.191126279863,5115.19453924915,977.003412969283,1317.54607508532,367.911262798635,140.627986348123,980.948805460751,1178.72013651877,1260.26962457338,408.627986348123,958.320819112628,815.648464163823,363.529010238908,2107.06484641638,573.9795221843,825.576791808874,298.423208191126,113.795221843003,988.692832764505,411.467576791809,13255.9010238908,8373.97269624573,293,20.6086720963056,18.1736402979359,0.471540673389045,0.957516339869281,0.775132275132275,-0.235122968092565,FAHNSCC_15,HN,1,FAHNSCC_15,tumor cells,,carcinoma_in_situ_FAHNSCC_15_2
27312,31297,22256.1806451613,317.012903225806,111.096774193548,621.316129032258,638.432258064516,5254.70967741936,576.367741935484,209.2,1064.01290322581,8303.96774193548,541.567741935484,272.348387096774,951.935483870968,4934.56774193548,1381.78064516129,290.883870967742,1020.54193548387,4415.21935483871,665.722580645161,403.741935483871,956.270967741936,3399.85806451613,453.606451612903,1073.10967741935,582.61935483871,1475.27741935484,311.741935483871,122.0,995.206451612903,413.729032258065,13496.6193548387,8804.98064516129,155,19.105593483815,10.3677751582055,0.839954692271863,0.92814371257485,0.679824561403509,0.329513436680726,FAHNSCC_15,HN,1,FAHNSCC_15,stromal cells,,carcinoma_in_situ_FAHNSCC_15_2
27319,31304,24261.4175084175,283.86531986532,122.410774410774,620.373737373737,594.585858585859,5716.23569023569,623.114478114478,216.484848484849,1067.73737373737,8591.39057239057,567.929292929293,248.996632996633,947.969696969697,6181.61279461279,1018.67003367003,203.050505050505,988.659932659933,5222.81144781145,653.299663299663,393.198653198653,954.683501683502,4327.44107744108,467.074074074074,1664.62962962963,575.599326599327,1784.70707070707,297.03367003367,128.579124579125,981.175084175084,418.094276094276,14219.7609427609,8737.58585858586,297,26.2620351081578,14.4271229939165,0.835590498582005,0.94888178913738,0.651315789473684,1.03415404068053,FAHNSCC_15,HN,1,FAHNSCC_15,stromal cells,,carcinoma_in_situ_FAHNSCC_15_2
27324,31310,21183.7561983471,331.012396694215,99.8925619834711,604.214876033058,251.847107438017,5953.38842975207,622.004132231405,216.148760330579,983.884297520661,9082.42148760331,526.132231404959,216.946280991736,939.904958677686,7941.16115702479,548.371900826446,154.599173553719,1051.4173553719,6225.14049586777,591.661157024793,388.107438016529,966.805785123967,6435.45041322314,280.235537190083,1556.90495867769,652.756198347107,2923.47933884298,375.743801652893,141.392561983471,1030.68595041322,427.206611570248,14376.958677686,9241.20661157025,242,23.9592943263123,12.8944435622476,0.842829114071368,0.96031746031746,0.701449275362319,-1.1841765258527,FAHNSCC_15,HN,1,FAHNSCC_15,stromal cells,,carcinoma_in_situ_FAHNSCC_15_2
27345,31334,35009.7344632768,521.290960451977,148.093220338983,605.152542372881,27.6892655367232,8121.09604519774,787.85593220339,286.138418079096,964.296610169492,12455.6384180791,665.652542372881,370.881355932203,960.827683615819,12496.5564971751,491.180790960452,199.937853107345,996.214689265537,8211.59604519774,876.11581920904,447.449152542373,964.833333333333,7563.47457627119,424.762711864407,1865.16101694915,1202.67231638418,3907.23163841808,436.971751412429,148.661016949153,1015.48870056497,444.943502824859,14526.488700565,8168.07062146893,354,31.7532466617034,14.5590476857563,0.888691416411515,0.956756756756757,0.7375,0.128364055662614,FAHNSCC_15,HN,1,FAHNSCC_15,Unknown,,carcinoma_in_situ_FAHNSCC_15_2
27374,31370,11352.1786743516,123.103746397695,71.8933717579251,603.948126801153,24.536023054755,2725.40634005764,462.322766570605,201.466858789625,951.100864553314,4090.05763688761,448.953890489914,1254.32564841499,988.974063400576,3689.91642651297,413.017291066282,129.193083573487,1072.45821325648,2724.11527377522,1264.9855907781,385.599423631124,996.322766570605,2489.11239193084,588.100864553314,3683.82708933718,580.760806916427,1174.02305475504,302.109510086455,119.296829971182,1005.15273775216,413.605187319885,14461.7752161383,8848.14121037464,347,25.3344548624957,17.5984798845366,0.719351664115507,0.963888888888889,0.730526315789474,0.40833070672751,FAHNSCC_15,HN,1,FAHNSCC_15,tumor cells,,carcinoma_in_situ_FAHNSCC_15_2
27391,31387,17649.7525423729,245.254237288136,109.227118644068,612.271186440678,574.037288135593,4234.68474576271,653.383050847458,213.142372881356,1118.46779661017,5994.09830508475,605.376271186441,176.183050847458,949.322033898305,4354.98983050847,1064.54576271186,225.986440677966,1071.83389830508,3481.24745762712,602.549152542373,392.88813559322,967.993220338983,3086.01355932203,257.362711864407,969.223728813559,651.908474576271,1168.52542372881,330.172881355932,133.396610169492,1014.47457627119,410.745762711864,14072.8033898305,9604.59661016949,295,26.8909037664253,14.0450707246418,0.852762913557625,0.967213114754098,0.638528138528139,-0.717716944236307,FAHNSCC_15,HN,1,FAHNSCC_15,stromal cells,,carcinoma_in_situ_FAHNSCC_15_2
27496,31509,7821.11145510836,196.767801857585,71.7894736842105,597.207430340557,21.4674922600619,2060.1826625387,504.173374613003,232.767801857585,962.489164086687,2969.33436532508,451.167182662539,764.05572755418,1151.95665634675,2431.98142414861,420.291021671827,149.349845201238,1055.76780185759,1487.96284829721,1368.57894736842,384.857585139319,957.331269349845,1237.66563467492,735.269349845201,2917.01857585139,583.504643962848,846.30959752322,298.857585139319,118.678018575851,1014.65325077399,411.529411764706,14127.4643962848,9084.10835913313,323,22.2798229539499,18.552797457008,0.553698149685144,0.95,0.739130434782609,1.47425848059461,FAHNSCC_15,HN,1,FAHNSCC_15,Ki67+ tumor cells,,carcinoma_in_situ_FAHNSCC_15_2
27506,31523,4914.30067567568,187.364864864865,77.7060810810811,609.260135135135,296.95945945946,1078.14864864865,885.003378378378,204.212837837838,953.631756756757,1919.26013513514,419.962837837838,2783.97635135135,985.591216216216,1692.52702702703,476.347972972973,164.037162162162,1062.03040540541,1272.05405405405,2171.18243243243,395.141891891892,946.074324324324,978.777027027027,335.89527027027,3473.52364864865,579.692567567568,893.39527027027,312.60472972973,141.057432432432,1013.52702702703,411.945945945946,13961.8918918919,8586.30743243243,296,23.7990031944242,15.8869348969986,0.744568350622157,0.957928802588997,0.708133971291866,-0.5827442130736,FAHNSCC_15,HN,1,FAHNSCC_15,tumor cells,,carcinoma_in_situ_FAHNSCC_15_2
27523,31545,4715.64864864865,229.340540540541,94.0864864864865,603.286486486487,7.34594594594595,961.535135135135,365.691891891892,193.189189189189,945.405405405405,1812.41621621622,351.875675675676,3305.34054054054,969.816216216216,1769.0,397.978378378378,115.762162162162,1018.20540540541,1068.36756756757,3063.9027027027,384.562162162162,1062.45945945946,1173.27567567568,481.059459459459,1737.69189189189,573.978378378378,910.464864864865,278.037837837838,112.313513513514,988.254054054054,409.735135135135,13618.2810810811,8293.4,185,16.4217787831716,14.4182127947292,0.478672803679893,0.948717948717949,0.72265625,-0.670298613450695,FAHNSCC_15,HN,1,FAHNSCC_15,tumor cells,,carcinoma_in_situ_FAHNSCC_15_2
27567,31591,7660.76923076923,200.007692307692,84.7153846153846,595.569230769231,48.5846153846154,2022.4,480.453846153846,189.676923076923,943.023076923077,3125.3,398.315384615385,151.730769230769,933.546153846154,2460.33076923077,373.576923076923,139.638461538462,904.7,2703.4,544.953846153846,386.038461538462,947.0,2424.49230769231,248.253846153846,846.246153846154,664.184615384615,1585.03846153846,361.892307692308,126.061538461538,981.769230769231,416.776923076923,14157.5615384615,9523.2,130,14.0717607330201,11.7614247437464,0.549007289265807,0.962962962962963,0.773809523809524,1.5286783581235,FAHNSCC_15,HN,1,FAHNSCC_15,stromal cells,,carcinoma_in_situ_FAHNSCC_15_2
27569,31593,11085.3904761905,227.419047619048,94.9714285714286,613.952380952381,66.2285714285714,2724.80952380952,664.104761904762,230.647619047619,953.428571428571,4083.81904761905,777.961904761905,175.038095238095,959.133333333333,2238.58095238095,440.247619047619,208.466666666667,1222.47619047619,1499.10476190476,633.619047619048,397.895238095238,963.990476190476,1041.49523809524,303.114285714286,7830.01904761905,1718.54285714286,885.314285714286,322.409523809524,148.390476190476,1027.20952380952,413.247619047619,14735.9333333333,8694.5619047619,105,12.9672322579055,10.2902813293471,0.608491557686076,0.963302752293578,0.795454545454545,-0.550019595280757,FAHNSCC_15,HN,1,FAHNSCC_15,endothelial cells,,carcinoma_in_situ_FAHNSCC_15_2
27592,31619,26818.5641025641,455.98717948718,147.863247863248,616.747863247863,800.739316239316,6454.89316239316,644.324786324786,225.628205128205,997.653846153846,9749.75213675214,565.482905982906,275.662393162393,952.534188034188,6201.38034188034,668.047008547009,181.534188034188,992.316239316239,5405.14957264957,646.004273504274,398.764957264957,963.987179487179,4161.73504273504,367.24358974359,1304.11538461538,574.269230769231,1893.99145299145,310.803418803419,122.452991452991,987.213675213675,415.239316239316,13606.9102564103,8785.54700854701,234,24.6117064089185,12.1196539959379,0.870349491265693,0.959016393442623,0.625668449197861,0.629950902646714,FAHNSCC_15,HN,1,FAHNSCC_15,stromal cells,,carcinoma_in_situ_FAHNSCC_15_2
27625,31657,25507.4099616858,460.547892720307,136.754789272031,606.823754789272,296.003831417625,6819.61685823755,781.651340996169,243.183908045977,974.563218390805,9239.50957854406,553.931034482759,192.053639846743,955.83908045977,7388.11877394636,521.08429118774,174.153256704981,1035.63601532567,5531.51340996169,645.356321839081,402.64367816092,963.429118773946,5217.06513409962,299.145593869732,2804.59003831418,1117.7662835249,2029.14176245211,377.697318007663,142.23754789272,1044.99233716475,425.122605363985,13994.2796934866,9427.41762452107,261,21.5703764946081,15.4466828327539,0.697991221351283,0.956043956043956,0.722991689750693,-0.795554190452365,FAHNSCC_15,HN,1,FAHNSCC_15,stromal cells,,carcinoma_in_situ_FAHNSCC_15_2
27637,31669,11667.5,199.585889570552,83.4754601226994,599.907975460123,20.5460122699387,2909.74846625767,456.576687116564,200.223926380368,945.555214723926,4565.42024539877,417.475460122699,1796.61042944785,988.279141104294,3614.5245398773,384.751533742331,118.042944785276,1017.9754601227,3030.28834355828,915.907975460123,385.457055214724,958.696319018405,2716.46319018405,2157.11042944785,2262.25153374233,577.944785276074,1466.9263803681,300.018404907976,119.113496932515,1008.01226993865,416.748466257669,14287.5705521472,8889.90490797546,326,21.3151524096054,19.5794296803294,0.395261596226072,0.967359050445104,0.776190476190476,-0.562275715559102,FAHNSCC_15,HN,1,FAHNSCC_15,Ki67+ tumor cells,,carcinoma_in_situ_FAHNSCC_15_2
27689,31725,8640.33561643836,212.369863013699,87.0821917808219,598.986301369863,123.883561643836,2196.78082191781,407.445205479452,180.86301369863,951.253424657534,3567.78767123288,369.342465753425,4875.45890410959,959.678082191781,2651.87671232877,588.547945205479,548.280821917808,1026.1301369863,2613.17123287671,2212.11643835616,377.561643835617,955.965753424658,2255.23287671233,1282.5,1862.12328767123,699.958904109589,1127.48630136986,283.383561643836,128.472602739726,1239.21232876712,411.650684931507,13861.8630136986,9031.21917808219,146,15.1548654273376,12.2999423853912,0.584190274452532,0.941935483870968,0.744897959183674,0.767409837990856,FAHNSCC_15,HN,1,FAHNSCC_15,Ki67+ tumor cells,,carcinoma_in_situ_FAHNSCC_15_2
27713,31754,8055.9798206278,105.751121076233,68.1793721973094,601.219730941704,18.8385650224215,1959.11659192825,420.349775784753,185.57399103139,941.847533632287,3047.10762331839,384.347533632287,1032.34080717489,961.484304932735,2474.17713004484,413.780269058296,129.946188340807,968.775784753363,2407.2533632287,1479.02466367713,388.347533632287,1046.52914798206,2269.03811659193,2001.05605381166,3591.67937219731,580.737668161435,1309.07847533632,322.363228699552,120.080717488789,1016.55156950673,414.654708520179,13724.0022421525,9370.68385650224,446,29.7927137715996,19.3058089915961,0.761636609260617,0.94692144373673,0.692546583850932,0.486691260933722,FAHNSCC_15,HN,1,FAHNSCC_15,Ki67+ tumor cells,,carcinoma_in_situ_FAHNSCC_15_2
27736,31781,9736.80973451327,307.25,111.91592920354,621.112831858407,398.79203539823,2310.47123893805,493.092920353982,195.949115044248,952.79203539823,3350.51327433628,456.858407079646,153.37389380531,943.847345132743,2084.80973451327,453.862831858407,134.58407079646,1244.74778761062,1394.85840707965,492.070796460177,380.29203539823,960.807522123894,907.048672566372,204.83407079646,783.880530973451,2189.75884955752,707.807522123894,260.95796460177,219.506637168142,1001.28982300885,408.037610619469,14424.9402654867,9408.20575221239,452,30.751056530757,18.7572060165688,0.792424905769957,0.961702127659574,0.695384615384615,-0.778051184261993,FAHNSCC_15,HN,1,FAHNSCC_15,endothelial cells,,carcinoma_in_situ_FAHNSCC_15_2
27800,31856,5087.05263157895,88.2870813397129,67.6267942583732,595.234449760766,24.1722488038278,1297.35406698565,385.373205741627,193.239234449761,948.645933014354,2093.44019138756,415.11004784689,576.617224880383,1011.50717703349,1490.61722488038,380.325358851675,132.468899521531,1045.78947368421,1196.99043062201,1093.33492822967,378.66028708134,962.875598086125,900.0,810.071770334928,3653.41148325359,583.612440191388,791.043062200957,306.66985645933,115.755980861244,994.387559808612,410.105263157895,14049.4162679426,9265.84210526316,209,17.3667353911122,15.4073951501804,0.461426286197378,0.954337899543379,0.774074074074074,-1.44641167097985,FAHNSCC_15,HN,1,FAHNSCC_15,Ki67+ tumor cells,,carcinoma_in_situ_FAHNSCC_15_2
27803,31860,17339.962962963,296.803703703704,91.4037037037037,604.722222222222,207.233333333333,4354.87407407407,1746.78888888889,209.244444444444,955.6,6579.48148148148,662.359259259259,204.618518518519,948.422222222222,5058.85555555556,509.962962962963,578.840740740741,901.081481481481,5298.07407407407,609.044444444445,396.625925925926,953.107407407407,5313.77037037037,561.848148148148,2685.88888888889,672.47037037037,2350.3037037037,358.581481481482,484.240740740741,1018.1037037037,424.992592592593,13727.3111111111,9448.45555555556,270,30.0601009922994,11.5069579567833,0.923831911342471,0.944055944055944,0.775862068965517,1.41823778551539,FAHNSCC_15,HN,1,FAHNSCC_15,M1/M0 macrophages,,carcinoma_in_situ_FAHNSCC_15_2
27849,31910,27131.1946564886,439.114503816794,117.263358778626,613.312977099237,155.736641221374,7044.46564885496,772.259541984733,243.484732824427,977.702290076336,10214.0114503817,1761.52290076336,174.309160305344,995.824427480916,8296.37022900763,568.641221374046,343.824427480916,1070.64885496183,6518.32061068702,644.541984732824,411.13358778626,973.095419847328,6784.48854961832,306.320610687023,1584.86259541985,1281.34351145038,2794.9465648855,417.603053435115,262.706106870229,1047.10687022901,431.076335877863,14586.3893129771,9224.61450381679,262,21.3701299733074,15.6296444894915,0.681972223525478,0.963235294117647,0.770588235294118,-0.478053792933129,FAHNSCC_15,HN,1,FAHNSCC_15,M2 macrophages,,carcinoma_in_situ_FAHNSCC_15_2
27949,32025,5270.91616766467,179.946107784431,95.0239520958084,606.62874251497,21.3592814371258,1221.77245508982,405.691616766467,195.173652694611,947.736526946108,2008.06586826347,396.197604790419,2007.02395209581,965.392215568862,1805.92215568862,368.589820359281,142.428143712575,959.736526946108,1607.54790419162,1216.48502994012,388.694610778443,1132.16766467066,1312.04191616766,752.122754491018,3325.25748502994,582.814371257485,1027.29640718563,308.275449101796,117.194610778443,1016.49101796407,413.952095808383,14455.3203592814,8680.3502994012,334,24.7680086590152,17.1794041805441,0.720348171675563,0.95702005730659,0.722943722943723,0.937209237741837,FAHNSCC_15,HN,1,FAHNSCC_15,Ki67+ tumor cells,,carcinoma_in_situ_FAHNSCC_15_2
27977,32057,22768.3896103896,352.692640692641,108.246753246753,610.316017316017,126.051948051948,4959.80952380952,1063.77922077922,236.645021645022,967.536796536796,6694.02164502165,1029.04761904762,449.324675324675,957.17316017316,5389.33333333333,589.43722943723,197.65367965368,1237.80519480519,3339.11688311688,621.887445887446,399.294372294372,984.995670995671,2566.62770562771,275.515151515152,7054.54545454546,879.238095238095,863.307359307359,359.030303030303,150.151515151515,1036.7619047619,413.350649350649,13916.7619047619,9721.22943722944,231,17.6627719058809,16.7251828540343,0.321477495705127,0.96652719665272,0.799307958477509,1.17796572498978,FAHNSCC_15,HN,1,FAHNSCC_15,M2 macrophages,,carcinoma_in_situ_FAHNSCC_15_2
28037,32124,16015.5319148936,153.287234042553,77.3244680851064,612.085106382979,214.303191489362,3987.20744680851,536.563829787234,207.606382978723,959.563829787234,5270.24468085106,458.882978723404,150.760638297872,978.218085106383,3174.90425531915,391.287234042553,159.324468085106,1164.64893617021,2638.24468085106,577.196808510638,391.824468085106,979.420212765957,2211.10106382979,263.558510638298,3509.67553191489,1151.60638297872,889.38829787234,279.526595744681,129.452127659574,1003.15425531915,411.574468085106,14665.2393617021,8851.80319148936,188,22.2409749863104,11.0537581189763,0.867750706268969,0.954314720812183,0.776859504132231,0.0749634815516072,FAHNSCC_15,HN,1,FAHNSCC_15,stromal cells,,carcinoma_in_situ_FAHNSCC_15_2
28078,32173,6583.216152019,215.128266033254,85.8574821852732,606.268408551069,10.7315914489311,1606.99049881235,547.266033254157,261.358669833729,953.128266033254,2515.42517814727,427.510688836105,854.776722090261,959.653206650831,2078.95249406176,402.988123515439,177.928741092637,1048.82897862233,1708.27315914489,821.517814726841,438.522565320665,1018.66270783848,1398.74346793349,338.532066508314,2001.61757719715,574.805225653207,1090.91211401425,344.919239904988,125.904988123515,983.966745843231,420.361045130641,14191.9714964371,8370.36579572447,421,26.1874012240573,20.941034389184,0.600452194980481,0.965596330275229,0.704013377926421,0.519409993073417,FAHNSCC_15,HN,1,FAHNSCC_15,tumor cells,,carcinoma_in_situ_FAHNSCC_15_2
28081,32176,17884.2014134276,198.526501766785,81.4275618374558,616.275618374558,63.7067137809187,4574.63250883392,615.554770318021,217.544169611307,959.441696113074,6924.34275618375,551.593639575972,196.353356890459,978.395759717314,8117.85865724382,450.86925795053,166.060070671378,1237.3074204947,4202.17314487633,610.39222614841,390.890459363958,981.802120141343,4405.62190812721,298.636042402827,5625.9187279152,690.484098939929,1429.09893992933,337.515901060071,132.155477031802,1038.14134275618,413.96113074205,14308.667844523,9045.7667844523,283,25.0775916431708,14.7228263200018,0.809521002210213,0.943333333333333,0.683574879227053,-1.1265123052357,FAHNSCC_15,HN,1,FAHNSCC_15,stromal cells,,carcinoma_in_situ_FAHNSCC_15_2
28157,32262,20009.974025974,443.450216450216,672.714285714286,607.372294372294,181.155844155844,4745.25108225108,856.4329004329,216.095238095238,964.493506493506,6753.70995670996,517.891774891775,170.290043290043,1001.83116883117,5920.07792207792,478.926406926407,191.251082251082,1089.62337662338,3851.31168831169,582.493506493507,392.554112554113,987.493506493506,3286.76623376623,235.402597402597,530.502164502165,626.060606060606,1222.83116883117,293.012987012987,137.645021645022,996.238095238095,416.281385281385,14350.8528138528,9500.1341991342,231,19.3725167404119,15.1997323460252,0.619998651034986,0.978813559322034,0.810526315789474,-1.34180756501972,FAHNSCC_15,HN,1,FAHNSCC_15,Unknown,,carcinoma_in_situ_FAHNSCC_15_2
28173,32281,10269.1544117647,157.068014705882,74.9926470588235,607.507352941177,13.5257352941176,2417.28308823529,505.178308823529,236.209558823529,952.349264705882,3894.21875,434.961397058824,1309.27573529412,978.03125,3183.63602941177,423.685661764706,150.159926470588,1009.99816176471,2511.02389705882,1502.11580882353,408.731617647059,1104.01286764706,2018.45404411765,593.257352941177,3780.01286764706,576.091911764706,1212.04044117647,325.327205882353,125.244485294118,1013.32169117647,418.21875,14081.2113970588,8362.19485294118,544,40.7712352984862,17.1069744828007,0.907716325463873,0.952714535901927,0.650717703349282,-1.22461746286621,FAHNSCC_15,HN,1,FAHNSCC_15,tumor cells,,carcinoma_in_situ_FAHNSCC_15_2
28348,32485,14843.0063897764,216.578274760383,87.6837060702875,612.964856230032,612.948881789137,3632.18849840256,932.555910543131,194.434504792332,959.543130990415,5613.28115015974,430.782747603834,223.370607028754,1035.41533546326,3741.05431309904,739.076677316294,873.964856230032,1116.95207667732,2743.94568690096,602.108626198083,393.102236421725,979.581469648562,2015.21086261981,328.789137380192,3348.70287539936,633.009584664537,878.472843450479,267.354632587859,147.063897763578,988.479233226837,410.504792332268,14078.5782747604,8605.15654952077,313,25.4819312843519,16.2081764746028,0.77163509774919,0.960122699386503,0.724537037037037,-0.473247484721384,FAHNSCC_15,HN,1,FAHNSCC_15,stromal cells,,carcinoma_in_situ_FAHNSCC_15_2
28404,32547,11157.4441624365,181.888324873096,73.3401015228426,601.89847715736,15.3197969543147,2482.19543147208,475.322335025381,249.852791878172,955.837563451777,3793.46192893401,413.956852791878,1443.95431472081,1062.0,2495.10659898477,382.104060913706,167.611675126904,1093.66243654822,1975.73350253807,934.337563451777,394.39847715736,1086.68527918782,1467.07868020305,400.921319796954,2567.70304568528,578.746192893401,871.299492385787,286.421319796954,116.383248730964,1006.18527918782,412.1269035533,13516.7258883249,8651.38324873097,394,25.9340349973146,19.3932181498647,0.663935059333979,0.970443349753695,0.797570850202429,0.161603212340291,FAHNSCC_15,HN,1,FAHNSCC_15,tumor cells,,carcinoma_in_situ_FAHNSCC_15_2
28422,32570,24132.7569444444,333.677083333333,100.888888888889,610.777777777778,271.951388888889,5763.20833333333,772.420138888889,242.552083333333,957.423611111111,8450.34027777778,673.107638888889,156.069444444444,945.545138888889,7803.55208333333,432.611111111111,152.013888888889,1162.38888888889,5160.96875,670.072916666667,410.114583333333,958.177083333333,5603.52430555556,317.434027777778,4365.20486111111,1428.86111111111,1872.78125,355.868055555556,152.309027777778,1017.67013888889,423.368055555556,14827.4270833333,8927.47569444445,288,20.8138351307071,17.8363166038072,0.515407492611791,0.96,0.761904761904762,-0.0050739853208885,FAHNSCC_15,HN,1,FAHNSCC_15,stromal cells,,carcinoma_in_situ_FAHNSCC_15_2
28453,32609,20113.661971831,316.359154929577,128.612676056338,606.253521126761,93.9929577464789,5372.33802816901,635.274647887324,221.246478873239,961.464788732394,7917.96478873239,510.56338028169,148.753521126761,959.830985915493,5622.97183098592,428.971830985916,154.943661971831,996.380281690141,4459.76056338028,566.176056338028,387.56338028169,946.598591549296,4198.96478873239,273.401408450704,1579.97887323944,690.711267605634,1683.87323943662,352.204225352113,129.669014084507,1018.17605633803,417.725352112676,14456.5915492958,9209.45070422535,142,18.5752689310867,9.73583086267042,0.851639093172354,0.946666666666667,0.657407407407407,-1.09613771818534,FAHNSCC_15,HN,1,FAHNSCC_15,stromal cells,,carcinoma_in_situ_FAHNSCC_15_2
28491,32656,10580.9004854369,146.61286407767,70.253640776699,596.279126213592,17.4890776699029,2664.67475728155,427.23786407767,233.319174757282,951.17354368932,4061.98786407767,382.675970873786,931.583737864078,1120.72087378641,2896.36165048544,367.586165048544,151.757281553398,1026.67111650485,2230.13106796117,970.054611650485,384.932038834951,1090.35558252427,1737.58980582524,6910.1140776699,2165.09223300971,579.235436893204,718.45145631068,238.321601941748,103.364077669903,982.03640776699,406.793689320388,13741.0436893204,9295.6067961165,824,41.3726987542575,25.4018074092708,0.789325382923038,0.97055359246172,0.695945945945946,-0.587822172796237,FAHNSCC_15,HN,1,FAHNSCC_15,Ki67+ tumor cells,,carcinoma_in_situ_FAHNSCC_15_2
28493,32658,7944.01294498382,200.543689320388,96.3042071197411,607.854368932039,9.31391585760518,1923.84466019417,533.906148867314,246.860841423948,953.773462783172,3050.10679611651,421.708737864078,2793.41100323625,967.11003236246,2723.60517799353,398.498381877023,166.605177993528,950.68932038835,2050.64077669903,987.177993527508,426.139158576052,958.718446601942,1599.66343042071,342.411003236246,2461.75080906149,576.388349514563,1222.39158576052,384.165048543689,129.569579288026,991.585760517799,422.26860841424,14117.1229773463,8146.54368932039,309,27.0461767825258,14.6324580693562,0.841011260207259,0.968652037617555,0.848901098901099,-0.0493855579027686,FAHNSCC_15,HN,1,FAHNSCC_15,tumor cells,,carcinoma_in_situ_FAHNSCC_15_2
28523,32691,9385.10285714286,255.56,110.891428571429,596.445714285714,9.06857142857143,1866.97142857143,479.422857142857,220.0,950.4,2976.88,432.28,2172.0,955.457142857143,3108.42285714286,445.182857142857,131.822857142857,941.245714285714,2189.76571428571,2426.58857142857,417.737142857143,958.617142857143,1706.98285714286,369.251428571429,2096.32571428571,568.28,1170.48571428571,355.685714285714,127.52,1006.45142857143,420.754285714286,13740.88,8147.13142857143,175,18.5311200350895,12.0588776020248,0.759303568139505,0.935828877005348,0.708502024291498,0.297431635314503,FAHNSCC_15,HN,1,FAHNSCC_15,tumor cells,,carcinoma_in_situ_FAHNSCC_15_2
28537,32706,6329.96434937611,149.80926916221,64.9019607843137,600.602495543672,22.4153297682709,1569.89126559715,709.896613190731,188.56862745098,951.98752228164,2510.64171122995,363.570409982175,1521.06951871658,1033.16577540107,2022.86274509804,392.122994652406,141.777183600713,1009.58288770053,1697.17825311943,1898.63458110517,376.139037433155,991.828877005348,1433.36720142602,491.894830659537,1651.16577540107,578.019607843137,899.048128342246,276.830659536542,122.372549019608,1005.9679144385,412.27807486631,14044.1996434938,8977.22281639929,561,33.1171211118926,21.6115183661031,0.75772119792953,0.965576592082616,0.80952380952381,-0.0527719048718277,FAHNSCC_15,HN,1,FAHNSCC_15,tumor cells,,carcinoma_in_situ_FAHNSCC_15_2
28545,32716,6351.25411334552,172.111517367459,83.581352833638,602.579524680073,17.0822669104205,747.694698354662,309.250457038391,186.650822669104,974.504570383912,2660.43144424132,404.292504570384,1816.19926873857,1036.32358318099,2135.72212065814,362.336380255942,124.585009140768,1008.69104204753,1806.62157221207,834.149908592322,393.612431444241,971.897623400366,1444.45703839122,1154.73308957952,1110.08043875686,576.376599634369,1027.73126142596,307.901279707495,117.420475319927,1020.28519195612,411.855575868373,13118.1334552102,8690.04204753199,547,35.8737844153164,19.5124678416454,0.839137094426659,0.956293706293706,0.699488491048593,0.37823885375226,FAHNSCC_15,HN,1,FAHNSCC_15,Ki67+ tumor cells,,carcinoma_in_situ_FAHNSCC_15_2
28564,32740,31988.7519379845,503.484496124031,138.209302325581,614.763565891473,211.228682170543,8132.21705426357,840.434108527132,270.740310077519,962.887596899225,11959.9224806202,706.003875968992,164.596899224806,955.333333333333,9956.68992248062,514.104651162791,177.806201550388,1291.48837209302,7190.57751937985,766.205426356589,423.228682170543,970.581395348837,7806.82945736434,375.794573643411,4759.37984496124,1914.02325581395,2146.96899224806,416.910852713178,149.321705426357,1048.84108527132,426.03488372093,14851.6899224806,8914.43798449612,258,20.3473959380522,16.3122347041966,0.597744588065924,0.95910780669145,0.754385964912281,0.455974442487921,FAHNSCC_15,HN,1,FAHNSCC_15,endothelial cells,,carcinoma_in_situ_FAHNSCC_15_2
28611,32795,8932.81349206349,156.14880952381,77.8968253968254,597.934523809524,17.875,2065.38888888889,445.623015873016,246.396825396825,946.541666666667,3213.93452380952,403.946428571429,1102.52182539683,1016.42261904762,2234.61111111111,395.170634920635,151.259920634921,1037.6746031746,1850.91666666667,1145.98015873016,383.311507936508,1045.65079365079,1370.7123015873,686.589285714286,1893.27182539683,577.761904761905,777.652777777778,253.662698412698,108.21626984127,992.96626984127,408.674603174603,13581.3353174603,9062.55158730159,504,30.6497803840645,20.960738351254,0.729595530871679,0.952741020793951,0.763636363636364,-1.46044073107198,FAHNSCC_15,HN,1,FAHNSCC_15,tumor cells,,carcinoma_in_situ_FAHNSCC_15_2
28660,32849,13889.8765432099,155.266666666667,69.1802469135803,612.106172839506,219.42962962963,3414.81975308642,540.856790123457,195.130864197531,964.604938271605,4846.30864197531,484.012345679012,139.501234567901,966.827160493827,3205.71604938272,396.108641975309,181.123456790123,1132.75308641975,2392.54814814815,535.765432098766,382.903703703704,974.40987654321,1922.72592592593,247.143209876543,1522.12345679012,2160.62716049383,866.795061728395,281.637037037037,236.832098765432,1003.82222222222,411.340740740741,14537.5382716049,9110.06913580247,405,30.690383303248,16.9016170419205,0.834694154144327,0.964285714285714,0.714285714285714,-1.07530445073317,FAHNSCC_15,HN,1,FAHNSCC_15,endothelial cells,,carcinoma_in_situ_FAHNSCC_15_2
28665,32854,10843.3983050847,196.254237288136,73.228813559322,605.06779661017,47.4915254237288,2632.56779661017,709.042372881356,190.559322033898,948.703389830508,3890.51694915254,463.533898305085,139.525423728814,978.864406779661,2048.20338983051,347.71186440678,409.042372881356,1053.79661016949,1851.28813559322,536.779661016949,918.71186440678,938.983050847458,1267.49152542373,228.703389830508,1562.53389830509,836.364406779661,801.762711864407,293.406779661017,117.025423728814,1001.0593220339,413.508474576271,14760.8474576271,9024.10169491525,118,14.1730298564924,10.8398663471122,0.644239869001706,0.975206611570248,0.819444444444444,-0.764635399685323,FAHNSCC_15,HN,1,FAHNSCC_15,stromal cells,,carcinoma_in_situ_FAHNSCC_15_2
28670,32859,8098.63043478261,167.315217391304,89.3985507246377,599.467391304348,9.89130434782609,1661.88768115942,458.644927536232,234.873188405797,950.764492753623,2678.84420289855,437.731884057971,2950.85144927536,984.572463768116,2134.16666666667,446.79347826087,171.253623188406,1069.15942028986,1331.81884057971,1850.69927536232,411.18115942029,1214.47463768116,1000.44565217391,470.670289855073,3074.96014492754,575.105072463768,824.014492753623,277.641304347826,113.68115942029,1007.40217391304,415.579710144928,13653.9347826087,8277.03623188406,276,20.8348293452727,17.2120774992807,0.563493645870118,0.935593220338983,0.726315789473684,-0.799529235648238,FAHNSCC_15,HN,1,FAHNSCC_15,tumor cells,,carcinoma_in_situ_FAHNSCC_15_2
28716,32912,7177.05732484076,150.707006369427,85.1019108280255,601.802547770701,16.0,1778.53503184713,442.738853503185,214.509554140127,950.968152866242,3025.93630573248,403.917197452229,816.292993630573,989.617834394904,2197.66878980892,380.31847133758,138.974522292994,976.68152866242,1529.5923566879,995.885350318471,386.87898089172,1033.1974522293,1439.40127388535,662.847133757962,2493.89808917197,578.796178343949,1019.37579617834,300.222929936306,112.267515923567,1008.17197452229,411.974522292994,13710.5031847134,8401.96815286624,157,14.9157726852209,13.4420254597798,0.433413063758851,0.951515151515152,0.747619047619048,0.101941856906072,FAHNSCC_15,HN,1,FAHNSCC_15,tumor cells,,carcinoma_in_situ_FAHNSCC_15_2
28815,33021,9565.95582329317,238.421686746988,101.650602409639,598.879518072289,14.8313253012048,2320.60240963855,548.983935742972,240.012048192771,952.06827309237,3506.82730923695,450.783132530121,1046.79116465863,958.469879518072,2186.61044176707,422.208835341365,144.542168674699,1048.86746987952,1765.36947791165,1278.02008032129,397.538152610442,978.293172690763,1323.64257028112,1772.91967871486,2302.61044176707,578.89156626506,896.10843373494,306.36546184739,120.779116465863,998.78313253012,410.421686746988,13390.281124498,8760.47389558233,249,22.4309640333994,14.1731315723706,0.775086076231288,0.957692307692308,0.808441558441558,-0.115209591392089,FAHNSCC_15,HN,1,FAHNSCC_15,Ki67+ tumor cells,,carcinoma_in_situ_FAHNSCC_15_2
28830,33038,6344.04790419162,200.041916167665,91.7305389221557,599.317365269461,109.317365269461,1489.97604790419,1850.75449101796,182.419161676647,941.832335329341,2827.07784431138,604.922155688623,1609.56886227545,939.862275449102,2150.36526946108,549.844311377246,2077.41317365269,1066.41916167665,2096.4251497006,1467.73053892216,382.952095808383,954.544910179641,1640.12574850299,496.467065868264,3959.60479041916,608.556886227545,1072.34730538922,296.065868263473,498.526946107784,1006.7125748503,408.562874251497,13873.2155688623,8626.36526946108,167,14.8422997530859,14.4043935400633,0.241116949537967,0.943502824858757,0.742222222222222,0.935464390529412,FAHNSCC_15,HN,1,FAHNSCC_15,dendritic cells,,carcinoma_in_situ_FAHNSCC_15_2
28860,33071,10152.1679389313,223.778625954198,77.412213740458,606.526717557252,237.106870229008,2574.74809160305,518.900763358779,184.946564885496,951.290076335878,3839.62595419847,426.595419847328,222.748091603053,945.015267175572,2274.1679389313,336.900763358779,158.656488549618,995.221374045802,1810.77099236641,527.404580152672,382.961832061069,941.167938931298,1218.52671755725,267.503816793893,2784.57251908397,666.045801526718,822.57251908397,279.343511450382,114.167938931298,975.671755725191,410.641221374046,14330.9618320611,8909.69465648855,131,16.5371222986706,10.2339490761754,0.78551152073147,0.942446043165468,0.744318181818182,-0.238804520277768,FAHNSCC_15,HN,1,FAHNSCC_15,stromal cells,,carcinoma_in_situ_FAHNSCC_15_2
28868,33082,26526.5458015267,400.053435114504,131.488549618321,603.912213740458,74.5648854961832,6554.23664122137,792.461832061069,260.977099236641,966.259541984733,8958.73664122137,639.36641221374,181.770992366412,970.56106870229,5572.71755725191,460.828244274809,161.145038167939,1226.39694656489,3570.67557251908,727.729007633588,417.137404580153,955.583969465649,2841.95801526718,338.572519083969,11962.5496183206,3284.57633587786,1105.78244274809,371.931297709924,128.889312977099,1050.19083969466,422.362595419847,14740.072519084,8723.53435114504,262,20.2561031348555,16.4849992545378,0.581104769196118,0.956204379562044,0.770588235294118,-0.403411180007329,FAHNSCC_15,HN,1,FAHNSCC_15,endothelial cells,,carcinoma_in_situ_FAHNSCC_15_2
28869,33083,7771.0990990991,136.840840840841,62.2852852852853,603.78978978979,18.027027027027,2198.05105105105,492.186186186186,210.423423423423,944.777777777778,3446.33033033033,404.903903903904,2180.21321321321,944.753753753754,2929.40540540541,368.726726726727,131.777777777778,917.936936936937,2378.51351351351,1030.76576576577,398.888888888889,938.75975975976,2137.24324324324,500.771771771772,2172.75375375375,584.585585585586,1429.67867867868,324.048048048048,122.756756756757,1002.27927927928,420.963963963964,14778.3303303303,8463.75975975976,333,23.7925865383322,17.9806437558105,0.654889515433549,0.951428571428571,0.762013729977117,0.262758079566827,FAHNSCC_15,HN,1,FAHNSCC_15,tumor cells,,carcinoma_in_situ_FAHNSCC_15_2
28894,33110,5030.75789473684,170.947368421053,72.0561403508772,604.536842105263,13.4070175438596,1158.18596491228,438.677192982456,223.20350877193,956.066666666667,1883.61052631579,469.371929824561,2155.09824561404,959.091228070176,1578.62456140351,407.578947368421,140.385964912281,1051.50877192983,1303.62105263158,1885.20701754386,412.926315789474,977.554385964912,843.543859649123,1105.70877192982,2611.62456140351,571.028070175439,826.038596491228,298.536842105263,115.326315789474,1011.80701754386,416.4,13487.7929824561,8300.77192982456,285,23.4734620063222,15.4687470053471,0.752152809427961,0.95,0.678571428571429,-0.717164539680595,FAHNSCC_15,HN,1,FAHNSCC_15,Ki67+ tumor cells,,carcinoma_in_situ_FAHNSCC_15_2
28896,33112,34462.7465437788,392.534562211982,112.603686635945,607.410138248848,56.4423963133641,8691.2534562212,811.645161290323,265.751152073733,956.21198156682,12786.8755760369,606.612903225807,273.847926267281,970.622119815668,9203.16129032258,422.654377880184,181.216589861751,983.470046082949,6317.90322580645,729.216589861751,420.903225806452,968.792626728111,5380.64976958525,372.824884792627,2926.60368663594,848.350230414747,1853.30875576037,346.903225806452,133.447004608295,1020.37788018433,421.451612903226,14602.5207373272,8492.3732718894,217,22.6514421837238,12.2227194177131,0.841921482143628,0.951754385964912,0.758741258741259,0.181085455053892,FAHNSCC_15,HN,1,FAHNSCC_15,stromal cells,,carcinoma_in_situ_FAHNSCC_15_2
28923,33143,20843.4851485149,223.699669966997,85.1254125412541,606.333333333333,414.729372937294,4954.43234323432,541.696369636964,199.287128712871,943.907590759076,7246.3597359736,459.60396039604,196.369636963696,940.514851485148,5106.3894389439,387.343234323432,138.745874587459,1034.16831683168,4203.6303630363,638.240924092409,385.844884488449,958.316831683168,3518.26072607261,286.653465346535,1221.45874587459,599.191419141914,1386.0297029703,309.181518151815,127.412541254125,999.049504950495,415.09900990099,14342.3663366337,8849.69636963696,303,26.0376440808615,14.8915654612749,0.820306293466064,0.952830188679245,0.712941176470588,0.406519880090344,FAHNSCC_15,HN,1,FAHNSCC_15,stromal cells,,carcinoma_in_situ_FAHNSCC_15_2
28959,33183,6075.32551319648,119.91495601173,72.8797653958944,605.319648093842,22.4604105571848,1665.06158357771,467.366568914956,218.08211143695,953.319648093842,2599.04985337243,424.005865102639,551.463343108504,997.129032258064,2000.86217008798,402.278592375367,161.105571847507,1043.78592375367,1526.52492668622,1339.64809384164,385.096774193548,970.967741935484,1332.91495601173,322.504398826979,6253.33137829912,583.158357771261,891.991202346041,321.504398826979,123.815249266862,1028.80938416422,412.243401759531,13877.6744868035,9403.8504398827,341,23.9688343656498,18.3317134144684,0.644250490764039,0.949860724233983,0.741304347826087,0.330363225781346,FAHNSCC_15,HN,1,FAHNSCC_15,tumor cells,,carcinoma_in_situ_FAHNSCC_15_2
29010,33238,6341.52063492064,153.434920634921,79.6412698412699,600.038095238095,14.5714285714286,1566.57777777778,434.08253968254,203.787301587302,953.926984126984,2593.58095238095,442.32380952381,1158.39047619048,963.44126984127,1939.21904761905,371.520634920635,153.6,1078.2253968254,1463.83492063492,1170.53650793651,409.609523809524,1030.92698412698,1013.54285714286,334.466666666667,1913.66031746032,574.355555555556,886.726984126984,306.831746031746,114.307936507937,1002.72380952381,412.965079365079,13485.0317460317,8615.16507936508,315,20.5957826086044,19.5231163191914,0.318513995228317,0.978260869565217,0.828947368421053,1.08388486149147,FAHNSCC_15,HN,1,FAHNSCC_15,tumor cells,,carcinoma_in_situ_FAHNSCC_15_2
29019,33250,8698.43941411452,167.44207723036,73.8735019973369,600.358189081225,29.2117177097204,1901.82023968043,589.226364846871,234.886817576565,953.860186418109,3114.17842876165,447.873501997337,1314.76964047936,1061.96005326232,2229.40612516645,431.310252996005,228.784287616511,1052.7137150466,1681.74966711052,1168.7137150466,393.312916111851,1033.0585885486,1278.72037283622,624.589880159787,3436.67909454061,580.209054593875,844.354194407457,280.252996005326,135.817576564581,986.462050599201,411.219707057257,13985.4287616511,8498.52862849534,751,32.1291655253695,29.93478109395,0.363225729837363,0.979139504563233,0.835372636262514,-0.259110043648576,FAHNSCC_15,HN,1,FAHNSCC_15,tumor cells,,carcinoma_in_situ_FAHNSCC_15_2
29026,33258,15796.5287769784,274.244604316547,91.8345323741007,606.996402877698,267.374100719424,4282.61870503597,589.94964028777,218.453237410072,951.884892086331,6296.32374100719,524.798561151079,195.23381294964,967.125899280576,5938.93525179856,385.273381294964,168.848920863309,1036.92446043165,3560.96402877698,726.953237410072,408.982014388489,953.967625899281,3110.35611510791,381.805755395683,3165.23021582734,583.794964028777,1493.61151079137,322.741007194245,138.55035971223,1002.6690647482,415.60071942446,14695.1330935252,8423.98920863309,278,21.6779942089663,16.5896995318232,0.643699506467921,0.968641114982578,0.772222222222222,-0.655224766969279,FAHNSCC_15,HN,1,FAHNSCC_15,stromal cells,,carcinoma_in_situ_FAHNSCC_15_2
29045,33279,8981.8416988417,193.644787644788,80.8725868725869,598.745173745174,17.3243243243243,2189.17760617761,448.803088803089,204.667953667954,951.610038610039,3626.36293436294,434.250965250965,1289.45945945946,1023.99227799228,2808.83783783784,355.254826254826,126.146718146718,1004.2972972973,2437.47104247104,1020.50965250965,383.942084942085,965.405405405405,1969.26254826255,736.837837837838,2300.41698841699,577.563706563707,1154.79536679537,313.606177606178,118.324324324324,1012.22393822394,412.200772200772,13873.9536679537,8870.96911196911,259,20.9512983482202,15.7736539100814,0.658166525450825,0.959259259259259,0.717451523545706,-0.762273064193257,FAHNSCC_15,HN,1,FAHNSCC_15,Ki67+ tumor cells,,carcinoma_in_situ_FAHNSCC_15_2
29056,33293,14399.6777408638,297.960132890365,96.7375415282392,605.481727574751,136.388704318937,3475.51495016611,579.375415282392,205.528239202658,968.059800664452,5216.94019933555,479.302325581395,160.65780730897,968.056478405316,4882.06644518272,467.671096345515,147.97342192691,2833.96677740864,3547.82724252492,558.176079734219,389.209302325581,953.119601328904,3254.84717607973,270.906976744186,5456.92026578073,756.282392026578,1488.926910299,318.65780730897,123.558139534884,1024.46179401993,416.521594684385,14270.365448505,9047.03986710964,301,25.5693459140341,15.3035649934626,0.801113705425711,0.955555555555556,0.7525,-0.0915189749595799,FAHNSCC_15,HN,1,FAHNSCC_15,effector CD8+ T cells,,carcinoma_in_situ_FAHNSCC_15_2
29071,33309,5817.24912280702,103.912280701754,69.8947368421053,609.017543859649,15.2350877192982,1444.08771929825,460.838596491228,213.582456140351,945.947368421053,2225.8,384.859649122807,2279.88771929825,958.424561403509,1848.85263157895,349.561403508772,139.00701754386,952.19649122807,1502.62105263158,1000.19298245614,408.312280701754,964.79298245614,1113.10526315789,579.347368421053,2580.11228070175,571.498245614035,895.550877192983,299.982456140351,115.936842105263,975.385964912281,415.99649122807,14093.2385964912,8237.0350877193,285,22.8684688401195,15.8945246957267,0.718970049907153,0.956375838926174,0.753968253968254,-0.452823301109813,FAHNSCC_15,HN,1,FAHNSCC_15,tumor cells,,carcinoma_in_situ_FAHNSCC_15_2
29086,33326,7437.31666666667,206.525,90.2527777777778,598.588888888889,40.8416666666667,1556.82777777778,533.622222222222,262.077777777778,955.9,2512.775,467.413888888889,1288.89722222222,1030.43611111111,1800.48055555556,384.675,172.308333333333,975.980555555556,1448.8,1160.51111111111,410.933333333333,970.608333333333,1026.825,425.094444444444,2556.55,576.255555555556,900.138888888889,331.591666666667,127.386111111111,991.638888888889,416.858333333333,14382.3138888889,8225.06666666667,360,26.3676120100471,17.7122479726783,0.740784647076273,0.96514745308311,0.757894736842105,-1.2196629681254,FAHNSCC_15,HN,1,FAHNSCC_15,tumor cells,,carcinoma_in_situ_FAHNSCC_15_2
29087,33327,17579.5891891892,389.383783783784,97.8972972972973,607.427027027027,124.854054054054,4707.11891891892,1120.36216216216,223.172972972973,964.902702702703,7114.77297297297,1259.84864864865,237.275675675676,985.286486486486,6219.2,635.151351351351,340.45945945946,1069.02702702703,5779.35675675676,616.994594594595,405.864864864865,966.94054054054,5868.63783783784,290.259459459459,1452.08108108108,749.335135135135,2528.63783783784,373.140540540541,177.8,1030.92432432432,424.356756756757,14053.7783783784,9528.93513513513,185,20.9269704266387,11.2657374090147,0.842730422042323,0.973684210526316,0.840909090909091,-1.44154285193463,FAHNSCC_15,HN,1,FAHNSCC_15,M2 macrophages,,carcinoma_in_situ_FAHNSCC_15_2
29097,33342,10059.4,127.074545454545,69.5054545454545,597.432727272727,22.2418181818182,2453.72181818182,471.103636363636,251.690909090909,952.307272727273,3591.03818181818,414.989090909091,690.592727272727,1215.08727272727,2347.96727272727,389.627272727273,165.790909090909,1107.24727272727,1783.45454545455,920.12,378.867272727273,1064.72181818182,1417.24909090909,1024.37272727273,3004.01636363636,578.176363636364,767.196363636364,262.629090909091,111.905454545455,1001.64181818182,408.323636363636,14009.04,9217.04909090909,550,29.22391907766,24.0939116144074,0.565922260838069,0.966608084358524,0.785714285714286,-1.11222525268307,FAHNSCC_15,HN,1,FAHNSCC_15,Ki67+ tumor cells,,carcinoma_in_situ_FAHNSCC_15_2
29138,33390,9431.59950859951,135.5085995086,74.9066339066339,601.97542997543,84.02457002457,2399.95331695332,887.373464373464,249.235872235872,953.904176904177,3764.99508599509,478.137592137592,1705.0687960688,1093.07616707617,2236.26781326781,457.017199017199,589.594594594595,1115.36609336609,1943.66093366093,1736.35380835381,394.796068796069,1211.21867321867,1465.66093366093,1193.05896805897,3608.69778869779,580.22113022113,882.503685503686,272.933660933661,200.054054054054,994.997542997543,409.530712530713,14000.4275184275,8530.4742014742,407,26.8562196430999,19.5297319737554,0.686430017208127,0.959905660377358,0.726785714285714,-0.0200764600666684,FAHNSCC_15,HN,1,FAHNSCC_15,Ki67+ tumor cells,,carcinoma_in_situ_FAHNSCC_15_2
29144,33399,7299.14436619718,175.700704225352,81.4894366197183,605.464788732394,24.9014084507042,1770.92957746479,460.982394366197,200.130281690141,946.985915492958,2866.23943661972,438.845070422535,1634.97887323944,952.87323943662,2619.35211267606,442.422535211268,116.735915492958,1075.75,1982.36971830986,976.62676056338,388.052816901409,952.718309859155,1708.11267605634,739.478873239437,3343.21478873239,583.045774647887,1096.64084507042,316.55985915493,117.781690140845,1000.96830985915,414.556338028169,14531.7077464789,8762.03521126761,284,24.929374867172,14.537435144033,0.812368235786029,0.946666666666667,0.649885583524028,0.589420446225632,FAHNSCC_15,HN,1,FAHNSCC_15,Ki67+ tumor cells,,carcinoma_in_situ_FAHNSCC_15_2
29176,33432,19410.6142433234,457.406528189911,142.320474777448,607.554896142433,111.124629080119,4244.25816023739,835.528189910979,265.492581602374,965.635014836795,6780.40949554896,663.676557863501,165.709198813056,964.014836795252,6043.84569732938,481.605341246291,214.341246290801,1416.29673590504,3122.6587537092,737.418397626113,424.943620178042,1002.10089020772,2546.47477744807,343.694362017804,9800.6290801187,1091.87537091988,981.379821958457,352.403560830861,127.528189910979,1048.89020771513,417.415430267062,14853.4213649852,8762.55489614243,337,22.9102571618518,18.7769895838725,0.57295221546523,0.973988439306358,0.851010101010101,-0.249949193628815,FAHNSCC_15,HN,1,FAHNSCC_15,stromal cells,,carcinoma_in_situ_FAHNSCC_15_2
29237,33500,20462.343537415,462.687074829932,141.408163265306,616.819727891157,260.58843537415,5050.12244897959,689.380952380952,235.585034013605,951.367346938776,7291.8537414966,550.578231292517,176.612244897959,953.639455782313,5288.60204081633,505.091836734694,213.772108843537,1058.86394557823,3885.62244897959,689.721088435374,449.071428571429,973.343537414966,3088.73129251701,404.697278911565,1830.1156462585,1233.15306122449,1417.11904761905,316.928571428571,170.380952380952,1013.72448979592,417.258503401361,14737.9931972789,8584.80952380952,294,23.1104957692713,16.3221377697348,0.70794741144042,0.957654723127036,0.7,0.74577825371822,FAHNSCC_15,HN,1,FAHNSCC_15,stromal cells,,carcinoma_in_situ_FAHNSCC_15_2
29290,33560,13148.1073825503,204.147651006711,75.3758389261745,609.510067114094,108.429530201342,3133.34228187919,503.835570469799,192.070469798658,950.996644295302,4742.93288590604,413.563758389262,155.412751677852,951.298657718121,3118.74496644295,393.124161073826,165.191275167785,1026.79194630872,2555.31208053691,525.543624161074,381.761744966443,958.43288590604,1901.26510067114,228.637583892617,660.825503355705,668.335570469799,867.55033557047,276.01677852349,123.312080536913,1005.46979865772,411.379194630872,14272.7751677852,9454.88926174497,298,25.1071236750054,15.1780205374796,0.796582039959809,0.952076677316294,0.677272727272727,-0.862794384783262,FAHNSCC_15,HN,1,FAHNSCC_15,stromal cells,,carcinoma_in_situ_FAHNSCC_15_2
29300,33571,11154.1373134328,173.525373134328,75.5761194029851,600.808955223881,17.6776119402985,1125.81194029851,374.25671641791,196.934328358209,991.525373134328,3958.57910447761,396.14328358209,1196.7552238806,976.84776119403,3188.60895522388,383.337313432836,124.659701492537,997.710447761194,2521.77014925373,938.955223880597,399.271641791045,1008.6776119403,2114.08059701493,862.510447761194,2254.85671641791,570.665671641791,1256.43582089552,321.158208955224,124.4,1020.9552238806,416.931343283582,13173.1641791045,8786.14029850746,335,27.8639452503921,15.3704702210385,0.834091728274782,0.946327683615819,0.715811965811966,0.357849062764967,FAHNSCC_15,HN,1,FAHNSCC_15,Ki67+ tumor cells,,carcinoma_in_situ_FAHNSCC_15_2
29303,33574,16053.1396825397,321.663492063492,102.726984126984,604.228571428571,260.092063492064,3692.68571428571,7687.26666666667,207.971428571429,952.107936507936,5418.25396825397,769.069841269841,428.355555555556,950.720634920635,4078.30158730159,478.752380952381,623.038095238095,1033.0253968254,2860.84126984127,602.139682539683,384.168253968254,950.425396825397,2337.63174603175,296.590476190476,1073.52063492063,596.12380952381,1239.68253968254,289.320634920635,361.949206349206,984.888888888889,412.152380952381,14054.9301587302,8925.94920634921,315,30.7176292795414,13.1473935981147,0.903774906466762,0.966257668711656,0.547826086956522,0.723596585552175,FAHNSCC_15,HN,1,FAHNSCC_15,M1/M0 macrophages,,carcinoma_in_situ_FAHNSCC_15_2
29354,33633,16879.47,167.135,60.895,602.855,73.225,4742.03,682.445,209.355,954.64,6717.42,545.43,149.845,945.075,5653.395,442.885,151.09,1200.875,4616.83,580.73,402.925,966.44,4491.29,289.56,5334.235,1207.68,1580.35,336.76,135.94,1013.68,416.905,14411.44,8998.46,200,19.2626305009173,13.2388770741756,0.72638982518128,0.975609756097561,0.740740740740741,-0.493137624881205,FAHNSCC_15,HN,1,FAHNSCC_15,stromal cells,,carcinoma_in_situ_FAHNSCC_15_2
29452,33750,22793.0608365019,202.566539923954,81.6539923954373,604.277566539924,124.3536121673,5523.23574144487,747.600760456274,239.471482889734,977.817490494296,7914.92395437262,597.444866920152,162.361216730038,946.954372623574,7603.36882129278,539.159695817491,206.053231939164,1695.41064638783,5788.03802281369,656.585551330799,400.41825095057,961.269961977186,6714.65019011407,323.376425855513,5815.4752851711,1550.86692015209,2301.4752851711,378.84030418251,147.927756653992,1066.73764258555,425.072243346008,14381.3574144487,9102.39163498099,263,20.9753047176295,15.971773809461,0.648216477541647,0.966911764705882,0.821875,-0.290458335997918,FAHNSCC_15,HN,1,FAHNSCC_15,effector CD8+ T cells,,carcinoma_in_situ_FAHNSCC_15_2
29458,33757,7788.92523364486,171.742990654206,70.6775700934579,602.644859813084,10.7616822429907,1895.9953271028,461.841121495327,207.588785046729,947.504672897196,3129.65420560748,394.238317757009,2294.60747663551,941.532710280374,3525.18691588785,463.378504672897,121.88785046729,919.280373831776,2577.88317757009,2456.38317757009,409.247663551402,988.327102803738,2352.31308411215,454.677570093458,1951.77102803738,574.158878504673,1624.14485981308,358.042056074766,125.920560747664,1004.97663551402,422.457943925234,14217.2289719626,8251.32242990654,214,23.1177585978881,11.8889605926165,0.857623387386868,0.951111111111111,0.694805194805195,0.344977049799719,FAHNSCC_15,HN,1,FAHNSCC_15,tumor cells,,carcinoma_in_situ_FAHNSCC_15_2
29605,33928,13174.0829015544,258.497409326425,101.139896373057,605.046632124352,69.4145077720207,3146.66839378238,635.549222797927,223.186528497409,961.145077720207,4778.13471502591,560.20207253886,143.352331606218,949.39896373057,4094.28497409326,422.222797927461,191.979274611399,1285.72020725389,3109.00518134715,633.927461139896,408.378238341969,961.880829015544,2900.0621761658,291.341968911917,5146.51813471503,1890.57512953368,1271.24352331606,344.699481865285,150.725388601036,1038.75129533679,418.378238341969,14827.2797927461,8979.26424870466,193,18.0344239862993,13.6611899815572,0.652827840302171,0.955445544554455,0.756862745098039,-0.463114603110322,FAHNSCC_15,HN,1,FAHNSCC_15,endothelial cells,,carcinoma_in_situ_FAHNSCC_15_2
29681,34020,8751.96889952153,158.485645933014,82.8540669856459,599.739234449761,16.7822966507177,1897.18660287081,458.064593301435,208.112440191388,946.691387559809,3064.49282296651,373.327751196172,1699.7990430622,985.026315789474,2375.48803827751,363.456937799043,151.382775119617,1023.84210526316,2022.82296650718,666.370813397129,389.636363636364,1070.51913875598,1619.50717703349,329.657894736842,2532.39234449761,581.33014354067,1075.22009569378,308.588516746411,118.260765550239,1009.34928229665,414.703349282297,13746.3755980861,8938.77990430622,418,26.0998998147467,20.4291823091152,0.622361055683027,0.972093023255814,0.76,0.478018160895444,FAHNSCC_15,HN,1,FAHNSCC_15,tumor cells,,carcinoma_in_situ_FAHNSCC_15_2
29693,34033,19404.8636363636,409.083333333333,114.965909090909,602.045454545455,70.9166666666667,4991.13257575758,1003.36742424242,215.431818181818,958.507575757576,7137.30681818182,665.613636363636,159.329545454545,963.174242424242,6252.06818181818,489.121212121212,315.204545454545,1164.63636363636,5123.31060606061,591.159090909091,391.602272727273,1024.95454545455,4645.1553030303,259.159090909091,687.344696969697,646.795454545455,1820.6553030303,317.689393939394,150.613636363636,1013.25378787879,419.765151515152,14334.4924242424,9506.27651515152,264,20.2357945880213,16.9995676048084,0.542471612321823,0.939501779359431,0.731301939058172,-0.68698377476766,FAHNSCC_15,HN,1,FAHNSCC_15,stromal cells,,carcinoma_in_situ_FAHNSCC_15_2
29702,34044,12344.6769911504,317.938053097345,114.176991150442,615.805309734513,642.336283185841,3039.23008849558,597.991150442478,196.433628318584,952.862831858407,4397.80973451328,501.787610619469,164.955752212389,948.446902654867,3747.14601769912,485.672566371681,151.212389380531,1035.37610619469,3022.14159292035,540.482300884956,388.991150442478,966.823008849558,2646.78318584071,231.234513274336,1255.69911504425,596.256637168142,1240.57522123894,307.827433628319,124.446902654867,1011.2389380531,409.535398230089,14070.7389380531,9727.09734513275,226,20.6914942833188,14.1646635257812,0.728952243554682,0.941666666666667,0.664705882352941,0.669492076827689,FAHNSCC_15,HN,1,FAHNSCC_15,stromal cells,,carcinoma_in_situ_FAHNSCC_15_2
29707,34049,37302.5680933852,388.852140077821,133.27626459144,620.136186770428,702.95719844358,8499.74319066148,1062.32684824903,262.887159533074,969.241245136187,12924.5836575876,716.252918287938,169.785992217899,968.844357976654,12454.9105058366,610.486381322957,275.945525291829,1230.06614785992,7850.57976653697,727.147859922179,414.505836575876,968.284046692607,8685.99221789883,360.75486381323,5454.47470817121,1330.79377431907,2212.29182879377,394.972762645914,144.490272373541,1052.8560311284,424.268482490272,14417.5447470817,9130.43190661478,257,19.5323642219709,16.8688918444637,0.504112503543035,0.966165413533835,0.795665634674923,1.23168981251878,FAHNSCC_15,HN,1,FAHNSCC_15,stromal cells,,carcinoma_in_situ_FAHNSCC_15_2
29748,34090,11565.8680555556,191.920138888889,81.8055555555556,611.309027777778,21.953125,2398.25,497.390625,244.588541666667,958.383680555556,3682.69791666667,456.800347222222,958.409722222222,1019.54166666667,2850.98784722222,391.862847222222,153.581597222222,1062.14930555556,1842.32465277778,1183.73958333333,391.607638888889,1081.58159722222,1305.44965277778,425.713541666667,2714.14930555556,582.857638888889,892.661458333333,291.756944444444,123.407986111111,999.994791666667,408.300347222222,14516.1614583333,8685.75694444445,576,29.3565794732844,25.0393253458196,0.522013167009904,0.961602671118531,0.768,1.38414518460156,FAHNSCC_15,HN,1,FAHNSCC_15,tumor cells,,carcinoma_in_situ_FAHNSCC_15_2
29769,34114,13424.0681818182,500.004545454545,112.795454545455,601.009090909091,204.931818181818,3584.36818181818,541.336363636364,199.259090909091,954.804545454545,4770.87727272727,1015.92272727273,192.768181818182,944.059090909091,3503.33636363636,425.640909090909,150.872727272727,975.636363636364,3283.64090909091,531.740909090909,383.668181818182,948.395454545454,3192.59545454545,237.345454545455,475.681818181818,605.331818181818,1458.54090909091,312.768181818182,143.313636363636,983.163636363636,414.7,14138.8318181818,9647.92727272727,220,19.4499643576392,14.4674514324181,0.668369748644069,0.964912280701754,0.814814814814815,-1.19888113394957,FAHNSCC_15,HN,1,FAHNSCC_15,M2 macrophages,,carcinoma_in_situ_FAHNSCC_15_2
29821,34173,13132.243697479,224.809523809524,74.3893557422969,606.106442577031,100.327731092437,3201.6106442577,2839.5462184874,192.366946778711,955.801120448179,4711.17647058824,478.871148459384,874.728291316527,954.43137254902,3218.95518207283,633.235294117647,183.666666666667,1168.48179271709,2730.77591036415,1838.70588235294,392.156862745098,987.658263305322,2019.3893557423,352.218487394958,3000.50700280112,577.481792717087,948.078431372549,268.422969187675,261.498599439776,1014.11204481793,412.18487394958,13183.7142857143,9109.05882352941,357,24.3239590345224,18.7966503220383,0.634694949053845,0.975409836065574,0.776086956521739,1.16247743308196,FAHNSCC_15,HN,1,FAHNSCC_15,tumor cells,,carcinoma_in_situ_FAHNSCC_15_2
29823,34176,13940.8857808858,299.13986013986,132.137529137529,618.354312354312,1364.04195804196,3609.83916083916,565.433566433566,200.547785547786,954.431235431236,5178.75058275058,541.144522144522,147.393939393939,985.037296037296,4235.76223776224,459.902097902098,171.272727272727,1161.04428904429,2646.26107226107,569.121212121212,385.939393939394,986.125874125874,1972.13986013986,229.331002331002,1657.45454545455,597.517482517483,848.27972027972,266.715617715618,130.151515151515,990.965034965035,410.645687645688,14816.7785547786,9118.2703962704,429,28.2894494207991,19.6251511279702,0.720238178249202,0.951219512195122,0.756613756613757,-0.282545259168949,FAHNSCC_15,HN,1,FAHNSCC_15,stromal cells,,carcinoma_in_situ_FAHNSCC_15_2
29834,34189,9629.59558823529,165.264705882353,73.2242647058824,603.06862745098,22.1286764705882,2593.2806372549,479.102941176471,214.012254901961,957.704656862745,4149.54901960784,481.953431372549,1207.14828431373,1003.78676470588,3279.45098039216,422.299019607843,140.167892156863,1039.53921568627,2375.31004901961,1495.80759803922,396.72181372549,974.948529411765,1981.62990196078,618.692401960784,4470.46078431373,584.77818627451,1112.72671568627,329.151960784314,123.149509803922,1019.05514705882,414.767156862745,14488.3897058824,8518.67769607843,816,37.3787022462236,27.8830791108632,0.665988880127838,0.971428571428571,0.752073732718894,0.908027056810717,FAHNSCC_15,HN,1,FAHNSCC_15,tumor cells,,carcinoma_in_situ_FAHNSCC_15_2
29868,34225,10854.690647482,178.111510791367,81.7068345323741,600.487410071943,16.8938848920863,2699.8381294964,467.048561151079,259.039568345324,955.275179856115,4229.1582733813,419.526978417266,1112.68525179856,1116.02338129496,2979.87769784173,393.444244604317,153.13309352518,1107.68884892086,2245.75899280576,1150.0845323741,391.577338129496,1062.37769784173,1621.11330935252,404.357913669065,2694.69244604317,574.510791366907,918.741007194245,274.145683453237,115.755395683453,1003.18705035971,412.474820143885,13756.0215827338,8627.33633093525,556,29.0346266475012,24.4332981007886,0.540221718682174,0.970331588132635,0.766896551724138,-0.390453803041777,FAHNSCC_15,HN,1,FAHNSCC_15,tumor cells,,carcinoma_in_situ_FAHNSCC_15_2
29888,34248,6879.86832740214,172.316725978648,83.5124555160142,602.092526690391,11.4128113879004,1684.5871886121,452.259786476868,207.455516014235,949.330960854092,2824.79003558719,411.644128113879,2636.97153024911,967.281138790036,2797.66548042705,452.622775800712,130.046263345196,983.395017793594,2179.84697508897,2084.03914590747,410.957295373666,964.327402135231,1942.97153024911,2129.0640569395,4347.67971530249,576.081850533808,1277.88256227758,350.434163701068,127.007117437722,1018.51601423488,421.519572953737,13968.1459074733,8253.14234875445,281,21.6473462450384,16.6477474402537,0.639196638361352,0.942953020134228,0.704260651629073,-1.13588792972479,FAHNSCC_15,HN,1,FAHNSCC_15,Ki67+ tumor cells,,carcinoma_in_situ_FAHNSCC_15_2
29987,34362,9373.17637795276,191.648818897638,114.074015748032,604.95905511811,9.6,1849.9811023622,529.544881889764,273.636220472441,959.047244094488,2862.70551181102,439.144881889764,2437.3905511811,952.489763779528,2373.93700787402,391.114960629921,167.633070866142,977.855118110236,1730.27874015748,881.044094488189,416.765354330709,1069.35748031496,1249.37165354331,342.883464566929,1878.17007874016,572.900787401575,910.097637795276,329.694488188976,122.291338582677,983.716535433071,416.322834645669,13862.8897637795,8080.11181102362,635,33.0447602297905,24.5061247260417,0.670837969086947,0.969465648854962,0.74009324009324,0.389633098309056,FAHNSCC_15,HN,1,FAHNSCC_15,tumor cells,,carcinoma_in_situ_FAHNSCC_15_2
30010,34389,10841.4441176471,153.694117647059,77.3294117647059,608.176470588235,13.4794117647059,2502.28529411765,517.782352941176,241.267647058824,946.182352941176,3841.47352941177,420.438235294118,1436.57352941176,961.438235294118,3166.93235294118,410.829411764706,142.267647058824,984.80294117647,2522.65588235294,1236.39117647059,405.602941176471,974.620588235294,2029.82352941176,614.488235294118,3244.62647058824,573.423529411765,1297.92941176471,327.505882352941,122.202941176471,1016.63235294118,420.402941176471,14070.2676470588,8342.94705882353,340,28.9108636500379,15.0013848622054,0.854844655013663,0.965909090909091,0.688259109311741,-1.06644940145284,FAHNSCC_15,HN,1,FAHNSCC_15,tumor cells,,carcinoma_in_situ_FAHNSCC_15_2
30026,34410,9240.4441260745,131.232091690544,78.3724928366762,603.065902578797,18.3438395415473,2379.47564469914,472.578796561605,192.905444126074,951.793696275072,3868.74498567335,416.845272206304,1226.71346704871,978.43553008596,3181.01146131805,427.819484240688,127.704871060172,1026.43839541547,2802.16905444126,1469.71346704871,388.372492836676,991.647564469914,2454.6217765043,989.661891117478,2567.40401146132,574.329512893983,1355.0659025788,311.318051575931,119.667621776504,1016.00573065903,415.146131805158,13683.0315186246,8950.42406876791,349,30.9835082110341,15.1891618244742,0.871590992101461,0.853300733496333,0.622103386809269,1.50400288918315,FAHNSCC_15,HN,1,FAHNSCC_15,Ki67+ tumor cells,,carcinoma_in_situ_FAHNSCC_15_2
30179,34585,14902.2474012474,265.496881496882,97.1975051975052,600.711018711019,14.5571725571726,3856.28066528067,629.345114345114,298.318087318087,966.831600831601,5613.53222453223,449.070686070686,786.29106029106,1051.87941787942,3715.55925155925,386.174636174636,169.459459459459,1034.30977130977,2748.90228690229,719.781704781705,402.081081081081,1081.05821205821,2231.2869022869,328.48024948025,1536.58835758836,578.097713097713,1116.47193347193,314.444906444906,119.823284823285,997.995841995842,414.049896049896,13346.7422037422,8782.90020790021,481,31.2497305685252,19.6398672324401,0.777824799587232,0.971717171717172,0.721139430284858,0.551369930604626,FAHNSCC_15,HN,1,FAHNSCC_15,tumor cells,,carcinoma_in_situ_FAHNSCC_15_2
30201,34611,9016.49559471366,162.748898678414,76.2599118942731,601.775330396476,44.1850220264317,2288.93392070485,471.535242290749,241.23127753304,956.93832599119,3546.36343612335,412.685022026432,1059.19603524229,1012.95154185022,2345.28414096916,428.383259911894,157.218061674009,1096.61894273128,1783.13656387665,1310.54845814978,401.949339207048,1195.8436123348,1339.72246696035,647.061674008811,1624.87224669604,575.070484581498,833.4140969163,271.86563876652,112.074889867841,996.301762114538,411.65859030837,13227.9339207048,8518.67621145375,454,31.2207874765802,18.5626617199617,0.804050528056702,0.95578947368421,0.732258064516129,-0.190452404086127,FAHNSCC_15,HN,1,FAHNSCC_15,tumor cells,,carcinoma_in_situ_FAHNSCC_15_2
30205,34618,4040.78534031414,248.340314136126,101.602094240838,596.089005235602,7.27225130890052,833.937172774869,409.696335078534,199.277486910995,945.073298429319,1528.52356020942,392.141361256545,5235.46073298429,943.293193717278,1626.57591623037,361.869109947644,118.460732984293,941.2722513089,1403.78534031414,1058.92146596859,413.65445026178,959.068062827225,1055.32460732984,467.041884816754,3561.89005235602,574.738219895288,959.952879581152,312.340314136126,117.722513089005,1000.23036649215,415.513089005236,13610.9476439791,8164.02617801047,191,16.6943119436826,14.6136669523461,0.483457146687501,0.945544554455446,0.749019607843137,0.563851731413441,FAHNSCC_15,HN,1,FAHNSCC_15,tumor cells,,carcinoma_in_situ_FAHNSCC_15_2
30243,34667,11038.3926380368,146.952965235174,80.8854805725971,597.094069529652,17.3047034764826,1167.82413087935,347.60327198364,202.740286298569,994.562372188139,3692.78936605317,384.415132924335,727.879345603272,1075.39468302659,2829.38445807771,354.770961145194,181.147239263804,1132.30470347648,1889.16768916155,884.955010224949,393.80572597137,1184.02658486708,1370.26584867076,395.423312883436,1646.13496932515,576.445807770961,757.147239263804,246.795501022495,108.728016359918,993.014314928425,409.087934560327,13229.8241308793,8676.49284253579,489,28.6031942311433,22.2810553054825,0.627060102564098,0.955078125,0.723372781065089,0.717278410009388,FAHNSCC_15,HN,1,FAHNSCC_15,tumor cells,,carcinoma_in_situ_FAHNSCC_15_2
30282,34711,36090.3,522.983870967742,155.264516129032,612.174193548387,340.625806451613,7665.10967741936,890.441935483871,275.6,980.629032258064,11295.6193548387,748.941935483871,162.18064516129,962.561290322581,9008.46129032258,473.58064516129,163.822580645161,1356.53225806452,6374.29032258065,750.116129032258,431.261290322581,974.748387096774,6574.90967741936,357.18064516129,7868.8,1971.52258064516,1717.87096774194,400.448387096774,138.245161290323,1042.09032258065,422.854838709677,14695.6870967742,9009.18064516129,310,20.6045307264869,19.1792094531503,0.365465563097562,0.965732087227414,0.776942355889724,-0.279659596658059,FAHNSCC_15,HN,1,FAHNSCC_15,endothelial cells,,carcinoma_in_situ_FAHNSCC_15_2
30298,34729,17313.8238341969,461.176165803109,129.668393782383,608.077720207254,466.699481865285,4483.81865284974,3816.70984455959,226.761658031088,959.119170984456,7070.61658031088,802.025906735751,251.145077720207,964.746113989637,6959.9481865285,755.321243523316,1764.55958549223,1121.45077720207,4930.64248704663,649.40932642487,397.554404145078,977.787564766839,4658.46113989637,520.20207253886,3052.73575129534,658.59067357513,2211.77202072539,355.523316062176,661.746113989637,1006.87046632124,425.927461139896,14007.9222797927,8833.87046632124,193,19.5277033442185,12.8499939485268,0.752983687764208,0.946078431372549,0.781376518218624,-0.004195955776816,FAHNSCC_15,HN,1,FAHNSCC_15,dendritic cells,,carcinoma_in_situ_FAHNSCC_15_2
30365,34802,9104.0796812749,228.96812749004,78.3386454183267,605.378486055777,10.2868525896414,2043.03984063745,469.350597609562,215.270916334661,952.151394422311,3421.49003984064,424.880478087649,1954.86454183267,941.171314741036,3221.17529880478,416.274900398406,124.302788844622,924.462151394422,2574.18725099602,1446.76494023904,416.0796812749,957.239043824701,2370.42629482072,668.888446215139,2985.45418326693,574.940239043825,1663.37450199203,385.374501992032,132.641434262948,1015.74103585657,425.597609561753,14287.235059761,8123.27888446215,251,19.6087469191954,16.3111565829,0.555029530090217,0.950757575757576,0.738235294117647,0.130387654133633,FAHNSCC_15,HN,1,FAHNSCC_15,tumor cells,,carcinoma_in_situ_FAHNSCC_15_2
30374,34817,3543.73636363636,230.548484848485,97.4151515151515,608.745454545455,15.0727272727273,821.284848484849,487.727272727273,241.869696969697,954.393939393939,1413.55757575758,434.312121212121,2728.22424242424,958.730303030303,1123.51515151515,444.151515151515,158.569696969697,965.287878787879,1074.61515151515,945.778787878788,395.239393939394,940.830303030303,848.293939393939,269.766666666667,1907.14848484849,575.063636363636,929.663636363636,374.757575757576,131.50303030303,998.739393939394,415.866666666667,13368.2727272727,9183.58181818182,330,22.095594052881,19.0543788025079,0.506293875676625,0.979228486646884,0.789473684210526,-1.4256657175893,FAHNSCC_15,HN,1,FAHNSCC_15,tumor cells,,carcinoma_in_situ_FAHNSCC_15_2
30378,34821,13238.75,217.617924528302,72.9716981132076,608.740566037736,155.372641509434,3571.91981132076,524.896226415094,206.004716981132,952.509433962264,5247.6179245283,437.349056603774,178.028301886792,954.683962264151,3985.79245283019,469.297169811321,170.622641509434,1005.97641509434,3290.93396226415,563.839622641509,385.311320754717,966.264150943396,2962.45283018868,251.179245283019,1387.49528301887,1213.70283018868,1611.58018867925,327.537735849057,127.448113207547,1019.98113207547,418.943396226415,14019.9952830189,9397.22641509434,212,18.7242447268273,14.4397579963818,0.636617486210822,0.954954954954955,0.779411764705882,-0.895126541175503,FAHNSCC_15,HN,1,FAHNSCC_15,stromal cells,,carcinoma_in_situ_FAHNSCC_15_2
30411,34857,26345.4134615385,507.554487179487,145.695512820513,613.490384615385,219.060897435897,6840.79487179487,874.560897435898,265.971153846154,973.201923076923,10977.9038461538,668.012820512821,183.195512820513,962.461538461539,8771.94230769231,715.144230769231,1401.53525641026,1304.875,7109.44871794872,815.423076923077,441.182692307692,1045.76282051282,6592.98076923077,407.823717948718,8619.65384615385,2366.91987179487,2235.85256410256,411.320512820513,158.019230769231,1070.86538461538,428.233974358974,14685.0737179487,8604.45192307692,312,23.2823127200303,17.208070057112,0.673590404467431,0.951219512195122,0.746411483253589,0.510499712198121,FAHNSCC_15,HN,1,FAHNSCC_15,endothelial cells,,carcinoma_in_situ_FAHNSCC_15_2
30416,34862,14599.9126637555,210.122270742358,82.5851528384279,606.807860262009,168.152838427948,3760.79912663755,490.602620087336,207.25327510917,947.659388646288,6562.37991266376,433.484716157205,1088.5807860262,968.157205240175,4600.44104803493,510.650655021834,389.087336244542,965.580786026201,4465.26637554585,1714.24454148472,337.157205240175,1012.2096069869,3930.08296943231,556.825327510917,2260.38427947598,598.327510917031,2304.24454148472,346.947598253275,125.96943231441,1799.89082969432,423.2096069869,13754.6812227074,8421.2096069869,229,18.4951159781693,16.0039319419262,0.501244248133767,0.938524590163934,0.748366013071895,0.991939196227486,FAHNSCC_15,HN,1,FAHNSCC_15,tumor cells,,carcinoma_in_situ_FAHNSCC_15_2
30428,34874,25755.5918367347,424.517006802721,136.414965986395,612.819727891157,210.826530612245,6746.36054421769,732.227891156463,238.724489795918,955.074829931973,9989.71428571429,559.170068027211,232.799319727891,955.442176870748,6357.09523809524,423.156462585034,175.387755102041,1031.11224489796,4889.30952380952,649.69387755102,402.336734693878,946.938775510204,4051.56462585034,325.687074829932,2400.24829931973,1011.4693877551,1669.56802721088,332.21768707483,121.268707482993,1006.97959183673,420.125850340136,14590.5476190476,8697.22448979592,294,24.6568923032806,15.2274529117179,0.786512866744861,0.967105263157895,0.816666666666667,-0.0175336017283898,FAHNSCC_15,HN,1,FAHNSCC_15,stromal cells,,carcinoma_in_situ_FAHNSCC_15_2
30532,35000,6833.97,157.54,89.6233333333333,604.23,18.8533333333333,1791.42,449.966666666667,195.55,942.806666666667,2952.66,429.71,1887.82,952.11,2337.78666666667,412.31,119.276666666667,983.273333333333,2229.24333333333,2214.7,397.6,951.203333333333,1886.88333333333,692.413333333333,3482.24666666667,578.99,1364.61333333333,326.31,122.686666666667,1014.16,420.48,14439.6966666667,8508.28,300,22.5604267981453,16.9652752676681,0.659171484041078,0.958466453674121,0.714285714285714,0.874485440330525,FAHNSCC_15,HN,1,FAHNSCC_15,tumor cells,,carcinoma_in_situ_FAHNSCC_15_2
30536,35005,7370.61231884058,220.858695652174,89.4275362318841,598.065217391304,15.6231884057971,1905.50362318841,531.626811594203,247.217391304348,956.746376811594,2717.75362318841,396.427536231884,2157.86594202899,997.445652173913,1876.92753623188,384.43115942029,145.507246376812,1001.17753623188,1469.94202898551,809.253623188406,396.626811594203,963.144927536232,1033.14492753623,333.228260869565,2106.40942028986,573.963768115942,903.485507246377,311.833333333333,118.057971014493,987.579710144928,412.731884057971,13357.7826086957,8758.54347826087,276,21.0266739266595,16.8176016305159,0.600236928129261,0.961672473867596,0.773109243697479,-0.0717194323319238,FAHNSCC_15,HN,1,FAHNSCC_15,tumor cells,,carcinoma_in_situ_FAHNSCC_15_2
30565,35039,29099.2599118943,615.458149779736,186.933920704846,609.237885462555,112.911894273128,7785.52422907489,908.79295154185,274.599118942731,964.189427312775,11330.6167400881,632.070484581498,196.008810572687,960.083700440529,7329.9295154185,450.651982378855,190.881057268723,1084.75330396476,5844.85022026432,734.453744493392,423.330396475771,954.079295154185,5272.14537444934,356.136563876652,3713.09251101322,1007.03083700441,1770.33920704846,378.079295154185,148.550660792952,1033.18502202643,423.515418502203,14668.0925110132,8708.3436123348,227,19.8777262624687,14.5473463368317,0.681474813014729,0.957805907172996,0.741830065359477,0.700068105890237,FAHNSCC_15,HN,1,FAHNSCC_15,CD4+ T cells,,carcinoma_in_situ_FAHNSCC_15_2
30581,35059,12958.2168141593,288.641592920354,91.3318584070796,604.995575221239,64.712389380531,3149.03539823009,901.349557522124,189.672566371681,962.451327433628,3888.09292035398,765.398230088496,166.384955752212,1301.54424778761,2698.28761061947,379.646017699115,277.867256637168,1073.75221238938,1468.78761061947,495.606194690266,389.022123893805,958.172566371682,1065.20796460177,229.849557522124,1611.12831858407,771.734513274336,709.87610619469,263.41592920354,143.712389380531,975.561946902655,409.318584070797,14130.5353982301,9683.5796460177,226,20.3089182961257,14.2776423837094,0.711166833947515,0.957627118644068,0.753333333333333,1.23188805351002,FAHNSCC_15,HN,1,FAHNSCC_15,stromal cells,,carcinoma_in_situ_FAHNSCC_15_2
30605,35087,14400.8362369338,151.728222996516,68.6968641114983,596.034843205575,64.3797909407666,3532.20557491289,510.93031358885,204.135888501742,953.108013937282,5363.32055749129,474.989547038328,172.749128919861,953.770034843206,4270.47038327526,397.226480836237,141.128919860627,1239.85017421603,3490.24738675958,599.557491289199,391.616724738676,971.320557491289,3210.96167247387,272.644599303136,6935.93031358885,1376.51916376307,943.480836236934,318.933797909408,122.634146341463,1032.23344947735,413.637630662021,14296.8153310105,9105.00696864112,287,22.8237423442246,16.050683564788,0.710947547819519,0.950331125827814,0.734015345268542,-0.241470908525378,FAHNSCC_15,HN,1,FAHNSCC_15,stromal cells,,carcinoma_in_situ_FAHNSCC_15_2
30616,35102,13089.3937360179,207.438478747204,84.3937360178971,603.250559284116,17.248322147651,3269.30425055928,530.572706935123,283.7225950783,960.270693512304,5100.79418344519,440.340044742729,1027.29753914989,1040.72706935123,3514.59731543624,393.75615212528,164.888143176734,1098.57046979866,2582.15883668904,1064.57941834452,394.812080536913,1069.19463087248,2001.63534675615,1932.04026845638,2018.548098434,577.644295302014,947.684563758389,287.89932885906,114.37807606264,987.959731543624,411.174496644295,13785.4653243848,8713.1163310962,447,28.9879686919729,19.6572118456774,0.734954684266189,0.969631236442516,0.745,-0.74083313507589,FAHNSCC_15,HN,1,FAHNSCC_15,Ki67+ tumor cells,,carcinoma_in_situ_FAHNSCC_15_2
30651,35144,9832.46947368421,129.141052631579,64.3978947368421,600.218947368421,16.9789473684211,2428.62105263158,408.642105263158,194.604210526316,942.753684210526,3636.83578947368,399.153684210526,946.435789473684,1095.06105263158,2744.20842105263,364.132631578947,134.214736842105,999.648421052632,2223.68421052632,1033.87157894737,378.97052631579,989.675789473684,1830.36421052632,4299.02736842105,1908.73894736842,578.511578947368,854.627368421053,259.665263157895,110.395789473684,1002.72,409.421052631579,13694.5705263158,9178.3452631579,475,30.9545101302295,19.6540565574289,0.772566764406683,0.967413441955194,0.791666666666667,0.171526224933153,FAHNSCC_15,HN,1,FAHNSCC_15,Ki67+ tumor cells,,carcinoma_in_situ_FAHNSCC_15_2
30719,35225,5289.35611510791,183.302158273381,87.5863309352518,602.064748201439,15.4784172661871,1147.43165467626,428.176258992806,205.856115107914,949.176258992806,1972.41366906475,395.205035971223,3379.55035971223,951.223021582734,1401.38848920863,355.460431654676,136.557553956835,1024.06474820144,1197.56834532374,853.640287769784,385.5,960.532374100719,879.435251798561,357.809352517986,2273.17985611511,571.953237410072,831.061151079137,286.323741007194,112.845323741007,984.014388489209,411.967625899281,13248.9172661871,9016.84892086331,278,20.6094231629341,17.2008861818628,0.550837227768001,0.965277777777778,0.770083102493075,-0.737416252708215,FAHNSCC_15,HN,1,FAHNSCC_15,tumor cells,,carcinoma_in_situ_FAHNSCC_15_2
30737,35247,17616.8949275362,225.851449275362,84.1050724637681,606.007246376812,256.996376811594,3651.53260869565,561.521739130435,195.235507246377,951.130434782609,4515.22826086957,444.753623188406,152.659420289855,956.275362318841,2254.02536231884,358.391304347826,241.333333333333,995.81884057971,2124.03260869565,539.282608695652,381.452898550725,962.246376811594,1584.10869565217,251.076086956522,1389.67391304348,790.70652173913,840.202898550725,266.95652173913,126.492753623188,994.583333333333,409.507246376812,14518.7391304348,8884.80434782609,276,26.8484549388715,13.2362485084995,0.870030149345811,0.961672473867596,0.638888888888889,-0.553283079344977,FAHNSCC_15,HN,1,FAHNSCC_15,stromal cells,,carcinoma_in_situ_FAHNSCC_15_2
30798,35313,11472.5456431535,146.48755186722,71.7261410788382,603.134854771784,12.7780082987552,2580.89626556017,490.103734439834,240.626556016598,955.48132780083,3984.70124481328,423.697095435685,3181.94190871369,1105.89626556017,3388.59958506224,383.773858921162,136.48132780083,1010.9979253112,2420.80497925311,1303.94813278008,411.858921161826,988.045643153527,1975.04771784232,15145.2302904564,3031.0601659751,573.064315352697,1081.91493775934,317.759336099585,117.360995850622,1015.06846473029,418.134854771784,14282.020746888,8241.57468879668,482,30.4668512481199,20.1806812489134,0.749166626714074,0.973737373737374,0.741538461538462,-0.737920188972509,FAHNSCC_15,HN,1,FAHNSCC_15,Ki67+ tumor cells,,carcinoma_in_situ_FAHNSCC_15_2
30808,35324,8621.45074626866,335.549253731343,106.973134328358,606.686567164179,16.3671641791045,2004.58507462687,585.764179104478,261.832835820896,966.668656716418,3186.8776119403,507.235820895522,799.038805970149,984.04776119403,2566.81194029851,493.892537313433,167.29552238806,1027.96119402985,1774.60895522388,1227.98507462687,446.405970149254,1034.86567164179,1288.68059701493,1773.30447761194,6579.93134328358,578.540298507463,1002.62985074627,374.173134328358,133.791044776119,1009.22089552239,420.35223880597,14640.9194029851,8293.30149253731,335,25.7629015881701,16.6818689885175,0.762052580492773,0.971014492753623,0.693581780538302,0.644141874383583,FAHNSCC_15,HN,1,FAHNSCC_15,Ki67+ tumor cells,,carcinoma_in_situ_FAHNSCC_15_2
30828,35348,17139.6124567474,216.861591695502,79.3356401384083,608.152249134948,149.840830449827,4216.08650519031,654.138408304498,223.19723183391,978.57785467128,6658.13494809689,595.404844290658,151.512110726644,952.996539792388,5070.75778546713,429.463667820069,146.847750865052,1392.20069204152,4110.44290657439,629.145328719723,422.190311418685,972.491349480969,4130.59861591696,314.456747404844,8472.32525951557,1293.6124567474,1441.02076124567,311.529411764706,126.418685121107,1026.51557093426,416.80276816609,14577.1314878893,8976.99653979239,289,22.3128839339015,16.5264887356451,0.671868751812765,0.969798657718121,0.80952380952381,-0.347849457928179,FAHNSCC_15,HN,1,FAHNSCC_15,stromal cells,,carcinoma_in_situ_FAHNSCC_15_2
30838,35358,3613.65986394558,177.52380952381,70.7755102040816,596.316326530612,16.1394557823129,913.884353741497,341.166666666667,179.598639455782,946.69387755102,1619.2619047619,332.853741496599,3402.38095238095,984.095238095238,1319.45578231293,368.520408163265,117.214285714286,995.30612244898,1419.08843537415,1234.4387755102,382.785714285714,960.602040816326,1181.12585034014,1171.38095238095,2204.26870748299,576.625850340136,919.003401360544,282.06462585034,115.748299319728,1000.58163265306,411.510204081633,13355.5782312925,9352.02040816327,294,20.9253700279694,17.8789528832557,0.51959096890653,0.97029702970297,0.777777777777778,0.24520212206499,FAHNSCC_15,HN,1,FAHNSCC_15,Ki67+ tumor cells,,carcinoma_in_situ_FAHNSCC_15_2
30934,35476,7335.50517598344,147.544513457557,77.9337474120083,607.459627329193,12.9937888198758,1788.75983436853,473.91718426501,227.525879917184,954.103519668737,3043.8033126294,402.260869565217,1314.71014492754,1010.37060041408,2361.36231884058,361.159420289855,175.687370600414,1018.02691511387,1961.68737060041,840.308488612836,409.109730848861,1061.07039337474,1467.22360248447,333.631469979296,2442.2215320911,577.339544513458,978.062111801242,290.621118012422,117.366459627329,979.987577639752,413.138716356108,14155.3271221532,8420.44720496895,483,28.0838728826599,21.9215382026315,0.625063505217099,0.975757575757576,0.774038461538462,0.577633632850164,FAHNSCC_15,HN,1,FAHNSCC_15,tumor cells,,carcinoma_in_situ_FAHNSCC_15_2
30960,35509,6254.63953488372,153.837209302326,79.484496124031,610.639534883721,18.2248062015504,1548.56201550388,433.050387596899,193.375968992248,945.333333333333,2515.27906976744,416.93023255814,1511.20930232558,975.263565891473,2115.33720930233,384.062015503876,122.197674418605,988.918604651163,1873.96511627907,1483.2480620155,384.263565891473,957.201550387597,1529.07364341085,1566.38372093023,3000.57364341085,577.313953488372,1065.48449612403,334.883720930233,123.209302325581,1009.08914728682,413.131782945736,13853.1860465116,8875.55813953488,258,20.1625775511924,16.3326067484735,0.586366919779875,0.962686567164179,0.848684210526316,-1.21450003787319,FAHNSCC_15,HN,1,FAHNSCC_15,Ki67+ tumor cells,,carcinoma_in_situ_FAHNSCC_15_2
31004,35563,18391.5897435897,518.984615384615,527.271794871795,604.779487179487,281.579487179487,4405.89743589744,805.923076923077,214.676923076923,976.682051282051,6454.28717948718,515.374358974359,237.830769230769,952.051282051282,3844.54871794872,545.241025641026,403.707692307692,964.866666666667,3295.98974358974,540.425641025641,392.805128205128,954.882051282051,2779.17948717949,255.030769230769,1276.53846153846,654.076923076923,1383.62564102564,316.251282051282,162.692307692308,996.615384615385,417.769230769231,13596.8512820513,9611.80512820513,195,18.7290901167621,13.2886385988592,0.704686664869837,0.946601941747573,0.716911764705882,-0.837801482897761,FAHNSCC_15,HN,1,FAHNSCC_15,Unknown,,carcinoma_in_situ_FAHNSCC_15_2
31025,35585,7756.87612612613,129.842342342342,70.7747747747748,597.927927927928,25.536036036036,1965.09234234234,725.191441441442,225.457207207207,948.963963963964,3146.00225225225,383.202702702703,916.434684684685,1088.35810810811,2193.30855855856,396.328828828829,155.817567567568,1093.27927927928,1815.25675675676,1700.35810810811,388.900900900901,1096.54279279279,1314.72297297297,587.416666666667,2858.72297297297,576.078828828829,765.126126126126,250.331081081081,114.191441441441,993.572072072072,410.279279279279,13174.2117117117,9143.94144144144,444,29.8559533532322,19.0029285998865,0.771287362619467,0.973684210526316,0.76551724137931,-1.23963231421875,FAHNSCC_15,HN,1,FAHNSCC_15,tumor cells,,carcinoma_in_situ_FAHNSCC_15_2
31063,35626,6026.44745762712,208.545762711864,80.0135593220339,602.891525423729,160.08813559322,1475.59322033898,921.986440677966,187.616949152542,955.003389830508,2348.25423728814,766.220338983051,176.698305084746,940.840677966102,1805.61355932203,545.240677966102,190.274576271186,1035.63389830508,1634.83050847458,526.806779661017,381.66779661017,957.769491525424,1392.85084745763,226.15593220339,1041.96271186441,688.884745762712,984.003389830508,320.233898305085,229.128813559322,1028.99661016949,413.949152542373,14125.6237288136,9571.32203389831,295,23.5314854578724,16.5075907070318,0.712658842788297,0.921875,0.638528138528139,-0.730984841237036,FAHNSCC_15,HN,1,FAHNSCC_15,stromal cells,,carcinoma_in_situ_FAHNSCC_15_2
31066,35630,10961.6074380165,124.202479338843,59.7644628099174,607.904958677686,272.231404958678,3613.85123966942,501.066115702479,200.851239669422,952.123966942149,5398.96280991736,423.561983471074,152.384297520661,941.537190082645,4016.98760330579,388.599173553719,139.706611570248,1091.63636363636,3302.39669421488,557.880165289256,381.681818181818,956.309917355372,3161.2520661157,250.938016528926,1123.61157024793,1416.52892561983,1320.15702479339,315.066115702479,155.446280991736,1024.38429752066,414.880165289256,14178.9256198347,9281.32231404959,242,21.9219140459685,14.0668877716365,0.766971178801683,0.956521739130435,0.707602339181287,-0.851521166727594,FAHNSCC_15,HN,1,FAHNSCC_15,stromal cells,,carcinoma_in_situ_FAHNSCC_15_2
31094,35660,6667.11522633745,133.621399176955,78.4485596707819,609.864197530864,14.5020576131687,1425.26748971193,479.271604938272,206.279835390947,948.144032921811,2373.61728395062,412.687242798354,3295.48148148148,951.366255144033,2599.7366255144,420.625514403292,131.37037037037,918.308641975309,2037.44855967078,2040.31275720165,416.835390946502,993.559670781893,1777.99176954733,974.798353909465,3550.28395061728,573.160493827161,1343.46502057613,365.716049382716,129.069958847737,1015.70781893004,423.049382716049,14200.5843621399,8163.70781893004,243,24.6651404377951,12.611756777126,0.859390949577559,0.938223938223938,0.660326086956522,0.38180474050173,FAHNSCC_15,HN,1,FAHNSCC_15,Ki67+ tumor cells,,carcinoma_in_situ_FAHNSCC_15_2
31148,35719,7957.01886792453,263.861635220126,84.4213836477988,604.867924528302,291.96855345912,1948.49056603774,493.345911949686,182.77358490566,996.723270440252,2874.98113207547,418.918238993711,206.327044025157,948.396226415094,2081.88050314465,397.11320754717,148.836477987421,1069.28301886792,1611.71698113208,551.050314465409,382.691823899371,951.094339622642,1144.67295597484,291.918238993711,1697.62264150943,571.836477987421,827.867924528302,287.905660377359,116.232704402516,987.88679245283,410.364779874214,13633.9559748428,8991.60377358491,159,19.7842286972441,10.2646048237777,0.854878864314689,0.935294117647059,0.722727272727273,0.204874003401926,FAHNSCC_15,HN,1,FAHNSCC_15,stromal cells,,carcinoma_in_situ_FAHNSCC_15_2
31207,35788,5994.6992481203,110.240601503759,61.8834586466165,602.84962406015,252.827067669173,1604.81578947368,396.063909774436,171.199248120301,945.53007518797,2560.06015037594,365.526315789474,188.917293233083,950.157894736842,1958.53383458647,367.199248120301,128.048872180451,992.451127819549,1909.40977443609,502.387218045113,376.131578947369,955.714285714286,1641.1992481203,234.691729323308,3842.48872180451,619.71052631579,916.537593984962,272.890977443609,113.785714285714,1015.27819548872,411.687969924812,13687.3195488722,9508.53007518797,266,20.5495006445545,16.5063849683924,0.59564213152799,0.95,0.782352941176471,0.311644016248987,FAHNSCC_15,HN,1,FAHNSCC_15,stromal cells,,carcinoma_in_situ_FAHNSCC_15_2
31225,35809,13038.462962963,137.152777777778,75.1898148148148,609.606481481482,149.342592592593,3310.47222222222,512.375,195.092592592592,957.134259259259,4650.49074074074,462.106481481482,152.314814814815,949.388888888889,3126.60648148148,434.583333333333,132.888888888889,1095.74537037037,2206.99074074074,523.74537037037,377.606481481482,950.078703703704,1867.43518518518,251.060185185185,3066.10185185185,1385.01851851852,868.768518518519,293.087962962963,123.134259259259,1043.96296296296,408.375,14309.2407407407,9073.30092592592,216,21.0952090212175,13.1524266372091,0.781839839035317,0.919148936170213,0.685714285714286,-0.309258690299225,FAHNSCC_15,HN,1,FAHNSCC_15,stromal cells,,carcinoma_in_situ_FAHNSCC_15_2
31261,35850,12990.9184149184,166.447552447552,80.3193473193473,601.722610722611,35.025641025641,3109.20745920746,819.983682983683,234.505827505828,961.258741258741,4590.74592074592,472.666666666667,1274.61305361305,999.944055944056,3646.75058275058,416.226107226107,205.333333333333,1084.10722610723,2388.12587412587,731.048951048951,391.962703962704,1002.89277389277,2045.82983682984,522.337995337995,2402.15151515152,584.361305361305,1003.98368298368,306.540792540793,120.006993006993,1002.0979020979,412.559440559441,14515.2587412587,8792.37062937063,429,26.6065046551455,20.5614595122736,0.634651799686612,0.975,0.825,0.129073748574884,FAHNSCC_15,HN,1,FAHNSCC_15,tumor cells,,carcinoma_in_situ_FAHNSCC_15_2
31374,35987,41273.6020408163,568.119047619048,150.816326530612,619.448979591837,165.404761904762,9580.36734693878,917.765306122449,277.180272108844,962.795918367347,13074.9863945578,689.496598639456,248.945578231293,1043.51700680272,8608.28571428571,489.285714285714,338.493197278912,1152.20408163265,5945.59523809524,750.238095238095,583.384353741497,966.43537414966,5345.92176870748,379.238095238095,5483.18367346939,1320.6768707483,1951.92517006803,353.581632653061,149.428571428571,1028.21428571429,425.085034013605,14702.0306122449,8547.52380952381,294,21.2340390114676,17.6943924228012,0.55281624005236,0.954545454545455,0.777777777777778,-1.42385525571321,FAHNSCC_15,HN,1,FAHNSCC_15,CD4+ T cells,,carcinoma_in_situ_FAHNSCC_15_2
31426,36043,11720.2463054187,257.830870279146,85.0098522167488,605.594417077176,17.2758620689655,3149.55500821018,590.203612479475,244.753694581281,962.210180623974,4947.70279146141,453.23973727422,1426.7619047619,977.057471264368,3685.72577996716,400.622331691297,194.417077175698,977.205254515599,2735.15927750411,730.15763546798,409.72249589491,985.246305418719,2112.73234811166,358.387520525452,1251.51231527094,577.106732348112,1295.81116584565,344.742200328407,133.298850574713,987.407224958949,418.351395730706,13854.7487684729,8457.31362889984,609,36.434065826807,21.7113045296323,0.803053662855301,0.954545454545455,0.6796875,0.5563392789865,FAHNSCC_15,HN,1,FAHNSCC_15,tumor cells,,carcinoma_in_situ_FAHNSCC_15_2
31444,36063,18008.5704467354,242.996563573883,85.8178694158076,607.707903780069,266.993127147766,4914.90034364261,815.714776632303,243.848797250859,972.53264604811,7420.35395189003,706.446735395189,185.017182130584,966.182130584192,7883.87972508591,533.0,421.735395189003,1190.33333333333,3130.17525773196,672.243986254296,440.972508591065,955.487972508591,2948.51890034364,346.769759450172,5991.47766323024,1002.64261168385,1067.57388316151,308.463917525773,164.993127147766,1012.75257731959,417.024054982818,14661.9347079038,8527.20962199313,291,21.0388757580574,18.077437554767,0.511573178245859,0.941747572815534,0.734848484848485,-0.0323063030033535,FAHNSCC_15,HN,1,FAHNSCC_15,stromal cells,,carcinoma_in_situ_FAHNSCC_15_2
31453,36072,27129.0380434783,488.326086956522,130.497282608696,619.720108695652,671.296195652174,6557.3722826087,996.576086956522,228.475543478261,973.29347826087,10331.1277173913,618.010869565217,260.4375,991.48097826087,8053.23369565217,675.692934782609,908.864130434783,1166.08152173913,5250.91304347826,707.597826086957,403.5625,1108.02717391304,4058.31793478261,364.320652173913,2673.09239130435,698.228260869565,1103.70108695652,253.125,133.66847826087,999.902173913044,413.095108695652,14094.2038043478,8607.61956521739,368,31.3636787088416,15.1195323352805,0.876131936695886,0.936386768447837,0.741935483870968,0.15310140400888,FAHNSCC_15,HN,1,FAHNSCC_15,stromal cells,,carcinoma_in_situ_FAHNSCC_15_2
31464,36085,7688.3821656051,118.110403397028,65.0467091295117,604.91932059448,336.324840764331,2102.66666666667,408.787685774947,176.397027600849,948.590233545648,3141.49256900212,344.660297239915,153.87898089172,941.409766454352,2223.7898089172,352.972399150743,149.849256900212,1083.03184713376,1891.26751592357,519.443736730361,379.252653927813,957.91932059448,1434.78343949045,207.64118895966,883.513800424629,931.025477707006,755.736730360934,250.592356687898,167.72186836518,1005.3864118896,409.883227176221,14224.2887473461,9510.34394904458,471,33.5047811190714,18.073072444387,0.842038318403536,0.957317073170732,0.649655172413793,-0.945624232023524,FAHNSCC_15,HN,1,FAHNSCC_15,stromal cells,,carcinoma_in_situ_FAHNSCC_15_2
31470,36092,8635.75810473816,105.428927680798,67.8354114713217,602.57855361596,28.8977556109726,2154.4812967581,486.970074812968,225.990024937656,951.663341645885,3511.49127182045,371.940149625935,1906.30174563591,968.057356608479,2670.15710723192,373.887780548628,239.690773067332,959.526184538653,2023.73067331671,710.39650872818,392.521197007481,1047.5710723192,1656.29426433915,330.137157107232,2342.67581047382,575.491271820449,1061.88279301746,300.827930174564,130.047381546135,993.466334164588,411.96259351621,13902.8628428928,8500.66832917706,401,25.8028551582069,19.8388008178448,0.63941633657136,0.970944309927361,0.758034026465028,0.81594733059544,FAHNSCC_15,HN,1,FAHNSCC_15,tumor cells,,carcinoma_in_situ_FAHNSCC_15_2
31492,36118,10964.7987551867,178.483402489627,77.8858921161826,593.211618257261,16.454356846473,2431.49377593361,446.448132780083,212.174273858921,944.612033195021,3806.7489626556,397.346473029046,1158.2531120332,1023.70124481328,2817.55186721992,383.427385892116,158.541493775934,981.755186721992,2248.89626556017,1058.7531120332,387.576763485477,1073.07468879668,1887.73651452282,728.539419087137,2098.58091286307,572.307053941909,935.684647302904,280.51867219917,115.261410788382,999.340248962656,411.854771784232,13724.489626556,9062.52282157676,482,31.6588977541577,19.5525356013468,0.78649235622966,0.956349206349206,0.72263868065967,-0.435057413518706,FAHNSCC_15,HN,1,FAHNSCC_15,tumor cells,,carcinoma_in_situ_FAHNSCC_15_2
31505,36134,6899.73667711599,112.846394984326,60.7335423197492,609.026645768025,348.830721003135,1843.0,404.719435736677,174.467084639498,947.369905956113,2899.90595611285,386.957680250784,151.286833855799,955.554858934169,2336.84326018809,330.271159874608,116.655172413793,962.918495297806,2393.21473354232,513.813479623825,378.014106583072,948.669278996865,2291.11598746082,213.601880877743,767.957680250784,589.402821316614,1412.48902821317,310.819749216301,124.007836990596,999.454545454546,416.275862068966,14690.487460815,9377.80407523511,638,56.4717559479772,14.7745207259909,0.965169132982264,0.93411420204978,0.708102108768036,-1.45070078934054,FAHNSCC_15,HN,1,FAHNSCC_15,stromal cells,,carcinoma_in_situ_FAHNSCC_15_2
31506,36135,30884.1428571429,472.464285714286,144.959821428571,622.78125,219.1875,7345.96875,907.227678571429,273.196428571429,980.875,9796.30803571429,665.272321428571,207.883928571429,962.566964285714,9009.42410714286,635.401785714286,249.736607142857,1141.3125,6251.04017857143,733.366071428571,421.491071428571,1004.24107142857,6498.85714285714,351.366071428571,5175.74107142857,1770.02678571429,2063.51785714286,441.258928571429,170.741071428571,1062.89285714286,428.209821428571,13969.9553571429,9528.51339285714,224,20.9346871096372,13.9434000044041,0.745913424482662,0.921810699588477,0.693498452012384,-0.839636813658492,FAHNSCC_15,HN,1,FAHNSCC_15,endothelial cells,,carcinoma_in_situ_FAHNSCC_15_2
31515,36146,31256.0178571429,487.674107142857,138.116071428571,616.294642857143,229.549107142857,6985.54017857143,892.9375,255.941964285714,969.379464285714,10291.5178571429,645.200892857143,195.8125,962.602678571429,7258.26785714286,507.339285714286,169.741071428571,1155.88392857143,5149.24107142857,670.575892857143,393.852678571429,973.410714285714,4902.73214285714,302.870535714286,6143.49107142857,1261.77678571429,1208.80357142857,318.303571428571,127.508928571429,1025.5,412.290178571429,14320.8035714286,9146.06696428571,224,20.9003621793787,13.6533636079763,0.757133944104606,0.957264957264957,0.785964912280702,-0.460218013512911,FAHNSCC_15,HN,1,FAHNSCC_15,stromal cells,,carcinoma_in_situ_FAHNSCC_15_2
31517,36149,4550.09747292419,141.978339350181,74.5812274368231,604.173285198556,19.0252707581227,1139.38628158845,400.252707581227,181.880866425993,947.801444043321,1876.10469314079,360.187725631769,9922.12274368231,942.797833935018,1660.92057761733,346.978339350181,117.425992779783,978.624548736462,1457.35740072202,618.184115523466,380.552346570397,949.4440433213,1244.05415162455,243.487364620939,4438.97833935018,575.996389891697,870.342960288809,279.13357400722,114.909747292419,1001.18411552347,410.187725631769,13875.7472924188,9215.76534296029,277,20.1757550797111,17.5212095729017,0.4958136527914,0.971929824561404,0.809941520467836,-1.03145711333542,FAHNSCC_15,HN,1,FAHNSCC_15,tumor cells,,carcinoma_in_situ_FAHNSCC_15_2
31537,36170,27357.7827715356,1344.86891385768,814.059925093633,638.191011235955,1425.63670411985,5883.83146067416,687.419475655431,219.794007490637,1122.01123595506,7715.66292134832,543.737827715356,187.441947565543,958.846441947566,5936.87640449438,536.835205992509,148.808988764045,1018.63670411985,4657.87265917603,595.303370786517,397.775280898876,960.805243445693,3849.4531835206,296.468164794007,577.977528089888,603.21722846442,1384.89887640449,327.082397003745,146.479400749064,1000.86516853933,415.659176029963,14013.5692883895,9734.32584269663,267,21.9861003837145,15.6966990865308,0.700209544071028,0.95017793594306,0.702631578947368,-0.769822408086126,FAHNSCC_15,HN,1,FAHNSCC_15,regulatory T cells,,carcinoma_in_situ_FAHNSCC_15_2
31637,36296,29218.6561403509,360.101754385965,100.901754385965,610.435087719298,130.673684210526,6965.51578947368,4995.77894736842,255.59298245614,972.922807017544,9340.40350877193,1396.22807017544,289.059649122807,967.747368421053,6528.68771929825,512.487719298246,348.922807017544,1265.4701754386,4955.2350877193,706.178947368421,400.550877192982,1006.84210526316,4821.80701754386,317.294736842105,7810.28771929825,1064.85964912281,1314.41403508772,323.428070175439,426.835087719298,1025.70175438597,414.764912280702,14545.4631578947,8952.92280701754,285,22.0619700847867,16.4860854939259,0.664528841934805,0.956375838926174,0.753968253968254,-0.515852935712688,FAHNSCC_15,HN,1,FAHNSCC_15,M2 macrophages,,carcinoma_in_situ_FAHNSCC_15_2
31691,36358,10422.5384615385,409.608974358974,672.942307692308,618.096153846154,445.192307692308,2378.90384615385,521.442307692308,195.794871794872,957.083333333333,3576.1858974359,465.217948717949,187.057692307692,937.698717948718,2506.45512820513,552.487179487179,144.865384615385,1109.19230769231,1415.22435897436,547.871794871795,394.076923076923,958.532051282051,998.641025641026,245.121794871795,1667.23717948718,606.583333333333,850.012820512821,327.551282051282,133.948717948718,1010.0,409.153846153846,14342.5192307692,9246.77564102564,156,19.4454277000856,10.2750597917382,0.848992481596516,0.951219512195122,0.746411483253589,-1.28183771535218,FAHNSCC_15,HN,1,FAHNSCC_15,Unknown,,carcinoma_in_situ_FAHNSCC_15_2
31703,36372,16990.5652173913,272.946859903382,90.8115942028986,600.632850241546,204.92270531401,4041.02898550725,604.169082125604,215.772946859903,959.48309178744,6264.63768115942,501.115942028986,220.676328502415,959.850241545894,4500.36714975845,392.473429951691,279.864734299517,1032.29468599034,3768.23671497585,633.0,405.753623188406,947.309178743961,2964.45893719807,336.304347826087,2330.66183574879,614.463768115942,1562.41062801932,302.676328502415,152.342995169082,1005.06280193237,420.004830917874,14664.7101449275,8442.73429951691,207,23.7036796432934,11.1757989865598,0.88187702241517,0.953917050691244,0.723776223776224,0.310802527040595,FAHNSCC_15,HN,1,FAHNSCC_15,stromal cells,,carcinoma_in_situ_FAHNSCC_15_2
31721,36393,9817.3380952381,203.452380952381,96.3880952380953,608.735714285714,593.019047619048,2499.82857142857,467.35,185.702380952381,948.002380952381,3685.61904761905,485.338095238095,138.45,968.67380952381,2882.43095238095,406.795238095238,161.919047619048,1175.35714285714,1907.51666666667,537.978571428571,383.564285714286,978.628571428571,1365.97380952381,202.32380952381,2285.60238095238,608.040476190476,728.483333333333,254.364285714286,115.907142857143,1000.12857142857,408.133333333333,14594.3452380952,9286.77142857143,420,35.6196954210376,15.4599041388035,0.900899936179524,0.950226244343891,0.53639846743295,-0.722245084775268,FAHNSCC_15,HN,1,FAHNSCC_15,stromal cells,,carcinoma_in_situ_FAHNSCC_15_2
31729,36403,10865.2478070175,189.723684210526,75.9561403508772,614.09649122807,20.9254385964912,3006.79824561404,541.677631578947,234.736842105263,953.760964912281,4655.23245614035,480.342105263158,1099.18859649123,969.337719298246,3846.66228070175,389.537280701754,150.489035087719,958.017543859649,2826.92763157895,1057.84868421053,409.311403508772,1123.8399122807,2510.25219298246,1395.15570175439,3768.96052631579,584.08552631579,1340.35307017544,347.725877192982,127.592105263158,1010.78289473684,420.58552631579,14718.6096491228,8429.13377192982,456,30.6276809058499,19.0592746521002,0.782787434545155,0.968152866242038,0.76,-0.271920988822833,FAHNSCC_15,HN,1,FAHNSCC_15,Ki67+ tumor cells,,carcinoma_in_situ_FAHNSCC_15_2
31736,36411,14710.6164383562,286.972602739726,113.513698630137,601.424657534247,108.047945205479,3452.19178082192,609.986301369863,197.554794520548,944.184931506849,6082.08219178082,407.979452054795,451.883561643836,946.630136986301,4320.21917808219,378.732876712329,188.150684931507,922.404109589041,5133.6301369863,657.390410958904,396.821917808219,954.143835616438,4496.03424657534,620.013698630137,767.849315068493,588.602739726027,2892.6095890411,325.013698630137,126.438356164384,994.054794520548,426.808219178082,14013.4931506849,8425.95890410959,146,17.9367393356957,10.3764284304546,0.81568140541557,0.960526315789474,0.768421052631579,0.0010028880987906,FAHNSCC_15,HN,1,FAHNSCC_15,stromal cells,,carcinoma_in_situ_FAHNSCC_15_2
31738,36416,8450.84102564103,127.835897435897,79.8538461538462,622.776923076923,21.8461538461538,2072.94871794872,533.15641025641,235.689743589744,952.594871794872,3207.35128205128,410.341025641026,1852.5641025641,1035.31025641026,2528.44615384615,385.489743589744,151.679487179487,1013.8,1933.10769230769,1251.02051282051,410.415384615385,1060.82307692308,1566.48205128205,15338.8128205128,3568.04102564103,573.697435897436,1006.75897435897,298.692307692308,133.412820512821,998.971794871795,415.092307692308,14062.0871794872,8241.71025641026,390,25.328333352636,19.7877308842833,0.624219721152711,0.967741935483871,0.770750988142293,0.919340631268811,FAHNSCC_15,HN,1,FAHNSCC_15,Ki67+ tumor cells,,carcinoma_in_situ_FAHNSCC_15_2
31805,36485,8607.30360934183,127.609341825902,68.0806794055202,597.747346072187,18.0,2202.68152866242,405.785562632696,216.692144373673,945.507430997877,3403.59023354565,389.690021231423,1112.68365180467,975.254777070064,2429.45010615711,378.273885350319,139.605095541401,1025.88322717622,2109.93842887473,1074.92569002123,385.683651804671,997.380042462845,1757.70700636943,365.883227176221,1588.66029723992,574.619957537155,817.47983014862,267.282377919321,112.702760084926,993.335456475584,408.883227176221,13537.7791932059,9337.76857749469,471,31.2609182422819,19.2982280982211,0.786706181415127,0.967145790554415,0.696745562130178,0.761329238179579,FAHNSCC_15,HN,1,FAHNSCC_15,tumor cells,,carcinoma_in_situ_FAHNSCC_15_2
31809,36490,13438.3647416413,285.878419452888,94.8176291793313,611.26443768997,418.009118541033,3790.66565349544,1738.84498480243,204.082066869301,959.835866261398,5460.63829787234,469.273556231003,195.63829787234,975.066869300912,4471.78723404255,871.100303951368,1498.48328267477,1045.64741641337,3874.5349544073,597.896656534954,399.088145896657,994.106382978723,3513.54103343465,284.911854103343,2300.93617021277,644.504559270517,1490.72340425532,333.401215805471,701.091185410334,1026.51975683891,416.22188449848,13835.9331306991,9470.41337386018,329,30.5207569464232,13.7542474874933,0.892699590283131,0.953623188405797,0.709051724137931,-1.29227875684039,FAHNSCC_15,HN,1,FAHNSCC_15,dendritic cells,,carcinoma_in_situ_FAHNSCC_15_2
31812,36493,7742.5347985348,201.468864468864,85.8608058608059,599.043956043956,19.1245421245421,1942.41758241758,420.498168498169,187.893772893773,941.157509157509,2961.97435897436,383.234432234432,1757.95970695971,949.336996336996,2470.13919413919,368.300366300366,114.934065934066,1018.66666666667,2147.2673992674,1470.84615384615,380.81684981685,952.421245421245,1769.23076923077,568.699633699634,2187.72527472527,578.677655677656,1213.17948717949,298.384615384615,118.465201465201,1008.53846153846,414.92673992674,14191.0732600733,8814.65567765568,273,20.991317024026,16.554188340539,0.614879907160199,0.978494623655914,0.802941176470588,0.454884603534952,FAHNSCC_15,HN,1,FAHNSCC_15,tumor cells,,carcinoma_in_situ_FAHNSCC_15_2
31856,36544,13981.3982300885,243.057522123894,87.8230088495575,603.079646017699,62.7743362831858,3222.2389380531,645.725663716814,217.721238938053,956.765486725664,4926.49115044248,541.24778761062,157.517699115044,937.146017699115,4031.76991150442,391.384955752212,155.318584070796,1203.88495575221,3462.93805309735,606.535398230089,398.995575221239,952.234513274337,3356.19469026549,373.473451327434,6748.96017699115,987.08407079646,1685.44690265487,350.163716814159,128.924778761062,1022.85840707965,417.800884955752,14448.6769911504,8936.24336283186,226,18.0864881958146,15.9522528555069,0.471252480011752,0.953586497890295,0.738562091503268,-0.468191746679099,FAHNSCC_15,HN,1,FAHNSCC_15,stromal cells,,carcinoma_in_situ_FAHNSCC_15_2
31865,36554,23030.4723404255,356.204255319149,102.16170212766,612.348936170213,269.072340425532,5155.66808510638,833.004255319149,230.668085106383,959.693617021277,7872.0,580.353191489362,171.936170212766,938.31914893617,6898.86382978723,507.91914893617,220.459574468085,1151.81276595745,5444.43404255319,636.808510638298,398.927659574468,968.174468085106,5931.16595744681,299.029787234043,6515.5829787234,1829.42553191489,2434.59574468085,380.03829787234,136.034042553191,1027.85957446809,423.659574468085,14287.1319148936,9207.71063829787,235,20.096826551365,14.9192681189887,0.66999085375699,0.94758064516129,0.727554179566563,-0.523597369001355,FAHNSCC_15,HN,1,FAHNSCC_15,endothelial cells,,carcinoma_in_situ_FAHNSCC_15_2
31883,36573,27600.6181818182,398.323636363636,123.981818181818,612.370909090909,82.2945454545455,6614.57818181818,827.952727272727,263.105454545455,972.545454545454,9778.07272727273,670.814545454546,169.414545454545,966.421818181818,7281.50181818182,455.254545454546,181.629090909091,1257.25090909091,4153.51636363636,688.745454545455,413.912727272727,955.945454545455,3409.92363636364,318.12,7713.05818181818,1056.54545454545,1044.70545454545,335.650909090909,126.007272727273,1026.43636363636,415.101818181818,14847.6072727273,8872.86181818182,275,19.3234588344268,18.1317838326847,0.345740579678265,0.964912280701754,0.763888888888889,-0.0956393672632247,FAHNSCC_15,HN,1,FAHNSCC_15,stromal cells,,carcinoma_in_situ_FAHNSCC_15_2
31940,36639,24466.5569620253,291.886075949367,92.4978902953586,610.379746835443,330.898734177215,5459.91561181435,733.7805907173,232.616033755274,1077.16877637131,7539.94514767933,635.210970464135,186.341772151899,967.772151898734,5499.25738396625,561.860759493671,255.983122362869,5967.69198312236,3756.48523206751,587.008438818565,394.957805907173,967.645569620253,2944.39662447257,261.080168776371,1194.73417721519,683.135021097046,1301.77637130802,362.26582278481,279.721518987342,1038.57383966245,421.362869198312,13847.5654008439,9616.73839662447,237,23.161538983345,13.0581283297627,0.825921588391198,0.951807228915663,0.658333333333333,-0.913389606486548,FAHNSCC_15,HN,1,FAHNSCC_15,effector CD8+ T cells,,carcinoma_in_situ_FAHNSCC_15_2
32040,36756,16416.3119266055,169.243119266055,86.5137614678899,601.520642201835,88.6399082568807,3920.03899082569,491.355504587156,199.286697247706,949.536697247707,6064.97706422018,454.036697247706,893.993119266055,985.355504587156,3966.74082568807,673.626146788991,681.502293577982,1050.63302752294,3026.28899082569,2340.49770642202,395.52752293578,983.497706422018,2147.14449541284,1362.01605504587,5122.80275229358,689.740825688073,825.834862385321,267.192660550459,119.282110091743,1115.88302752294,413.215596330275,14434.754587156,8657.00917431193,436,27.7677813344655,20.5873394264097,0.671051176176639,0.956140350877193,0.741496598639456,-1.25397303716105,FAHNSCC_15,HN,1,FAHNSCC_15,Ki67+ tumor cells,,carcinoma_in_situ_FAHNSCC_15_2
32056,36773,13303.6007905138,180.494071146245,88.3162055335968,617.300395256917,191.703557312253,2893.66798418972,445.620553359684,189.098814229249,941.189723320158,4883.35968379447,414.703557312253,231.422924901186,955.932806324111,3335.07114624506,366.561264822134,152.04347826087,980.438735177866,2961.95652173913,603.063241106719,394.312252964427,960.197628458498,2222.86956521739,337.04743083004,1791.77470355731,1819.69169960474,1312.25296442688,331.173913043478,137.225296442688,1012.04743083004,415.067193675889,13810.5612648221,8618.47826086957,253,27.2358890158363,11.9440559759201,0.898711148170366,0.944029850746269,0.720797720797721,0.169148554108324,FAHNSCC_15,HN,1,FAHNSCC_15,endothelial cells,,carcinoma_in_situ_FAHNSCC_15_2
32085,36805,8507.79189686925,137.180478821363,74.2633517495396,596.957642725599,18.3922651933702,2223.77716390424,416.930018416206,232.237569060773,952.454880294659,3480.40883977901,407.513812154696,898.957642725599,1029.6832412523,2272.10497237569,390.871086556169,153.600368324125,1072.8876611418,1992.47513812155,1235.18047882136,381.871086556169,972.534069981584,1597.09576427256,1414.44567219153,2145.1197053407,577.265193370166,814.810313075506,258.521178637201,108.53591160221,1001.2467771639,408.795580110497,13508.0902394107,9334.92817679558,543,30.0919141292546,23.1599961877363,0.638475870084528,0.955985915492958,0.720159151193634,1.01561054883059,FAHNSCC_15,HN,1,FAHNSCC_15,Ki67+ tumor cells,,carcinoma_in_situ_FAHNSCC_15_2
32098,36821,14992.604,395.86,119.784,610.064,253.22,3278.86,701.976,214.872,969.44,4489.188,530.868,187.684,969.04,3432.236,483.484,357.892,1130.096,2250.376,568.948,400.3,968.72,1720.752,254.008,3803.804,1010.684,768.56,319.996,152.864,1033.404,408.624,13786.172,9595.996,250,19.966003742856,16.0076573720286,0.597665336636031,0.968992248062015,0.771604938271605,-0.903024367850856,FAHNSCC_15,HN,1,FAHNSCC_15,stromal cells,,carcinoma_in_situ_FAHNSCC_15_2
32180,36916,4143.79166666667,103.280303030303,67.7083333333333,595.064393939394,24.030303030303,989.359848484848,370.768939393939,198.083333333333,955.037878787879,1651.89015151515,374.700757575758,1393.20454545455,968.204545454546,1160.21212121212,379.787878787879,129.617424242424,1028.67803030303,1001.38257575758,1773.09090909091,375.590909090909,998.439393939394,738.82196969697,514.875,1751.85984848485,576.613636363636,716.314393939394,253.242424242424,110.276515151515,1002.37878787879,407.708333333333,13524.9659090909,9229.08333333333,264,19.0703103431541,17.6569905374363,0.377795663239646,0.963503649635036,0.771929824561404,-1.47416241972685,FAHNSCC_15,HN,1,FAHNSCC_15,tumor cells,,carcinoma_in_situ_FAHNSCC_15_2
32189,36925,7369.96464646465,143.69696969697,75.6186868686869,602.34595959596,9.68686868686869,1659.0404040404,478.032828282828,225.760101010101,950.987373737374,2648.82828282828,392.537878787879,2853.10353535354,948.237373737374,2464.73232323232,358.540404040404,148.068181818182,954.007575757576,1892.54797979798,910.704545454546,412.959595959596,992.578282828283,1602.27272727273,346.982323232323,1593.60606060606,572.111111111111,1198.25,338.878787878788,123.790404040404,990.931818181818,417.467171717172,14139.6313131313,8179.41666666667,396,30.1756397794842,16.8868284379757,0.828750744107111,0.958837772397094,0.776470588235294,-0.0202375565902031,FAHNSCC_15,HN,1,FAHNSCC_15,tumor cells,,carcinoma_in_situ_FAHNSCC_15_2
32207,36944,12817.5319767442,218.191860465116,99.1337209302326,610.921511627907,637.046511627907,3217.75,683.581395348837,194.25,956.523255813954,5287.71220930233,442.212209302326,360.063953488372,951.656976744186,3135.99127906977,578.56976744186,344.433139534884,1002.5726744186,2645.27325581395,655.19476744186,396.424418604651,976.078488372093,1903.11046511628,338.424418604651,1939.09593023256,592.84011627907,955.223837209302,275.357558139535,209.671511627907,990.25,410.732558139535,14025.8372093023,8486.5261627907,344,27.8692973705037,16.0372341949577,0.817840824889539,0.939890710382514,0.707818930041152,-0.188753466045484,FAHNSCC_15,HN,1,FAHNSCC_15,stromal cells,,carcinoma_in_situ_FAHNSCC_15_2
32223,36961,15640.1208791209,239.131868131868,89.959706959707,597.721611721612,141.923076923077,3857.76923076923,547.010989010989,205.223443223443,946.67032967033,5407.68498168498,438.78021978022,187.124542124542,986.794871794872,3774.30769230769,419.897435897436,155.347985347985,987.457875457876,3126.14652014652,555.96336996337,388.472527472528,956.802197802198,2583.62637362637,248.271062271062,1167.07692307692,632.065934065934,1079.91941391941,287.824175824176,117.490842490843,989.937728937729,413.571428571429,13679.1355311355,9478.84249084249,273,19.3513782251333,18.1337617612418,0.34911854829654,0.964664310954064,0.798245614035088,0.0823307625645688,FAHNSCC_15,HN,1,FAHNSCC_15,stromal cells,,carcinoma_in_situ_FAHNSCC_15_2
32249,36993,6728.18257261411,143.730290456432,78.3941908713693,609.145228215768,15.6141078838174,2347.55186721992,735.435684647303,212.576763485477,927.041493775934,2620.83402489627,391.767634854772,655.186721991701,1010.09128630705,1959.81742738589,345.232365145228,145.784232365145,1011.82157676349,1445.7510373444,767.53112033195,393.273858921162,951.970954356846,1054.60580912863,2055.93360995851,3529.65145228216,574.639004149378,882.352697095436,298.9377593361,112.651452282158,998.082987551867,410.269709543568,13132.2697095436,8867.15352697096,241,20.412024983366,15.0351979845563,0.676344634170423,0.956349206349206,0.746130030959752,0.564038835622121,FAHNSCC_15,HN,1,FAHNSCC_15,Ki67+ tumor cells,,carcinoma_in_situ_FAHNSCC_15_2
32319,37073,13352.4461538462,309.85641025641,101.907692307692,608.194871794872,456.54358974359,3401.47692307692,623.728205128205,208.666666666667,967.430769230769,5022.55384615385,640.174358974359,152.728205128205,949.564102564102,3793.92820512821,666.25641025641,152.897435897436,1201.75897435897,3392.05641025641,534.538461538462,387.241025641026,958.948717948718,3068.22051282051,232.805128205128,1896.08717948718,720.466666666667,986.379487179487,270.774358974359,125.6,995.225641025641,409.179487179487,14409.0256410256,9452.02051282051,195,17.1690699867988,14.4823726410321,0.537105199767857,0.960591133004926,0.764705882352941,0.296850328527236,FAHNSCC_15,HN,1,FAHNSCC_15,stromal cells,,carcinoma_in_situ_FAHNSCC_15_2
32426,37189,6299.52536231884,174.282608695652,82.25,599.003623188406,13.3804347826087,1357.92391304348,422.380434782609,216.996376811594,948.554347826087,2231.99637681159,395.054347826087,2402.82246376812,982.166666666667,2359.36594202899,401.644927536232,126.623188405797,1010.54710144928,1863.69565217391,1791.51449275362,410.608695652174,1002.45652173913,1426.50724637681,389.474637681159,2120.6231884058,569.557971014493,1092.21014492754,323.097826086957,118.105072463768,1010.61231884058,416.467391304348,13782.5543478261,8272.47463768116,276,23.3067506862372,15.1336603829797,0.760510876970096,0.951724137931034,0.696969696969697,-0.427472235226319,FAHNSCC_15,HN,1,FAHNSCC_15,tumor cells,,carcinoma_in_situ_FAHNSCC_15_2
32505,37278,21808.7262569832,356.251396648045,105.558659217877,611.502793296089,92.4748603351955,5033.40782122905,995.083798882682,246.117318435754,964.720670391062,7525.58100558659,1073.0,161.31843575419,952.430167597765,8020.93854748603,511.804469273743,342.843575418994,1143.8938547486,5014.50279329609,702.223463687151,409.659217877095,959.027932960894,5545.73184357542,331.307262569832,4055.94972067039,894.22905027933,2127.6312849162,403.173184357542,266.162011173184,1047.50837988827,424.720670391062,14875.0837988827,8932.59776536313,179,16.7607873349527,14.092892020114,0.541306768343488,0.927461139896373,0.662962962962963,1.27336260776344,FAHNSCC_15,HN,1,FAHNSCC_15,M2 macrophages,,carcinoma_in_situ_FAHNSCC_15_2
32515,37288,23846.0985074627,380.883582089552,110.322388059702,606.976119402985,148.919402985075,5102.14029850746,839.886567164179,259.940298507463,976.516417910448,7053.7223880597,762.486567164179,162.75223880597,973.862686567164,4955.79402985075,488.659701492537,227.540298507463,1348.15223880597,2215.56716417911,649.358208955224,405.140298507463,960.576119402985,1590.51641791045,297.674626865672,11252.223880597,1301.08656716418,889.892537313433,323.934328358209,131.546268656716,1019.17611940299,416.15223880597,14630.2059701493,8995.82686567164,335,22.6668345082271,18.8421436004968,0.555876505638536,0.957142857142857,0.759637188208617,-0.750898926053286,FAHNSCC_15,HN,1,FAHNSCC_15,stromal cells,,carcinoma_in_situ_FAHNSCC_15_2
32581,37362,25788.0309859155,712.419718309859,507.780281690141,611.867605633803,391.994366197183,6495.89577464789,695.211267605634,231.529577464789,987.912676056338,8987.6,615.546478873239,162.549295774648,955.433802816901,5762.56338028169,652.445070422535,183.777464788732,1167.68169014085,3716.63943661972,573.822535211268,396.422535211268,982.188732394366,2846.7014084507,243.2,2141.73521126761,613.529577464789,996.988732394366,288.157746478873,134.738028169014,1006.51267605634,409.881690140845,14424.9098591549,9268.27887323944,355,25.7317869765172,17.6010392634369,0.729463898164551,0.951742627345844,0.701581027667984,-0.659853537753018,FAHNSCC_15,HN,1,FAHNSCC_15,regulatory T cells,,carcinoma_in_situ_FAHNSCC_15_2
32582,37363,6333.70476190476,168.542857142857,72.9904761904762,605.209523809524,205.190476190476,1732.38095238095,786.238095238095,173.457142857143,957.619047619048,2646.20952380952,781.457142857143,142.876190476191,943.419047619048,1562.94285714286,346.247619047619,170.161904761905,1080.4380952381,1210.18095238095,470.190476190476,374.409523809524,958.438095238095,821.895238095238,180.504761904762,1689.62857142857,634.609523809524,708.780952380952,246.285714285714,145.742857142857,1004.48571428571,410.752380952381,14492.4285714286,9425.37142857143,105,13.4850485446108,9.92820467468387,0.676722736047374,0.945945945945946,0.729166666666667,-0.876662271107781,FAHNSCC_15,HN,1,FAHNSCC_15,stromal cells,,carcinoma_in_situ_FAHNSCC_15_2
32594,37376,32839.2727272727,606.95867768595,169.590909090909,608.714876033058,271.099173553719,8123.70247933884,921.107438016529,282.673553719008,976.243801652893,11437.2809917355,739.595041322314,178.190082644628,969.628099173554,8360.7479338843,579.578512396694,193.747933884298,1410.51652892562,6099.27685950413,782.082644628099,420.793388429752,984.892561983471,5702.63223140496,365.54958677686,11187.7561983471,1371.69421487603,1610.22314049587,376.933884297521,135.173553719008,1036.77685950413,424.177685950413,14665.9008264463,8910.03719008265,242,19.8189693721458,15.5543578459211,0.619721591375078,0.979757085020243,0.849122807017544,-0.0792686881170122,FAHNSCC_15,HN,1,FAHNSCC_15,CD4+ T cells,,carcinoma_in_situ_FAHNSCC_15_2
32623,37411,8089.23217922607,137.433808553972,66.7311608961304,601.012219959267,15.7291242362525,2055.7250509165,526.266802443992,230.380855397149,961.541751527495,3325.14867617108,460.645621181263,619.348268839104,1034.31771894094,3051.13645621181,450.160896130346,170.456211812627,1040.89205702648,2173.92871690428,1326.93482688391,410.456211812627,1349.72301425662,1814.74949083503,1281.85947046843,6229.14052953157,585.281059063137,1123.82281059063,332.386965376782,127.480651731161,1035.52138492872,416.857433808554,14743.5356415479,8426.2932790224,491,31.6671719155331,19.8011862123414,0.780391962289582,0.968441814595661,0.791935483870968,0.207305522724728,FAHNSCC_15,HN,1,FAHNSCC_15,Ki67+ tumor cells,,carcinoma_in_situ_FAHNSCC_15_2
32628,37416,6178.14349775785,130.473094170404,76.585201793722,601.988789237668,17.9865470852018,1527.06726457399,442.863228699552,199.520179372197,945.367713004484,2483.01569506726,420.614349775785,1507.63452914798,967.152466367713,2030.32959641256,399.251121076233,148.067264573991,1006.64798206278,1668.33408071749,1378.43497757848,386.152466367713,956.35201793722,1343.74439461883,373.677130044843,3589.40358744395,579.955156950673,1017.28923766816,296.890134529148,117.517937219731,1012.87219730942,413.414798206278,13696.3677130045,8931.95291479821,446,31.0083784463215,18.4077866847949,0.80473137622513,0.975929978118162,0.825925925925926,1.43065433900639,FAHNSCC_15,HN,1,FAHNSCC_15,tumor cells,,carcinoma_in_situ_FAHNSCC_15_2
32637,37425,7038.54618473896,155.971887550201,76.4578313253012,622.526104417671,18.4497991967871,1900.89558232932,414.931726907631,182.803212851406,948.915662650602,3064.00803212851,374.325301204819,2131.9718875502,955.305220883534,2276.11646586345,360.85140562249,127.232931726908,971.574297188755,2164.83534136546,953.112449799197,386.389558232932,959.044176706827,1856.51807228916,459.289156626506,2055.95180722892,573.694779116466,1192.79518072289,283.465863453815,116.710843373494,1003.10441767068,413.899598393574,13566.8955823293,8854.15261044177,249,21.2202251261461,14.9531509961532,0.709540109882852,0.961389961389961,0.732352941176471,0.55053872154604,FAHNSCC_15,HN,1,FAHNSCC_15,tumor cells,,carcinoma_in_situ_FAHNSCC_15_2
32654,37447,14016.7666666667,192.858333333333,72.2083333333333,595.458333333333,133.483333333333,2969.00833333333,469.791666666667,194.725,939.116666666667,5294.975,390.191666666667,237.866666666667,947.825,3145.975,360.108333333333,144.433333333333,955.725,2942.8,612.308333333333,390.0,962.633333333333,2146.81666666667,517.65,1223.31666666667,577.925,1200.525,313.025,119.516666666667,994.133333333333,413.758333333333,13578.2083333333,8651.50833333333,120,16.142188633086,9.68508426628185,0.800010635609031,0.930232558139535,0.681818181818182,0.368488488924684,FAHNSCC_15,HN,1,FAHNSCC_15,stromal cells,,carcinoma_in_situ_FAHNSCC_15_2
32657,37450,8250.35068493151,158.565753424658,81.2383561643836,603.542465753425,11.9369863013699,1842.85068493151,482.406849315069,269.605479452055,960.42602739726,2978.13835616438,406.98904109589,2626.45068493151,987.880821917808,2220.78356164384,364.786301369863,167.754794520548,1051.24657534247,1727.45205479452,919.121917808219,407.83698630137,1131.60136986301,1215.84109589041,339.745205479452,2211.38630136986,573.165753424658,848.719178082192,284.76301369863,113.941095890411,977.169863013699,411.82602739726,13240.3109589041,8424.50547945206,730,33.297503648225,28.1589886779587,0.533692404971521,0.96816976127321,0.760416666666667,-0.455916954853346,FAHNSCC_15,HN,1,FAHNSCC_15,tumor cells,,carcinoma_in_situ_FAHNSCC_15_2
32663,37456,4305.15584415584,120.24025974026,61.1818181818182,591.649350649351,15.6493506493507,1025.15584415584,375.967532467532,180.623376623377,939.298701298701,1775.37012987013,378.811688311688,1228.88311688312,949.487012987013,1279.70779220779,383.350649350649,125.538961038961,1030.44155844156,1069.12987012987,1936.77272727273,380.714285714286,979.415584415584,817.688311688312,275.623376623377,3570.31818181818,581.571428571429,782.519480519481,282.896103896104,114.201298701299,1019.46103896104,406.974025974026,13790.1168831169,9060.84415584416,154,15.7182816610687,12.4761016317285,0.608267757195171,0.974683544303797,0.78974358974359,0.4036488269518,FAHNSCC_15,HN,1,FAHNSCC_15,tumor cells,,carcinoma_in_situ_FAHNSCC_15_2
32678,37474,27735.8662420382,450.388535031847,131.369426751592,615.726114649682,148.834394904459,6545.23566878981,813.980891719745,261.254777070064,980.165605095541,8212.63057324841,651.15923566879,200.03821656051,962.012738853503,6312.07643312102,610.885350318471,234.87898089172,1147.56050955414,4007.14649681529,674.305732484076,417.592356687898,958.165605095541,3781.77707006369,321.751592356688,12437.2484076433,1377.26114649682,1323.7898089172,442.675159235669,150.407643312102,1086.49044585987,416.866242038217,13951.5159235669,9514.82802547771,157,16.4946784864072,12.2805284175436,0.667606215477484,0.928994082840237,0.710407239819005,1.25535919542136,FAHNSCC_15,HN,1,FAHNSCC_15,stromal cells,,carcinoma_in_situ_FAHNSCC_15_2
32794,37613,24149.2678571429,336.628571428571,100.271428571429,609.282142857143,82.4964285714286,6418.72857142857,837.439285714286,249.928571428571,971.928571428571,9608.29285714286,629.160714285714,175.457142857143,978.267857142857,6154.10714285714,440.639285714286,315.3,1303.5,5277.79285714286,691.607142857143,408.546428571429,968.960714285714,4407.47142857143,320.385714285714,6290.26428571429,2084.15714285714,1287.60357142857,326.932142857143,187.171428571429,1024.71785714286,415.639285714286,14672.9142857143,8824.76785714286,280,22.8897102855831,15.7206396174217,0.726847002146936,0.952380952380952,0.736842105263158,-0.656181112824391,FAHNSCC_15,HN,1,FAHNSCC_15,endothelial cells,,carcinoma_in_situ_FAHNSCC_15_2
32898,37727,4885.68823529412,118.970588235294,72.3,603.611764705882,25.5764705882353,1334.58823529412,465.511764705882,209.8,955.276470588235,2082.52941176471,434.535294117647,608.270588235294,1155.81764705882,1697.01176470588,443.782352941177,139.329411764706,1011.61764705882,1197.5,1716.67647058824,384.376470588235,948.670588235294,991.570588235294,390.758823529412,4366.21176470588,580.94705882353,828.935294117647,301.941176470588,117.576470588235,1027.45294117647,411.070588235294,14155.5470588235,9077.0,170,16.1962350690336,13.3689524647158,0.564495986092386,0.949720670391062,0.758928571428571,-1.37680540737414,FAHNSCC_15,HN,1,FAHNSCC_15,tumor cells,,carcinoma_in_situ_FAHNSCC_15_2
32946,37785,7978.15182186235,158.455465587045,78.080971659919,599.88056680162,15.7429149797571,1975.42712550607,424.372469635628,203.67004048583,951.11943319838,3301.0991902834,385.5,1115.76113360324,961.718623481781,2468.33805668016,417.087044534413,138.748987854251,1070.0951417004,2103.01417004049,1592.06072874494,389.2004048583,987.613360323887,1696.07894736842,410.621457489879,3211.26113360324,574.202429149798,1082.0991902834,289.218623481781,115.813765182186,1007.41295546559,413.317813765182,13568.024291498,8728.504048583,494,29.6461056000967,21.4150599377177,0.691520749971726,0.966731898238748,0.801948051948052,0.219691764346334,FAHNSCC_15,HN,1,FAHNSCC_15,tumor cells,,carcinoma_in_situ_FAHNSCC_15_2
32998,37848,26400.7352941176,421.149509803922,145.198529411765,612.921568627451,11.7303921568627,6304.39215686275,737.666666666667,287.607843137255,959.061274509804,9936.9362745098,612.644607843137,1519.29166666667,1104.69607843137,9919.55392156863,521.073529411765,165.71568627451,949.963235294118,6766.29901960784,1174.49019607843,478.107843137255,966.602941176471,6324.99019607843,15132.318627451,1143.89705882353,577.274509803922,3432.10294117647,473.615196078431,140.845588235294,1025.34558823529,445.311274509804,14466.3700980392,8184.6887254902,408,27.0724580853132,19.2905286832448,0.701619508891936,0.951048951048951,0.755555555555556,-0.225495657408862,FAHNSCC_15,HN,1,FAHNSCC_15,Ki67+ tumor cells,,carcinoma_in_situ_FAHNSCC_15_2
32999,37849,18934.4940476191,279.267857142857,97.9940476190476,608.535714285714,250.107142857143,5007.85714285714,602.011904761905,224.178571428571,946.011904761905,7495.91071428572,510.976190476191,163.375,943.654761904762,5191.50595238095,557.303571428571,153.809523809524,1094.0,4224.3630952381,659.113095238095,417.994047619048,949.833333333333,3416.98214285714,346.583333333333,3260.29761904762,1850.41666666667,1625.40476190476,337.761904761905,157.494047619048,1023.9880952381,417.184523809524,14706.0833333333,8597.06547619048,168,18.8294492252059,11.4906066603065,0.792211545712826,0.96,0.65625,0.815495448564122,FAHNSCC_15,HN,1,FAHNSCC_15,endothelial cells,,carcinoma_in_situ_FAHNSCC_15_2
33024,37881,5044.66666666667,171.93470790378,91.914089347079,601.412371134021,15.0274914089347,1389.49828178694,376.838487972509,184.955326460481,944.721649484536,2410.80412371134,359.398625429553,4711.78350515464,958.659793814433,1892.60824742268,356.405498281787,116.982817869416,948.666666666667,1808.09278350515,1408.88659793814,398.601374570447,944.106529209622,1441.50171821306,315.360824742268,1644.32989690722,571.690721649485,1133.35738831615,304.790378006873,118.096219931271,995.611683848797,417.134020618557,13447.0549828179,8562.29896907216,291,21.8303159525186,16.9748161274745,0.628784073700709,0.966777408637874,0.815126050420168,-0.31079678199376,FAHNSCC_15,HN,1,FAHNSCC_15,tumor cells,,carcinoma_in_situ_FAHNSCC_15_2
33035,37892,19816.1128404669,421.684824902724,130.04280155642,609.630350194553,378.217898832685,4735.66926070039,594.120622568093,234.879377431907,952.474708171206,7430.63424124514,518.610894941634,219.11673151751,950.715953307393,6569.64980544747,410.649805447471,322.894941634241,1011.24124513619,4984.46303501946,737.727626459144,423.315175097276,958.365758754864,4681.5719844358,388.210116731518,841.758754863813,585.719844357977,2459.68871595331,375.400778210117,192.867704280156,1003.81712062257,433.326848249027,14597.1322957198,8269.50194552529,257,25.6994379554235,12.7644798345012,0.86793189234371,0.958955223880597,0.713888888888889,0.341516914822815,FAHNSCC_15,HN,1,FAHNSCC_15,stromal cells,,carcinoma_in_situ_FAHNSCC_15_2
33062,37921,6224.05354058722,134.557858376511,64.1658031088083,600.153713298791,18.6891191709845,1326.44559585492,423.3402417962,240.692573402418,962.678756476684,2037.26252158895,368.580310880829,1261.67184801382,1095.73920552677,1456.61139896373,332.070811744387,168.620034542314,1184.36614853195,1127.19516407599,655.787564766839,374.13298791019,1243.12780656304,798.379965457686,258.113989637306,1960.94127806563,574.417962003454,675.609671848014,222.110535405872,101.886010362694,968.309153713299,405.975820379966,14003.0759930915,9005.45077720207,579,28.5041942013224,25.9751732755423,0.411797277914899,0.965,0.79532967032967,1.01113536350836,FAHNSCC_15,HN,1,FAHNSCC_15,tumor cells,,carcinoma_in_situ_FAHNSCC_15_2
33064,37923,27650.4166666667,379.984126984127,116.34126984127,608.297619047619,188.242063492064,7310.21031746032,759.765873015873,250.916666666667,959.436507936508,10816.6388888889,631.011904761905,175.543650793651,984.099206349206,7227.71428571429,463.416666666667,157.198412698413,1161.7380952381,5273.37698412698,705.400793650794,407.515873015873,972.674603174603,4532.00793650794,322.944444444444,6894.30952380952,1026.51587301587,1058.76984126984,313.424603174603,121.912698412698,1025.7380952381,409.301587301587,14645.3650793651,8825.86507936508,252,20.0621185473702,16.0487945198046,0.600059830700467,0.954545454545455,0.780185758513932,-0.368243284695045,FAHNSCC_15,HN,1,FAHNSCC_15,stromal cells,,carcinoma_in_situ_FAHNSCC_15_2
33069,37929,30656.4156862745,607.682352941176,88.9529411764706,607.329411764706,105.074509803922,7773.59607843137,754.043137254902,232.819607843137,1001.36470588235,11321.337254902,639.952941176471,152.811764705882,981.866666666667,9462.43137254902,611.160784313726,188.333333333333,1269.17647058824,6841.10980392157,662.125490196078,416.98431372549,981.972549019608,6588.12156862745,313.686274509804,4527.43529411765,1025.83529411765,1791.00392156863,351.933333333333,179.945098039216,1037.98431372549,417.972549019608,14527.4352941176,9139.62745098039,255,20.4529530097626,15.9120382345418,0.628286023319598,0.951492537313433,0.745614035087719,-0.609892613126363,FAHNSCC_15,HN,1,FAHNSCC_15,CD4+ T cells,,carcinoma_in_situ_FAHNSCC_15_2
33090,37955,11267.238372093,121.550387596899,80.5290697674419,602.341085271318,18.7713178294574,2629.3023255814,541.591085271318,235.151162790698,952.686046511628,3780.08527131783,396.529069767442,1081.71511627907,1098.47868217054,2921.85465116279,376.517441860465,159.366279069767,1107.4980620155,2071.97480620155,1126.60852713178,391.527131782946,1200.71511627907,1568.79651162791,1995.38565891473,2708.98837209302,579.063953488372,838.813953488372,262.705426356589,125.288759689922,984.761627906977,410.036821705426,13930.5910852713,8746.56395348837,516,35.7474368909372,18.4903099695843,0.855835226812307,0.966292134831461,0.77593984962406,-0.206477422239886,FAHNSCC_15,HN,1,FAHNSCC_15,Ki67+ tumor cells,,carcinoma_in_situ_FAHNSCC_15_2
33098,37965,23029.3453947368,148.141447368421,67.0986842105263,606.470394736842,50.6644736842105,5266.55263157895,708.184210526316,217.819078947368,963.611842105263,7979.72368421053,584.0,167.944078947368,962.401315789474,6171.02302631579,487.414473684211,371.375,1224.50986842105,4345.84868421053,612.174342105263,396.694078947369,976.684210526316,3893.28947368421,294.871710526316,7875.44736842105,1599.13815789474,903.842105263158,299.819078947368,151.924342105263,1032.51973684211,411.875,14364.1809210526,9070.16118421053,304,21.3975592462946,18.2913497293614,0.518902443444849,0.944099378881988,0.761904761904762,0.418100530308751,FAHNSCC_15,HN,1,FAHNSCC_15,stromal cells,,carcinoma_in_situ_FAHNSCC_15_2
33149,38023,13807.0903225806,388.038709677419,123.890322580645,610.8,715.896774193548,3503.81935483871,626.490322580645,215.812903225806,955.348387096774,4897.61290322581,565.535483870968,332.754838709677,951.774193548387,4072.58064516129,449.367741935484,142.38064516129,939.477419354839,3871.50322580645,589.4,395.393548387097,939.683870967742,3818.52258064516,288.258064516129,2643.29677419355,596.922580645161,1843.45806451613,407.41935483871,136.606451612903,1016.67096774194,423.051612903226,14141.0516129032,9746.52258064516,155,21.777302945234,9.20001258033541,0.906382142939747,0.906432748538012,0.640495867768595,-1.27028236777899,FAHNSCC_15,HN,1,FAHNSCC_15,stromal cells,,carcinoma_in_situ_FAHNSCC_15_2
33249,38141,4574.03892944039,103.223844282238,61.0510948905109,595.805352798054,18.8978102189781,1142.17274939173,402.228710462287,193.503649635037,947.557177615572,1898.6204379562,390.306569343066,1021.89051094891,968.652068126521,1417.31630170316,380.004866180049,128.532846715328,1005.72262773723,1355.40875912409,1262.900243309,381.357664233577,961.785888077859,1127.7299270073,1577.88077858881,2152.04136253041,575.32603406326,863.323600973236,290.284671532847,116.530413625304,1010.75912408759,411.107055961071,13417.4695863747,9440.06326034063,411,24.9704623679572,21.0331241902283,0.538977481514497,0.958041958041958,0.776937618147448,-0.759167043495769,FAHNSCC_15,HN,1,FAHNSCC_15,Ki67+ tumor cells,,carcinoma_in_situ_FAHNSCC_15_2
33272,38170,17663.1020408163,574.008163265306,183.991836734694,612.861224489796,206.077551020408,4025.09795918367,973.195918367347,216.220408163265,1048.58775510204,5592.67346938776,796.469387755102,185.644897959184,967.34693877551,4429.48571428571,708.073469387755,401.048979591837,1624.68979591837,2619.21632653061,574.065306122449,409.70612244898,969.930612244898,1922.98367346939,252.742857142857,1224.18775510204,691.093877551021,1004.22857142857,368.118367346939,247.448979591837,1041.8,416.318367346939,13870.7755102041,9608.98775510204,245,25.2834422718511,12.4331699557755,0.870735602656001,0.964566929133858,0.638020833333333,-1.1153511901732,FAHNSCC_15,HN,1,FAHNSCC_15,CD4+ T cells,,carcinoma_in_situ_FAHNSCC_15_2
33351,38259,14363.4193548387,251.460829493088,87.7880184331797,602.308755760369,49.9308755760369,2963.54377880184,1649.26267281106,233.640552995392,952.511520737327,4419.76958525346,514.018433179724,848.271889400922,951.096774193548,3464.16589861751,516.94930875576,218.677419354839,986.861751152074,2597.92626728111,1415.85253456221,419.691244239631,958.663594470046,2173.04147465438,1261.39170506912,3673.14285714286,576.599078341014,1375.76497695853,367.073732718894,144.760368663594,1001.20737327189,422.239631336406,14409.1198156682,8181.38248847926,217,19.4386963005508,14.9354925792413,0.640044090532764,0.864541832669323,0.634502923976608,0.277457790845791,FAHNSCC_15,HN,1,FAHNSCC_15,Ki67+ tumor cells,,carcinoma_in_situ_FAHNSCC_15_2
33436,38357,4491.27702702703,124.324324324324,63.7567567567568,598.756756756757,16.3581081081081,1238.92567567568,413.081081081081,198.243243243243,943.243243243243,2242.87162162162,452.108108108108,1863.19594594595,961.675675675676,1681.27027027027,413.689189189189,140.466216216216,1074.28378378378,1323.58783783784,2101.74324324324,399.858108108108,974.952702702703,933.121621621622,358.581081081081,2954.7027027027,580.891891891892,856.168918918919,295.20945945946,114.547297297297,1006.29054054054,409.5,13505.0675675676,8501.49324324324,148,15.1571793951435,12.4476059168425,0.570590139844477,0.961038961038961,0.813186813186813,-0.452216630943818,FAHNSCC_15,HN,1,FAHNSCC_15,tumor cells,,carcinoma_in_situ_FAHNSCC_15_2
33437,38358,5945.25779967159,148.075533661741,79.3316912972085,599.638752052545,13.8308702791461,1200.44827586207,681.353037766831,259.233169129721,959.083743842365,1872.34482758621,404.914614121511,2595.29392446634,1074.70771756979,1625.6420361248,368.701149425287,142.691297208539,1016.986863711,1261.09688013136,1693.38259441708,412.252873563218,1040.88998357964,896.522167487685,3793.20689655172,1615.07881773399,573.226600985222,787.407224958949,285.855500821018,115.668308702791,1002.89490968801,413.857142857143,13373.0985221675,8216.46141215107,609,39.7342707173397,19.5407971863844,0.87071554577467,0.96513470681458,0.613911290322581,-0.750918708655479,FAHNSCC_15,HN,1,FAHNSCC_15,Ki67+ tumor cells,,carcinoma_in_situ_FAHNSCC_15_2
33454,38376,8379.4189435337,256.111111111111,89.0510018214936,602.805100182149,10.2040072859745,1935.31147540984,589.225865209472,267.836065573771,974.870673952641,3297.75774134791,443.260473588343,955.513661202186,965.661202185792,2515.18943533698,400.211293260474,179.752276867031,969.183970856102,2213.12932604736,815.777777777778,413.6029143898,1046.69581056466,1670.6174863388,366.71766848816,3081.48451730419,577.16029143898,1142.08743169399,358.539162112933,133.969034608379,1007.39526411658,421.739526411658,13838.6138433515,8401.24043715847,549,39.2696866297689,18.1945018245659,0.886190110134763,0.956445993031359,0.706563706563707,-0.242457388019111,FAHNSCC_15,HN,1,FAHNSCC_15,tumor cells,,carcinoma_in_situ_FAHNSCC_15_2
33471,38395,17865.1683168317,240.153465346535,99.2772277227723,610.292079207921,443.955445544554,4154.60891089109,563.712871287129,194.039603960396,981.49504950495,6571.64851485149,498.772277227723,249.673267326733,952.108910891089,4856.57425742574,592.732673267327,229.59900990099,956.346534653465,4391.93069306931,575.638613861386,391.712871287129,960.173267326733,3450.85148514851,322.470297029703,1167.29702970297,570.930693069307,1370.22772277228,279.326732673267,112.163366336634,979.465346534654,414.584158415842,13592.5445544554,8979.68316831683,202,23.2260874171405,11.1488619717826,0.877260477933867,0.930875576036866,0.612121212121212,0.479344973405737,FAHNSCC_15,HN,1,FAHNSCC_15,stromal cells,,carcinoma_in_situ_FAHNSCC_15_2
33474,38398,26568.5596707819,425.798353909465,130.80658436214,615.069958847737,490.275720164609,6693.79835390947,920.135802469136,244.456790123457,1022.14814814815,10106.304526749,692.588477366255,196.744855967078,953.83950617284,6663.70781893004,610.427983539095,173.061728395062,4399.60082304527,5716.18930041152,704.01646090535,407.868312757202,955.452674897119,5272.8683127572,352.440329218107,2252.2633744856,992.934156378601,1854.17695473251,339.880658436214,190.213991769547,1017.27983539095,419.452674897119,14608.2880658436,8775.64609053498,243,23.9700131452602,13.0014141359022,0.840118244328979,0.964285714285714,0.754658385093168,-0.284316516117776,FAHNSCC_15,HN,1,FAHNSCC_15,effector CD8+ T cells,,carcinoma_in_situ_FAHNSCC_15_2
33522,38453,11838.3756906077,264.878453038674,119.292817679558,607.955801104972,655.839779005525,2681.76795580111,499.872928176796,207.552486187845,954.121546961326,4311.64640883978,409.955801104972,313.160220994475,949.121546961326,3496.29834254144,377.232044198895,132.149171270718,966.524861878453,2638.5635359116,710.204419889503,406.801104972376,968.767955801105,2209.11602209945,822.430939226519,1618.09944751381,577.723756906077,1339.02209944751,322.878453038674,120.337016574586,985.24861878453,421.375690607735,14021.4806629834,8217.75690607735,181,22.1798395395378,10.9053392983987,0.870777088306956,0.947643979057592,0.747933884297521,-0.188278749712565,FAHNSCC_15,HN,1,FAHNSCC_15,stromal cells,,carcinoma_in_situ_FAHNSCC_15_2
33558,38497,15372.3754385965,211.901754385965,81.5508771929825,599.308771929825,203.821052631579,3852.3649122807,719.656140350877,199.852631578947,955.256140350877,5548.3649122807,448.031578947368,171.747368421053,963.129824561404,4454.23859649123,394.59298245614,469.715789473684,1101.99649122807,3459.38596491228,579.129824561404,387.891228070175,1147.30526315789,2922.0701754386,639.480701754386,1987.85263157895,626.063157894737,773.519298245614,257.357894736842,185.498245614035,988.729824561404,406.684210526316,14078.3473684211,9650.55087719298,285,26.1248832614204,13.981284503744,0.844743636932772,0.956375838926174,0.647727272727273,-0.621449421755643,FAHNSCC_15,HN,1,FAHNSCC_15,stromal cells,,carcinoma_in_situ_FAHNSCC_15_2
33574,38517,15655.2634408602,185.39247311828,71.9462365591398,610.231182795699,184.333333333333,3372.83870967742,554.940860215054,203.983870967742,965.924731182796,4840.40860215054,462.268817204301,139.268817204301,952.478494623656,3848.32258064516,361.844086021505,130.10752688172,1111.81720430108,3472.29032258065,579.537634408602,391.349462365591,954.774193548387,3480.31720430108,267.016129032258,2836.29032258065,1284.72580645161,1499.0752688172,306.709677419355,121.870967741935,1023.48387096774,417.784946236559,14658.2258064516,9026.78494623656,186,16.6130061100108,14.3369806928143,0.505208400294877,0.953846153846154,0.775,-1.1993379201337,FAHNSCC_15,HN,1,FAHNSCC_15,stromal cells,,carcinoma_in_situ_FAHNSCC_15_2
33629,38577,8693.80677966102,156.335593220339,81.6050847457627,599.889830508475,15.8118644067797,2038.6186440678,459.059322033898,216.208474576271,954.833898305085,3457.57966101695,420.428813559322,1319.60338983051,1025.3186440678,3038.05084745763,406.535593220339,161.833898305085,1041.88305084746,2410.94576271186,1180.85084745763,411.016949152542,1010.45084745763,1946.21016949152,1821.22542372881,2992.50508474576,575.357627118644,1272.23389830508,341.659322033898,127.022033898305,1019.04915254237,418.547457627119,13966.6559322034,8374.83559322034,590,32.8887871652018,22.9732578125454,0.715596996303018,0.9688013136289,0.752551020408163,0.775657135143455,FAHNSCC_15,HN,1,FAHNSCC_15,Ki67+ tumor cells,,carcinoma_in_situ_FAHNSCC_15_2
33631,38580,13691.7272727273,309.888888888889,98.2626262626263,606.818181818182,213.515151515152,3126.56060606061,670.585858585859,250.611111111111,970.792929292929,4929.55555555556,630.060606060606,161.924242424242,950.873737373737,4374.17676767677,490.489898989899,158.681818181818,1480.41414141414,3344.24747474748,745.772727272727,414.151515151515,962.277777777778,3335.20707070707,342.075757575758,10974.6111111111,1260.84848484848,1375.90909090909,348.146464646465,128.217171717172,1017.5,417.90404040404,14820.6161616162,8689.20202020202,198,17.0374546107948,15.027506327575,0.471197618985704,0.947368421052632,0.776470588235294,1.45136028921883,FAHNSCC_15,HN,1,FAHNSCC_15,stromal cells,,carcinoma_in_situ_FAHNSCC_15_2
33692,38653,20598.83125,335.8,109.075,607.14375,232.85,3642.01875,539.6875,216.33125,949.16875,4460.79375,421.38125,201.88125,941.2625,3216.28125,303.88125,122.4125,929.58125,2492.5,603.25625,397.4375,952.58125,2280.84375,339.275,1218.4875,724.06875,1261.05625,292.46875,124.56875,986.51875,417.0375,14538.075,8267.6625,160,21.7768896055927,9.41565606348423,0.901696670595305,0.935672514619883,0.761904761904762,-0.112453465615339,FAHNSCC_15,HN,1,FAHNSCC_15,stromal cells,,carcinoma_in_situ_FAHNSCC_15_2
33698,38659,6297.40579710145,144.521739130435,73.0579710144928,598.067632850242,16.256038647343,1538.58937198068,376.507246376812,182.304347826087,948.971014492754,2634.14975845411,375.975845410628,1609.2077294686,991.555555555556,1923.64734299517,369.526570048309,117.666666666667,1045.91304347826,2038.42028985507,1131.4154589372,390.536231884058,1071.50241545894,1775.42512077295,4157.69565217391,1879.29468599034,575.893719806763,1031.57487922705,275.690821256039,113.763285024155,996.6038647343,406.333333333333,13155.9903381643,9176.86956521739,207,23.2901351227883,11.6096435488015,0.866901767473069,0.911894273127753,0.663461538461538,1.49566665414819,FAHNSCC_15,HN,1,FAHNSCC_15,Ki67+ tumor cells,,carcinoma_in_situ_FAHNSCC_15_2
33731,38700,5672.38277511962,167.416267942584,83.244019138756,602.325358851675,18.2583732057416,1296.83732057416,480.751196172249,189.483253588517,942.803827751196,2152.57416267943,390.492822966507,1576.48325358852,959.545454545454,1838.16267942584,392.081339712919,125.047846889952,1035.7033492823,1739.8995215311,1072.52631578947,382.349282296651,954.866028708134,1514.81339712919,352.837320574163,2675.16746411483,576.33014354067,1031.75598086124,300.277511961723,119.043062200957,1016.48803827751,414.052631578947,13959.966507177,8977.48325358852,209,18.8323604074138,14.2439160378001,0.654163464623541,0.967592592592593,0.785714285714286,-0.0477995200793947,FAHNSCC_15,HN,1,FAHNSCC_15,tumor cells,,carcinoma_in_situ_FAHNSCC_15_2
33744,38717,19045.8293650794,408.218253968254,115.900793650794,601.52380952381,240.396825396825,4890.55952380952,1130.92857142857,202.924603174603,962.503968253968,6974.33333333333,706.789682539683,169.146825396825,954.531746031746,5719.74206349206,459.305555555556,194.174603174603,1112.13095238095,4459.12698412698,584.142857142857,392.194444444444,971.206349206349,4337.63095238095,289.02380952381,3328.5119047619,707.277777777778,1424.93253968254,311.456349206349,153.047619047619,1016.65079365079,412.980158730159,14351.4801587302,8995.80555555556,252,20.6302819290868,15.5880268040993,0.655045289998433,0.954545454545455,0.75,-0.123805027302619,FAHNSCC_15,HN,1,FAHNSCC_15,stromal cells,,carcinoma_in_situ_FAHNSCC_15_2
33751,38724,9576.7094972067,238.988826815642,84.3240223463687,598.067039106145,143.391061452514,2321.39664804469,544.279329608939,192.849162011173,947.106145251397,3430.94413407821,452.620111731844,163.346368715084,936.245810055866,3001.56424581006,376.659217877095,158.145251396648,1006.48044692737,2102.82681564246,554.569832402235,386.134078212291,949.106145251397,1467.31284916201,267.100558659218,3147.11173184358,643.446927374302,912.061452513966,305.670391061453,124.162011173184,1006.88268156425,412.832402234637,14325.2458100559,8943.08379888268,179,15.6678723860641,14.5505321937754,0.370867221628108,0.96236559139785,0.795555555555556,-0.7634729230855,FAHNSCC_15,HN,1,FAHNSCC_15,stromal cells,,carcinoma_in_situ_FAHNSCC_15_2
33793,38771,11369.5417867435,213.21469740634,86.7579250720461,599.933717579251,23.7968299711816,2804.84870317003,509.775216138329,248.221902017291,958.527377521614,4205.17291066282,419.662824207493,788.100864553314,1145.60662824208,3106.95100864553,382.044668587896,151.864553314121,1121.28530259366,2204.50720461095,1330.12103746398,384.057636887608,1010.53746397695,1684.58933717579,444.559077809798,2810.01296829971,575.904899135447,923.505763688761,281.35590778098,114.086455331412,1002.40489913545,409.752161383285,14071.8299711816,8789.46109510087,694,39.7465099550203,22.3873211683817,0.826284829378736,0.970629370629371,0.773690078037904,-0.215474078129402,FAHNSCC_15,HN,1,FAHNSCC_15,tumor cells,,carcinoma_in_situ_FAHNSCC_15_2
33814,38793,4443.24096385542,195.114457831325,84.7590361445783,607.150602409639,18.2590361445783,917.463855421687,479.319277108434,224.343373493976,952.066265060241,1567.0,485.686746987952,1452.69277108434,965.331325301205,1534.43975903614,367.078313253012,133.259036144578,962.090361445783,1221.73493975904,1032.29518072289,419.030120481928,974.349397590362,787.765060240964,362.259036144578,3524.9156626506,573.120481927711,879.295180722892,324.355421686747,116.656626506024,1026.79518072289,415.548192771084,13673.2951807229,8184.01204819277,166,15.947511321479,13.2734346730331,0.554295231462699,0.943181818181818,0.798076923076923,-1.39763609879293,FAHNSCC_15,HN,1,FAHNSCC_15,tumor cells,,carcinoma_in_situ_FAHNSCC_15_2
33850,38833,24508.9,401.835714285714,347.810714285714,605.860714285714,373.560714285714,5292.89642857143,679.503571428571,215.35,1006.98571428571,7725.42857142857,476.946428571429,267.25,946.642857142857,6141.53214285714,784.703571428571,196.242857142857,957.467857142857,4577.23214285714,620.571428571429,389.639285714286,953.757142857143,3731.5,289.614285714286,888.153571428572,607.7,1691.59642857143,317.621428571429,132.203571428571,991.657142857143,416.967857142857,14087.8821428571,8959.85,280,28.4664571749007,12.6533451087117,0.895778765737951,0.936454849498328,0.555555555555556,0.894325126185064,FAHNSCC_15,HN,1,FAHNSCC_15,stromal cells,,carcinoma_in_situ_FAHNSCC_15_2
33950,38948,7659.30198019802,117.594059405941,63.009900990099,602.240099009901,17.4133663366337,1950.79455445544,520.277227722772,212.00495049505,945.232673267327,3155.82178217822,405.415841584158,1102.97277227723,1037.80198019802,2344.57673267327,375.319306930693,219.608910891089,1037.74257425743,1906.28217821782,1155.08910891089,405.910891089109,1004.13118811881,1426.22277227723,406.443069306931,2265.83415841584,590.410891089109,990.232673267327,304.693069306931,144.391089108911,992.19801980198,414.101485148515,13822.9975247525,8473.07673267327,404,30.1332183408056,17.2027454758181,0.821026731418276,0.950588235294118,0.748148148148148,-0.111297357741695,FAHNSCC_15,HN,1,FAHNSCC_15,tumor cells,,carcinoma_in_situ_FAHNSCC_15_2
33953,38951,8112.06224899598,190.016064257028,85.8875502008032,607.690763052209,12.5863453815261,1854.21485943775,482.483935742972,239.301204819277,961.234939759036,2959.60040160643,436.524096385542,2571.91767068273,1035.37148594378,2333.52008032129,377.889558232932,151.016064257028,969.666666666667,1798.03614457831,1079.35742971888,415.373493975904,1026.18473895582,1477.20682730924,367.010040160643,2395.96787148594,576.660642570281,1027.10040160643,321.510040160643,121.696787148594,1004.45983935743,417.967871485944,14339.7228915663,8143.08634538153,498,30.3054540747304,21.0451468573575,0.71955611298861,0.959537572254335,0.79047619047619,0.0738403487380872,FAHNSCC_15,HN,1,FAHNSCC_15,tumor cells,,carcinoma_in_situ_FAHNSCC_15_2
34027,39033,4995.29120879121,152.263736263736,89.8406593406593,599.467032967033,9.68681318681319,963.43956043956,460.565934065934,209.417582417582,962.434065934066,1662.5,454.549450549451,2056.65384615385,967.873626373626,1525.0,387.39010989011,147.846153846154,979.56043956044,998.362637362637,1257.47802197802,443.483516483517,1016.52747252747,878.89010989011,659.049450549451,3518.7032967033,573.032967032967,886.675824175824,326.71978021978,120.78021978022,1012.80769230769,419.142857142857,13684.8351648352,8273.56593406594,182,19.5873433962397,11.8584527045954,0.795910698374485,0.957894736842105,0.758333333333333,-1.50184381398486,FAHNSCC_15,HN,1,FAHNSCC_15,tumor cells,,carcinoma_in_situ_FAHNSCC_15_2
34028,39035,12776.3919191919,209.511111111111,90.620202020202,611.515151515152,185.814141414141,3097.53131313131,477.212121212121,189.060606060606,954.828282828283,4749.30101010101,455.505050505051,149.052525252525,942.662626262626,3170.0404040404,438.078787878788,131.757575757576,1218.63434343434,2216.39797979798,507.674747474747,380.391919191919,959.177777777778,1728.64848484849,210.931313131313,1143.32323232323,1291.28686868687,765.149494949495,255.767676767677,211.50101010101,1002.06666666667,408.408080808081,14468.5575757576,9366.04040404041,495,35.1608834832963,18.0751736169639,0.857747924279608,0.951923076923077,0.634615384615385,-0.586847008614351,FAHNSCC_15,HN,1,FAHNSCC_15,stromal cells,,carcinoma_in_situ_FAHNSCC_15_2
34081,39094,6878.17142857143,447.6,141.689795918367,605.538775510204,9.14285714285714,1362.30204081633,467.644897959184,212.955102040816,956.8,2283.30612244898,407.689795918367,5391.05306122449,978.730612244898,1904.08163265306,395.74693877551,130.134693877551,978.118367346939,1777.97142857143,1045.94285714286,411.816326530612,955.604081632653,1383.19183673469,452.118367346939,2004.57551020408,574.322448979592,1054.38367346939,360.783673469388,126.395918367347,1018.91836734694,416.142857142857,13304.493877551,8392.62857142857,245,19.9264654490592,15.6583897919203,0.618469640586209,0.968379446640316,0.765625,0.336013707133192,FAHNSCC_15,HN,1,FAHNSCC_15,tumor cells,,carcinoma_in_situ_FAHNSCC_15_2
34083,39096,7268.25373134328,142.507462686567,75.953091684435,604.767590618337,10.2835820895522,1611.08955223881,462.995735607676,248.428571428571,954.705756929638,2555.20042643923,401.43710021322,1777.14498933902,988.16631130064,2202.38166311301,350.051172707889,158.095948827292,976.168443496802,1609.32835820896,848.692963752665,415.857142857143,1024.34754797441,1140.67164179104,327.031982942431,3158.11087420043,572.27078891258,870.912579957356,298.793176972281,114.170575692964,977.405117270789,417.449893390192,13831.6460554371,8195.71855010661,469,27.3670852406942,21.9526774317482,0.597114236521366,0.963039014373717,0.78956228956229,-1.43542561074199,FAHNSCC_15,HN,1,FAHNSCC_15,tumor cells,,carcinoma_in_situ_FAHNSCC_15_2
34166,39192,8549.95774647887,184.281690140845,68.7112676056338,591.62676056338,58.7605633802817,2298.70422535211,462.901408450704,181.338028169014,954.443661971831,3660.35915492958,380.274647887324,153.415492957747,938.859154929578,3071.14084507042,375.415492957747,150.725352112676,1043.98591549296,3144.59154929577,535.443661971831,392.30985915493,951.056338028169,3177.35211267606,246.985915492958,1480.02816901408,974.239436619718,1620.54929577465,348.929577464789,137.661971830986,1022.52816901408,417.521126760563,13847.7112676056,9589.28169014085,142,14.4328214381154,12.5739531630441,0.490918534461183,0.979310344827586,0.845238095238095,1.4238106009278,FAHNSCC_15,HN,1,FAHNSCC_15,stromal cells,,carcinoma_in_situ_FAHNSCC_15_2
34176,39203,16399.1926345609,189.42209631728,80.5524079320113,603.824362606232,17.1784702549575,3692.13314447592,511.130311614731,241.70821529745,954.849858356941,5340.06798866856,425.643059490085,986.869688385269,1143.8328611898,3794.0566572238,374.592067988669,157.348441926346,1049.99433427762,2625.20963172805,759.949008498584,387.351274787535,1156.47025495751,2108.75637393768,7598.70254957507,1627.35977337111,577.447592067989,905.0,260.85552407932,109.512747875354,989.980169971671,407.830028328612,13913.9688385269,8985.78470254958,353,22.4698037197805,20.0250416827322,0.453614725682916,0.972451790633609,0.800453514739229,-0.68147391901059,FAHNSCC_15,HN,1,FAHNSCC_15,Ki67+ tumor cells,,carcinoma_in_situ_FAHNSCC_15_2
34199,39230,5444.59192825112,90.7040358744395,50.8116591928251,609.659192825112,16.2466367713004,1398.18385650224,432.031390134529,195.125560538117,944.031390134529,2383.62780269058,436.322869955157,1921.35874439462,978.896860986547,2272.82959641256,385.183856502242,122.717488789238,975.650224215247,2004.17040358744,1848.82959641256,397.457399103139,958.363228699552,1664.56053811659,674.434977578475,3880.97757847534,585.37668161435,1254.60538116592,321.089686098655,121.502242152466,1019.86098654709,420.143497757848,14373.6188340807,8459.03139013453,223,18.4465858331125,15.4450323925537,0.54676813422674,0.940928270042194,0.774305555555556,1.2001691106817,FAHNSCC_15,HN,1,FAHNSCC_15,tumor cells,,carcinoma_in_situ_FAHNSCC_15_2
34212,39243,4806.12568306011,154.459016393443,69.4808743169399,599.5,18.9781420765027,1239.25683060109,361.467213114754,177.825136612022,946.046448087432,1984.29781420765,371.669398907104,2170.9781420765,976.874316939891,1676.0956284153,412.237704918033,115.311475409836,995.945355191257,1685.46994535519,1365.21857923497,382.713114754098,970.863387978142,1559.7131147541,418.368852459016,1753.00546448087,578.155737704918,1023.75956284153,287.155737704918,119.013661202186,993.584699453552,411.128415300546,13456.5655737705,9563.09289617486,366,29.7108665365564,15.699627408807,0.848987052487725,0.955613577023499,0.636521739130435,0.829603408383034,FAHNSCC_15,HN,1,FAHNSCC_15,tumor cells,,carcinoma_in_situ_FAHNSCC_15_2
34279,39316,9804.35977337111,153.677053824363,76.5240793201133,597.757790368272,18.0580736543909,2466.7507082153,454.043909348442,241.774787535411,949.311614730878,3788.23937677054,381.953257790368,810.161473087819,1126.62181303116,2449.29603399433,367.742209631728,177.0,1084.76203966006,2118.28045325779,831.898016997167,391.379603399434,1096.41501416431,1625.39518413598,290.587818696884,1769.38243626062,575.905099150142,784.854107648725,254.21388101983,125.633144475921,977.137393767705,409.028328611898,13151.5368271955,9247.62606232295,706,38.6790332514133,23.2629211764894,0.798921798356421,0.96978021978022,0.706706706706707,-1.14981903201318,FAHNSCC_15,HN,1,FAHNSCC_15,tumor cells,,carcinoma_in_situ_FAHNSCC_15_2
34293,39331,7268.22235434007,159.272294887039,78.6587395957194,597.479191438763,18.0713436385256,1807.68727705113,410.462544589774,245.249702734839,954.117717003567,2867.47800237812,399.221165279429,710.48275862069,1054.02734839477,1881.35790725327,375.441141498216,159.78953626635,1100.16409036861,1431.83115338882,1100.84542211653,380.796670630202,1004.98929845422,1050.82639714625,562.064209274673,1919.31747919144,573.776456599287,731.016646848989,247.165279429251,106.703923900119,989.118906064209,409.722948870392,13582.4875148633,9120.86801426873,841,37.4376643786006,28.8107482020377,0.638567455011241,0.976771196283391,0.800952380952381,1.22755613722419,FAHNSCC_15,HN,1,FAHNSCC_15,tumor cells,,carcinoma_in_situ_FAHNSCC_15_2
34325,39369,9067.41242937853,186.237288135593,75.6497175141243,602.25988700565,479.785310734463,1816.62146892655,755.847457627119,202.039548022599,953.084745762712,2830.55367231638,438.457627118644,317.830508474576,949.971751412429,2507.0790960452,378.254237288136,177.870056497175,992.553672316384,1814.14124293785,754.045197740113,435.209039548023,953.491525423729,1305.21468926554,327.338983050847,1533.64971751412,578.327683615819,938.768361581921,310.418079096045,127.316384180791,983.06779661017,417.101694915254,13704.5141242938,8201.27118644068,177,23.54997493355,9.57360139013703,0.913640643525278,0.956756756756757,0.670454545454545,0.38330117316817,FAHNSCC_15,HN,1,FAHNSCC_15,stromal cells,,carcinoma_in_situ_FAHNSCC_15_2
34353,39405,24383.612244898,249.280612244898,87.7244897959184,606.897959183674,123.09693877551,6117.04081632653,868.459183673469,238.311224489796,973.336734693878,9043.84183673469,707.076530612245,155.091836734694,966.025510204082,6754.72959183674,472.663265306122,237.765306122449,1338.75,5434.58673469388,679.321428571429,407.897959183674,970.841836734694,5542.89285714286,326.586734693878,6527.42857142857,1357.2193877551,1570.50510204082,369.163265306122,142.801020408163,1051.88265306122,414.408163265306,14545.7244897959,9020.04081632653,196,19.1337769881036,13.785687641555,0.693465725704288,0.92018779342723,0.725925925925926,1.31165284652653,FAHNSCC_15,HN,1,FAHNSCC_15,stromal cells,,carcinoma_in_situ_FAHNSCC_15_2
34410,39467,10997.2338129496,132.446043165468,72.2877697841727,594.093525179856,14.9244604316547,2676.69784172662,412.848920863309,194.938848920863,949.802158273381,4204.28417266187,359.492805755396,2008.73381294964,1471.55755395683,2612.5035971223,339.05035971223,117.661870503597,1042.94244604317,2084.21582733813,729.341726618705,387.992805755396,1024.94604316547,1470.29856115108,4696.25899280576,2113.73021582734,574.089928057554,717.046762589928,230.075539568345,104.787769784173,987.107913669065,405.474820143885,13181.3345323741,8986.86330935252,278,22.1419742748506,17.2369098516018,0.62767917325595,0.863354037267081,0.661904761904762,-0.485049835187594,FAHNSCC_15,HN,1,FAHNSCC_15,Ki67+ tumor cells,,carcinoma_in_situ_FAHNSCC_15_2
34418,39475,15315.8203883495,204.383495145631,80.9490291262136,603.599514563107,32.378640776699,3748.30582524272,1328.63834951456,222.395631067961,949.563106796116,5668.69902912621,444.820388349515,822.478155339806,989.216019417476,4129.60194174757,441.514563106796,375.47572815534,1012.94660194175,3092.34708737864,934.235436893204,390.373786407767,1028.2427184466,2488.50242718447,4733.19902912621,2079.60922330097,592.851941747573,1054.30582524272,276.876213592233,215.415048543689,994.177184466019,411.842233009709,13575.5436893204,8885.23543689321,412,29.762836638823,17.6704956884211,0.804679040486953,0.958139534883721,0.762962962962963,0.1698213559476,FAHNSCC_15,HN,1,FAHNSCC_15,Ki67+ tumor cells,,carcinoma_in_situ_FAHNSCC_15_2
34419,39476,3534.78343949045,151.509554140127,68.8471337579618,603.541401273885,17.5732484076433,848.885350318471,406.191082802548,188.929936305733,939.452229299363,1588.77707006369,438.713375796178,805.394904458599,951.03821656051,1152.02547770701,360.044585987261,129.216560509554,1009.11464968153,1070.1847133758,807.910828025478,393.573248407643,1004.56050955414,801.03821656051,290.076433121019,3373.82165605096,578.96178343949,817.757961783439,313.726114649682,122.477707006369,1006.92993630573,410.089171974522,13135.2675159236,9192.03184713376,157,16.0023530396015,12.5067775227164,0.623831762881167,0.94578313253012,0.754807692307692,-0.332025757651426,FAHNSCC_15,HN,1,FAHNSCC_15,tumor cells,,carcinoma_in_situ_FAHNSCC_15_2
34422,39479,5662.625,173.690476190476,72.0803571428571,594.244047619048,14.0684523809524,1288.49404761905,397.005952380952,179.309523809524,946.255952380952,2198.22916666667,370.744047619048,2846.30952380952,940.327380952381,1700.51488095238,389.08630952381,122.595238095238,998.080357142857,1724.77976190476,2284.65773809524,391.973214285714,957.800595238095,1473.80357142857,288.264880952381,2428.36904761905,579.151785714286,1064.1994047619,288.940476190476,120.744047619048,997.607142857143,411.508928571429,13256.7857142857,9047.04761904762,336,25.7756377585607,16.650119382867,0.763368355911111,0.957264957264957,0.736842105263158,0.501763129960519,FAHNSCC_15,HN,1,FAHNSCC_15,tumor cells,,carcinoma_in_situ_FAHNSCC_15_2
34429,39489,12838.4714587738,132.545454545455,64.845665961945,603.83932346723,25.093023255814,3241.3911205074,526.92177589852,249.581395348837,950.606765327696,4820.05285412262,460.883720930233,620.723044397463,1044.94291754757,3345.1289640592,375.93023255814,168.706131078224,1089.1289640592,2407.31078224101,1143.17124735729,388.545454545455,1159.55813953488,1906.55813953488,971.112050739958,3741.93657505285,581.097251585624,909.095137420719,272.143763213531,119.281183932347,998.186046511628,411.509513742072,14480.0253699789,8813.66384778013,473,29.433983214637,20.4982326216783,0.71764043536201,0.973251028806584,0.700740740740741,0.890107708021553,FAHNSCC_15,HN,1,FAHNSCC_15,Ki67+ tumor cells,,carcinoma_in_situ_FAHNSCC_15_2
34448,39512,23985.9830508475,426.949152542373,117.639830508475,611.097457627119,485.046610169492,6019.38983050848,740.71186440678,237.008474576271,954.470338983051,8501.58898305085,580.135593220339,194.889830508475,945.266949152543,6703.01694915254,517.610169491525,153.457627118644,1187.91949152542,5424.30508474576,650.597457627119,400.911016949153,956.639830508475,4774.94491525424,284.555084745763,3685.53813559322,1108.19491525424,1704.13983050847,366.14406779661,127.525423728814,1028.12288135593,417.550847457627,13892.7245762712,9701.13983050848,236,19.6149257750293,15.4008357284542,0.619294216796547,0.951612903225806,0.730650154798762,-1.07318659241387,FAHNSCC_15,HN,1,FAHNSCC_15,stromal cells,,carcinoma_in_situ_FAHNSCC_15_2
34518,39593,5502.51063829787,113.45390070922,63.2304964539007,591.187943262411,16.9503546099291,1311.65957446809,409.840425531915,201.549645390071,942.053191489362,2099.69503546099,380.992907801418,766.549645390071,1028.85106382979,1457.80496453901,359.450354609929,141.475177304965,1016.12411347518,1211.14539007092,1622.49645390071,385.017730496454,962.503546099291,897.358156028369,3015.04964539007,1366.79787234043,577.556737588653,760.751773049645,283.822695035461,117.936170212766,1008.96453900709,412.921985815603,13397.5212765957,9460.70567375887,282,25.3681944548651,14.272837920109,0.826710685908628,0.946308724832215,0.752,0.180530224293143,FAHNSCC_15,HN,1,FAHNSCC_15,Ki67+ tumor cells,,carcinoma_in_situ_FAHNSCC_15_2
34628,39721,2638.75196850394,335.464566929134,119.574803149606,601.492125984252,15.748031496063,664.307086614173,430.59842519685,185.492125984252,951.566929133858,1252.72834645669,415.326771653543,5167.00393700787,990.216535433071,1203.50787401575,361.720472440945,117.295275590551,1016.66929133858,1201.53149606299,764.807086614173,386.01968503937,953.307086614173,969.610236220472,288.673228346457,2638.34645669291,574.40157480315,851.673228346457,294.248031496063,119.496062992126,996.086614173228,410.937007874016,13459.0,8965.38976377953,254,18.981300174475,17.0387488068787,0.440689241425849,0.980694980694981,0.830065359477124,-0.455756156215434,FAHNSCC_15,HN,1,FAHNSCC_15,tumor cells,,carcinoma_in_situ_FAHNSCC_15_2
34657,39753,13511.7552447552,280.398601398601,72.8531468531469,611.811188811189,301.195804195804,3377.04895104895,727.237762237762,205.132867132867,992.769230769231,4902.98601398601,569.377622377622,163.090909090909,978.286713286713,3713.20979020979,521.090909090909,280.447552447552,2005.24475524476,2645.1958041958,563.909090909091,385.811188811189,986.0,1906.26573426573,233.657342657343,1383.68531468531,647.657342657343,942.86013986014,290.034965034965,127.356643356643,1001.67132867133,413.041958041958,13768.0559440559,9672.60839160839,143,16.5630556693737,11.0219360957378,0.746439698517027,0.947019867549669,0.744791666666667,-1.22572375101149,FAHNSCC_15,HN,1,FAHNSCC_15,effector CD8+ T cells,,carcinoma_in_situ_FAHNSCC_15_2
34855,39971,7476.51648351648,183.285714285714,79.9065934065934,612.994505494506,10.7362637362637,1769.7032967033,556.758241758242,230.461538461538,955.626373626374,2995.18681318681,442.241758241758,1635.98351648352,952.461538461539,2485.68131868132,423.521978021978,158.818681318681,954.104395604396,2023.15384615385,1327.01098901099,413.807692307692,954.175824175824,1697.82967032967,353.252747252747,2185.91758241758,572.802197802198,1228.25274725275,370.747252747253,127.730769230769,999.357142857143,423.846153846154,14198.3956043956,8327.85714285714,182,19.0238372675646,12.3078357081824,0.762516181475385,0.957894736842105,0.764705882352941,0.529372244598596,FAHNSCC_15,HN,1,FAHNSCC_15,tumor cells,,carcinoma_in_situ_FAHNSCC_15_2
34908,40034,6089.89460154242,161.840616966581,72.2750642673522,608.344473007712,15.4550128534704,1523.68123393316,486.511568123393,238.496143958869,957.922879177378,2625.0205655527,437.413881748072,930.226221079692,981.776349614396,2415.66580976864,408.766066838046,163.017994858612,1039.53727506427,1658.51928020566,1000.735218509,404.804627249357,1045.72236503856,1230.97686375321,377.491002570694,2799.69151670951,580.760925449872,959.411311053985,318.902313624679,123.953727506427,994.565552699229,416.737789203085,14101.7506426735,8433.84575835476,389,28.7103195083277,17.31271831789,0.797730769138926,0.960493827160494,0.675347222222222,-0.823624577990696,FAHNSCC_15,HN,1,FAHNSCC_15,tumor cells,,carcinoma_in_situ_FAHNSCC_15_2
34911,40037,7661.51851851852,127.055555555556,69.3851851851852,600.3,17.0407407407407,1996.40740740741,442.118518518519,202.492592592593,947.422222222222,3220.84444444444,391.003703703704,850.32962962963,955.785185185185,2140.68518518519,378.896296296296,145.062962962963,985.1,1844.34814814815,1151.44444444444,389.725925925926,998.577777777778,1363.93703703704,424.614814814815,1740.4037037037,575.966666666667,882.140740740741,282.985185185185,114.27037037037,988.566666666667,409.503703703704,13549.2777777778,8843.92222222222,270,20.7995206370631,16.6267430137022,0.600824357582493,0.940766550522648,0.714285714285714,0.479594799666438,FAHNSCC_15,HN,1,FAHNSCC_15,tumor cells,,carcinoma_in_situ_FAHNSCC_15_2
34917,40043,2884.65948275862,200.98275862069,83.9525862068966,598.724137931035,14.6896551724138,780.258620689655,389.48275862069,178.745689655172,947.603448275862,1476.60775862069,378.422413793103,2983.68103448276,948.030172413793,1204.40948275862,409.349137931035,115.85775862069,1002.03879310345,1333.86637931034,920.491379310345,391.181034482759,951.806034482759,1130.48706896552,280.23275862069,3252.12068965517,576.974137931035,925.01724137931,303.314655172414,114.866379310345,1005.75862068966,413.094827586207,13433.7974137931,9238.81896551724,232,17.984141239241,16.4298920733583,0.40666650585008,0.954732510288066,0.758169934640523,-0.507720904052742,FAHNSCC_15,HN,1,FAHNSCC_15,tumor cells,,carcinoma_in_situ_FAHNSCC_15_2
34941,40070,9358.65030674847,205.803680981595,113.276073619632,625.411042944785,903.680981595092,1950.69938650307,812.085889570552,216.288343558282,956.343558282209,3020.68098159509,450.245398773006,434.815950920245,956.460122699386,2963.31901840491,421.472392638037,229.288343558282,976.147239263804,2281.48466257669,807.134969325153,423.588957055215,959.361963190184,1860.32515337423,2216.18404907975,855.938650306749,574.889570552147,1182.9754601227,358.0,128.490797546012,1004.18404907975,418.226993865031,13401.4171779141,8205.54601226994,163,20.8370352177058,9.95108187873484,0.878595295132023,0.958823529411765,0.815,0.136065217699022,FAHNSCC_15,HN,1,FAHNSCC_15,stromal cells,,carcinoma_in_situ_FAHNSCC_15_2
35000,40149,10577.3959731544,327.58389261745,96.3959731543624,601.107382550336,129.973154362416,2644.42953020134,3649.71140939597,198.96644295302,1129.73154362416,4056.1610738255,3688.8389261745,317.731543624161,946.093959731544,3331.57046979866,911.536912751678,311.825503355705,1227.8255033557,3053.56375838926,564.315436241611,391.704697986577,1008.44295302013,3052.58389261745,250.288590604027,1293.58389261745,665.577181208054,1176.92617449664,314.604026845638,212.295302013423,1014.97986577181,412.208053691275,14080.5033557047,9622.70469798658,149,14.3264025664312,13.2984468924868,0.371963224178065,0.980263157894737,0.818681318681319,-1.17079312347987,FAHNSCC_15,HN,1,FAHNSCC_15,M2 macrophages,,carcinoma_in_situ_FAHNSCC_15_2
35053,40211,9198.49230769231,162.505494505495,71.6131868131868,600.613186813187,46.1098901098901,2368.02637362637,468.079120879121,189.074725274725,961.010989010989,3623.40879120879,403.628571428571,1310.9956043956,953.010989010989,3017.62637362637,453.98021978022,129.595604395604,1040.27472527473,2364.75824175824,1474.27692307692,380.164835164835,993.914285714286,2259.12747252747,403.30989010989,2961.42197802198,583.094505494506,1143.00659340659,298.978021978022,119.626373626374,1024.38681318681,416.015384615385,14155.5912087912,9100.94725274725,455,32.1221185550435,18.1520019606315,0.825026836780258,0.959915611814346,0.653735632183908,0.989577972462045,FAHNSCC_15,HN,1,FAHNSCC_15,tumor cells,,carcinoma_in_situ_FAHNSCC_15_2
35087,40247,17369.5605095541,317.312101910828,94.5923566878981,603.509554140127,252.783439490446,4254.2101910828,1016.00636942675,208.515923566879,951.305732484076,6291.5923566879,703.579617834395,154.140127388535,948.605095541401,4390.05732484076,525.203821656051,173.649681528662,1057.88535031847,3657.85987261147,592.687898089172,388.547770700637,952.108280254777,3187.73248407643,274.050955414013,2708.84713375796,660.464968152866,1573.74522292994,319.114649681529,154.261146496815,1005.90445859873,417.337579617834,14550.1974522293,8857.48407643312,157,15.1435100461146,13.2850332431063,0.479986834825275,0.940119760479042,0.747619047619048,1.05666353330599,FAHNSCC_15,HN,1,FAHNSCC_15,stromal cells,,carcinoma_in_situ_FAHNSCC_15_2
35149,40318,9127.10126582279,155.813291139241,79.0822784810127,605.939873417722,50.3924050632911,2345.89240506329,468.268987341772,223.439873417722,951.829113924051,3659.0,404.639240506329,791.892405063291,964.294303797468,2726.85759493671,391.306962025316,153.927215189873,1120.13924050633,2030.06329113924,1170.47151898734,391.79746835443,979.895569620253,1477.43037974684,412.373417721519,2604.83227848101,580.389240506329,913.841772151899,302.303797468354,118.585443037975,1003.97784810127,414.196202531646,13491.1455696203,8757.30063291139,316,25.3583195525004,15.9486793278613,0.777459653503255,0.951807228915663,0.714932126696833,0.155311661946102,FAHNSCC_15,HN,1,FAHNSCC_15,tumor cells,,carcinoma_in_situ_FAHNSCC_15_2
35169,40340,22082.6428571429,602.760714285714,200.714285714286,603.882142857143,294.989285714286,5898.58571428571,1361.29285714286,229.082142857143,963.671428571429,9131.41785714286,2238.37857142857,214.814285714286,940.892857142857,7616.675,889.096428571429,375.546428571429,1072.69285714286,6145.87142857143,660.757142857143,401.9,975.257142857143,5982.15,397.014285714286,2355.13214285714,613.857142857143,2530.73214285714,378.085714285714,225.182142857143,1011.44642857143,427.757142857143,14574.2571428571,8787.11428571429,280,19.8829075622727,17.9675156747721,0.42823710893945,0.972222222222222,0.818713450292398,0.66081693094976,FAHNSCC_15,HN,1,FAHNSCC_15,CD4+ T cells,,carcinoma_in_situ_FAHNSCC_15_2
35228,40407,13170.2958579882,341.792899408284,116.526627218935,611.884615384615,279.881656804734,2963.87573964497,526.130177514793,205.997041420118,948.890532544379,4567.31065088757,411.097633136095,240.55325443787,965.431952662722,3329.34911242604,350.476331360947,139.062130177515,980.556213017752,2745.81065088757,671.92899408284,402.866863905325,966.757396449704,2110.33431952663,340.905325443787,1390.36686390533,922.674556213018,1248.01775147929,309.278106508876,120.718934911243,988.174556213018,417.526627218935,14027.2041420118,8382.81656804734,338,29.5585685600413,14.6152863421984,0.869205070088648,0.954802259887006,0.754464285714286,0.24348114508143,FAHNSCC_15,HN,1,FAHNSCC_15,stromal cells,,carcinoma_in_situ_FAHNSCC_15_2
35266,40451,5440.57894736842,156.203007518797,78.6278195488722,597.725563909775,19.9097744360902,1349.36466165414,488.883458646617,223.868421052632,956.477443609022,2173.10526315789,452.87969924812,680.966165413534,992.597744360902,1963.41729323308,398.071428571429,145.368421052632,1038.43984962406,1405.0,1081.75187969925,400.567669172932,952.46992481203,1098.9962406015,908.68045112782,3232.53007518797,572.56015037594,920.345864661654,331.635338345865,122.105263157895,1003.1992481203,416.853383458647,13401.8721804511,8732.22556390978,266,21.4469080563757,15.8586259673832,0.673226342392759,0.956834532374101,0.806060606060606,-0.0434291197536371,FAHNSCC_15,HN,1,FAHNSCC_15,Ki67+ tumor cells,,carcinoma_in_situ_FAHNSCC_15_2
35303,40495,10543.3333333333,314.160493827161,92.716049382716,595.901234567901,199.296296296296,2587.75308641975,5446.54320987654,190.555555555556,970.938271604938,3799.59259259259,598.160493827161,168.469135802469,943.728395061728,2194.37037037037,654.037037037037,1452.9012345679,1006.40740740741,1840.50617283951,549.592592592593,376.259259259259,999.555555555556,1169.93827160494,250.197530864198,2028.49382716049,649.283950617284,815.271604938272,283.901234567901,346.962962962963,989.962962962963,407.851851851852,14252.0,9004.0,81,12.0593439574291,8.52327973203349,0.707435349219185,0.952941176470588,0.818181818181818,0.504947759771262,FAHNSCC_15,HN,1,FAHNSCC_15,M1/M0 macrophages,,carcinoma_in_situ_FAHNSCC_15_2
35369,40569,17008.2994923858,450.670050761421,119.532994923858,607.395939086294,182.527918781726,1148.30964467005,463.390862944163,184.532994923858,912.279187817259,7218.54822335025,774.791878172589,853.390862944162,966.07614213198,5019.20304568528,492.532994923858,1320.17766497462,953.736040609137,4608.84263959391,640.116751269036,415.045685279188,957.781725888325,3958.06091370558,355.705583756345,1136.86294416244,649.89847715736,1891.41116751269,375.720812182741,255.015228426396,1008.10152284264,419.324873096447,13060.8274111675,8727.54822335025,197,19.3368554292283,13.1685149965802,0.732277814635456,0.965686274509804,0.740601503759399,-0.327215204219771,FAHNSCC_15,HN,1,FAHNSCC_15,tumor cells,,carcinoma_in_situ_FAHNSCC_15_2
35455,40672,11600.3505617978,156.197752808989,75.9707865168539,603.977528089888,42.9595505617978,2919.8,513.065168539326,218.208988764045,951.042696629214,4494.9393258427,429.458426966292,939.348314606742,965.766292134832,3211.48764044944,400.265168539326,156.440449438202,1008.40674157303,2614.15056179775,948.152808988764,391.116853932584,1051.79775280899,2092.2,2023.34157303371,1582.27865168539,576.480898876405,1052.27640449438,285.449438202247,117.321348314607,1007.79775280899,410.939325842697,13559.1393258427,8889.43146067416,445,32.8231598703576,17.3461273694169,0.848950610034585,0.946808510638298,0.717741935483871,0.271659451907678,FAHNSCC_15,HN,1,FAHNSCC_15,Ki67+ tumor cells,,carcinoma_in_situ_FAHNSCC_15_2
35479,40699,13775.1527777778,531.916666666667,403.388888888889,601.520833333333,161.701388888889,3415.79166666667,518.194444444445,207.888888888889,959.159722222222,4900.45138888889,454.388888888889,335.083333333333,955.881944444444,4090.22222222222,426.770833333333,137.881944444444,949.451388888889,2434.86111111111,731.652777777778,414.451388888889,969.361111111111,1695.17361111111,355.194444444444,1197.84722222222,583.458333333333,868.236111111111,303.9375,119.229166666667,984.131944444444,413.270833333333,14002.7222222222,8277.81944444445,144,18.7502433786076,9.79824135938728,0.852598781439874,0.95364238410596,0.8,-0.197817783292964,FAHNSCC_15,HN,1,FAHNSCC_15,Unknown,,carcinoma_in_situ_FAHNSCC_15_2
35480,40700,20563.4811320755,300.169811320755,95.0424528301887,604.084905660377,194.452830188679,4779.04245283019,716.533018867925,215.127358490566,960.872641509434,6368.96698113208,569.679245283019,180.745283018868,946.589622641509,4709.26886792453,447.495283018868,148.02358490566,985.466981132076,3299.86320754717,546.405660377359,361.084905660377,961.52358490566,3068.29245283019,232.051886792453,1376.34905660377,771.391509433962,1148.89622641509,313.679245283019,134.056603773585,1007.31603773585,416.47641509434,13933.2547169811,9695.78301886792,212,23.0998813413881,11.7071314747896,0.862060823026565,0.942222222222222,0.619883040935673,-0.732219693422313,FAHNSCC_15,HN,1,FAHNSCC_15,stromal cells,,carcinoma_in_situ_FAHNSCC_15_2
35506,40730,9497.22142857143,119.782142857143,73.9714285714286,598.542857142857,14.7535714285714,1950.06071428571,520.785714285714,205.921428571429,936.957142857143,3651.03214285714,384.678571428571,841.457142857143,1100.30357142857,2554.475,349.896428571429,132.242857142857,1067.53214285714,2046.18928571429,999.85,390.421428571429,1009.475,1462.22142857143,4399.48571428571,3118.23214285714,575.189285714286,880.75,291.042857142857,113.764285714286,991.692857142857,412.110714285714,13198.0714285714,8881.66785714286,280,21.6745266823354,16.477591315047,0.649655862381849,0.982456140350877,0.777777777777778,0.943725980321805,FAHNSCC_15,HN,1,FAHNSCC_15,Ki67+ tumor cells,,carcinoma_in_situ_FAHNSCC_15_2
35513,40740,8143.30721003135,207.783699059561,94.2382445141066,598.175548589342,17.1755485893417,1340.23824451411,455.683385579937,203.793103448276,924.987460815047,2904.27272727273,420.438871473354,763.761755485893,1052.97492163009,2062.934169279,369.507836990596,164.952978056426,1056.96238244514,1556.69278996865,883.332288401254,400.529780564263,953.050156739812,1130.49843260188,366.978056426332,2062.64576802508,574.633228840125,840.479623824451,298.373040752351,113.94670846395,982.579937304075,413.07210031348,13222.8871473354,8600.59561128527,319,25.197162996815,16.1350286005365,0.768082412776145,0.963746223564955,0.729977116704806,-0.584174933398615,FAHNSCC_15,HN,1,FAHNSCC_15,tumor cells,,carcinoma_in_situ_FAHNSCC_15_2
35515,40743,7744.58823529412,210.777777777778,102.287581699346,604.333333333333,27.2418300653595,1777.49673202614,540.013071895425,234.934640522876,955.339869281046,2872.37254901961,468.928104575163,887.169934640523,956.326797385621,2284.78431372549,430.888888888889,216.764705882353,971.856209150327,1746.01960784314,1062.25490196078,423.614379084967,958.294117647059,1254.87581699346,1866.79738562092,5807.86274509804,575.43137254902,993.967320261438,365.02614379085,135.496732026144,1008.6862745098,424.614379084967,14627.8692810458,8263.8431372549,153,20.6284810101312,9.58457285636601,0.885505893432429,0.916167664670659,0.695454545454545,0.151772981667788,FAHNSCC_15,HN,1,FAHNSCC_15,Ki67+ tumor cells,,carcinoma_in_situ_FAHNSCC_15_2
35522,40752,24883.2810810811,422.643243243243,129.794594594595,608.848648648649,95.8486486486486,5849.11891891892,805.102702702703,255.902702702703,972.437837837838,8145.23783783784,668.924324324324,170.848648648649,966.486486486487,6602.04864864865,435.572972972973,942.340540540541,1150.9027027027,3373.37837837838,673.140540540541,409.291891891892,947.12972972973,2678.76756756757,301.583783783784,4511.36756756757,1743.18378378378,996.243243243243,327.827027027027,125.010810810811,1028.43243243243,416.416216216216,14596.4540540541,8888.85945945946,185,17.7517785981802,13.3495707913,0.659148113075868,0.948717948717949,0.734126984126984,0.204511874810283,FAHNSCC_15,HN,1,FAHNSCC_15,endothelial cells,,carcinoma_in_situ_FAHNSCC_15_2
35585,40826,4020.47231270358,178.954397394137,95.3680781758958,608.843648208469,9.93485342019544,888.211726384365,487.921824104235,228.990228013029,952.172638436482,1531.9348534202,430.042345276873,965.71986970684,972.609120521173,1504.67752442997,418.172638436482,149.697068403909,925.022801302932,1292.1335504886,960.749185667752,426.622149837134,964.153094462541,966.758957654723,353.026058631922,2926.67426710098,576.671009771987,1030.24429967427,401.771986970684,130.28013029316,999.332247557003,419.28338762215,14202.4201954397,8130.667752443,307,27.1173511046121,14.4192477004254,0.846910722389847,0.956386292834891,0.758024691358025,-0.0898226796124426,FAHNSCC_15,HN,1,FAHNSCC_15,tumor cells,,carcinoma_in_situ_FAHNSCC_15_2
35673,40926,19345.1119133574,232.545126353791,80.4837545126354,602.574007220217,133.714801444043,4697.76534296029,698.787003610108,233.610108303249,971.97833935018,6757.38989169675,619.14440433213,155.256317689531,962.682310469314,5139.05415162455,405.220216606498,171.389891696751,1225.3321299639,2675.83754512635,625.552346570397,433.631768953069,983.584837545126,2331.59205776173,292.675090252708,9362.43682310469,2697.41516245487,896.916967509025,305.263537906137,116.342960288809,1019.70036101083,409.198555956679,14798.4909747292,8897.0,277,24.9025446635835,14.2045099589584,0.821364309200199,0.951890034364261,0.769444444444445,-0.215805468596754,FAHNSCC_15,HN,1,FAHNSCC_15,endothelial cells,,carcinoma_in_situ_FAHNSCC_15_2
35732,40998,22354.5409836066,631.289617486339,153.748633879781,611.48087431694,241.081967213115,5498.62841530055,724.377049180328,249.704918032787,959.639344262295,8729.09836065574,632.251366120219,212.415300546448,946.44262295082,7085.27868852459,445.562841530055,141.666666666667,1135.5956284153,6872.11475409836,867.765027322404,433.344262295082,957.579234972678,6334.3825136612,396.666666666667,9383.84699453552,836.754098360656,2922.40983606557,404.650273224044,144.661202185792,1025.69398907104,435.622950819672,14580.306010929,8387.01092896175,183,16.7539291465761,14.089184419612,0.54111582832142,0.958115183246073,0.7625,0.517993788064979,FAHNSCC_15,HN,1,FAHNSCC_15,memory CD4+ T cells,,carcinoma_in_situ_FAHNSCC_15_2
35809,41083,17403.7089201878,248.305164319249,77.2582159624413,599.807511737089,152.920187793427,4157.35680751174,522.244131455399,197.854460093897,947.741784037559,6164.47887323944,427.06103286385,190.065727699531,944.169014084507,4612.21596244131,412.089201877934,140.474178403756,903.93427230047,4926.40375586855,568.220657276995,394.305164319249,943.478873239437,5105.47887323944,271.014084507042,956.68544600939,613.760563380282,3207.99061032864,365.507042253521,130.840375586854,1605.17370892019,434.826291079812,13550.9953051643,9645.76995305164,213,25.2914959184703,10.8571687143994,0.903170793208203,0.938325991189427,0.533834586466165,-0.869382437074362,FAHNSCC_15,HN,1,FAHNSCC_15,NK,,carcinoma_in_situ_FAHNSCC_15_2
35831,41109,31283.3018867925,357.211320754717,101.230188679245,607.279245283019,94.988679245283,6863.69811320755,907.705660377358,235.22641509434,961.554716981132,10553.3622641509,570.094339622642,180.524528301887,969.977358490566,9325.42264150943,479.4,176.184905660377,1044.48679245283,7284.9320754717,656.256603773585,402.120754716981,959.550943396226,7889.77358490566,317.558490566038,4653.15849056604,1117.4641509434,2441.99245283019,372.679245283019,133.245283018868,1028.74339622642,422.233962264151,14312.0566037736,9187.71698113208,265,23.7062060800793,14.2560119955221,0.798976670405883,0.960144927536232,0.669191919191919,-0.561412247920932,FAHNSCC_15,HN,1,FAHNSCC_15,stromal cells,,carcinoma_in_situ_FAHNSCC_15_2
35836,41115,18731.9712230216,265.057553956835,89.4964028776979,612.60071942446,90.3057553956834,4862.92446043166,833.579136690648,215.471223021583,971.147482014388,7004.11510791367,596.356115107914,200.370503597122,962.543165467626,6173.92086330935,478.273381294964,220.064748201439,1198.70863309353,5831.03597122302,648.309352517986,415.219424460432,971.086330935252,5988.06834532374,304.453237410072,4405.76618705036,859.884892086331,2526.22661870504,419.097122302158,162.571942446043,1035.18705035971,428.546762589928,13981.0791366906,9499.57913669065,278,21.7507681026475,16.2957848568993,0.662338149170923,0.958620689655172,0.772222222222222,-0.504414324897909,FAHNSCC_15,HN,1,FAHNSCC_15,stromal cells,,carcinoma_in_situ_FAHNSCC_15_2
35887,41173,10262.1142857143,190.235714285714,77.7642857142857,600.485714285714,93.6857142857143,2627.86428571429,470.771428571429,190.807142857143,946.242857142857,4069.15,405.014285714286,164.428571428571,961.421428571429,2940.93571428571,384.185714285714,138.485714285714,968.421428571429,2480.20714285714,553.65,386.992857142857,966.007142857143,2173.91428571429,244.828571428571,1359.92142857143,743.0,957.328571428571,298.392857142857,125.171428571429,999.035714285714,411.607142857143,13764.2714285714,9500.83571428572,140,15.0679767314915,12.0867002162373,0.597129474807787,0.921052631578947,0.777777777777778,1.36723757222058,FAHNSCC_15,HN,1,FAHNSCC_15,stromal cells,,carcinoma_in_situ_FAHNSCC_15_2
35915,41202,25996.4107142857,687.135714285714,397.082142857143,611.289285714286,511.864285714286,6813.24285714286,665.714285714286,228.003571428571,1020.4,10326.3535714286,486.432142857143,206.185714285714,946.417857142857,7390.06428571429,562.935714285714,168.142857142857,1026.65357142857,6378.40357142857,650.932142857143,412.517857142857,962.903571428572,5122.83571428571,1585.85714285714,805.325,576.735714285714,2375.20714285714,350.167857142857,132.585714285714,991.546428571429,423.057142857143,13354.6392857143,8675.80357142857,280,32.1141903239376,11.2036803465335,0.937171095881258,0.955631399317406,0.545808966861598,1.02470456738661,FAHNSCC_15,HN,1,FAHNSCC_15,regulatory T cells,,carcinoma_in_situ_FAHNSCC_15_2
35964,41259,9658.63090128755,193.236051502146,79.3519313304721,600.87982832618,179.407725321888,2324.63519313305,857.356223175966,185.969957081545,947.25321888412,3460.03862660944,397.454935622318,245.824034334764,941.115879828326,2755.81545064378,879.673819742489,1064.99141630901,1020.32188841202,1635.02145922747,577.43347639485,389.703862660944,959.025751072961,1192.87124463519,323.231759656652,1826.50214592275,675.43347639485,812.339055793991,269.489270386266,193.523605150215,992.875536480687,410.579399141631,14064.9012875536,8592.3347639485,233,23.6064921861448,12.5767685767427,0.846261742959481,0.966804979253112,0.779264214046823,0.193682870975941,FAHNSCC_15,HN,1,FAHNSCC_15,stromal cells,,carcinoma_in_situ_FAHNSCC_15_2
36009,41311,9065.62321792261,139.366598778004,75.6293279022403,596.118126272912,20.5743380855397,912.708757637474,314.951120162933,185.342158859471,997.792260692464,3416.23421588595,409.830957230143,972.541751527495,1021.2749490835,2706.25865580448,398.179226069246,151.162932790224,1055.69653767821,1897.54786150713,1235.38085539715,394.281059063136,966.771894093687,1364.44195519348,406.86150712831,2936.04887983707,575.175152749491,948.987780040733,292.124236252546,117.826883910387,1014.00203665988,412.478615071283,13276.0610997963,8736.7800407332,491,29.7730620456516,21.0981069656782,0.705579531633308,0.968441814595661,0.755384615384615,0.847210144433671,FAHNSCC_15,HN,1,FAHNSCC_15,tumor cells,,carcinoma_in_situ_FAHNSCC_15_2
36034,41339,6444.11282051282,247.923076923077,93.2897435897436,604.876923076923,11.2179487179487,1396.8,460.451282051282,242.674358974359,961.961538461539,2250.18717948718,389.994871794872,3830.48461538462,1055.39487179487,1959.58461538462,391.835897435897,149.333333333333,1004.01025641026,1500.69487179487,1804.94358974359,411.982051282051,1118.00256410256,1151.21025641026,400.705128205128,2805.7717948718,572.161538461539,863.235897435897,294.702564102564,119.566666666667,993.007692307692,413.746153846154,13923.3282051282,8240.38205128205,390,27.2367400833519,18.2851643379361,0.741147811117702,0.955882352941176,0.802469135802469,0.0996345614555181,FAHNSCC_15,HN,1,FAHNSCC_15,tumor cells,,carcinoma_in_situ_FAHNSCC_15_2
36061,41367,8737.84541984733,146.206106870229,88.9389312977099,598.0,48.4103053435115,1782.47900763359,590.43320610687,244.910305343511,956.408396946565,2794.00572519084,412.141221374046,1133.79007633588,1069.31488549618,2005.65076335878,370.858778625954,177.248091603053,1125.98473282443,1452.77671755725,816.440839694657,386.845419847328,1268.81870229008,928.398854961832,505.234732824427,2576.3893129771,574.492366412214,726.526717557252,237.912213740458,114.026717557252,974.166030534351,409.017175572519,14003.3893129771,8608.76908396947,524,29.2495728094015,22.8642097569615,0.623662409438086,0.95970695970696,0.727777777777778,0.177507361957486,FAHNSCC_15,HN,1,FAHNSCC_15,tumor cells,,carcinoma_in_situ_FAHNSCC_15_2
36075,41388,5476.99032258065,156.496774193548,76.3064516129032,595.351612903226,13.9451612903226,1304.79677419355,425.154838709677,203.658064516129,951.022580645161,2134.51290322581,411.764516129032,1445.14838709677,963.21935483871,1511.34193548387,397.077419354839,159.332258064516,1018.73870967742,1288.98064516129,1202.74838709677,387.364516129032,949.774193548387,909.251612903226,242.551612903226,2847.95483870968,576.261290322581,832.593548387097,312.151612903226,116.777419354839,1002.10322580645,411.51935483871,13282.835483871,9335.21612903226,310,24.506043848113,16.4384234331152,0.741646812256287,0.950920245398773,0.704545454545455,0.640740122233744,FAHNSCC_15,HN,1,FAHNSCC_15,tumor cells,,carcinoma_in_situ_FAHNSCC_15_2
36082,41396,32020.3772241993,289.0,87.9252669039146,613.693950177936,77.8362989323843,7751.97864768683,1111.51957295374,242.807829181495,961.790035587189,11211.1423487544,695.800711743772,178.291814946619,974.14590747331,9095.68327402135,502.142348754448,304.846975088968,1163.03914590747,5921.61209964413,665.97153024911,402.775800711744,992.466192170818,5918.43772241993,323.053380782918,8216.38790035587,1285.80071174377,1241.29893238434,333.565836298932,184.886120996441,1047.92882562278,411.5871886121,14353.0533807829,9083.80071174377,281,19.6043323672024,18.3896090078887,0.346532370047438,0.959044368600682,0.739473684210526,-0.176370949088218,FAHNSCC_15,HN,1,FAHNSCC_15,stromal cells,,carcinoma_in_situ_FAHNSCC_15_2
36096,41414,7414.83489681051,158.416510318949,85.671669793621,600.427767354597,10.1125703564728,1621.76547842402,452.300187617261,253.208255159475,959.360225140713,2587.76547842402,414.574108818011,2411.75234521576,986.290806754221,2241.15759849906,386.626641651032,147.311444652908,1036.30769230769,1644.48592870544,2023.29831144465,417.906191369606,1126.32082551595,1135.64540337711,412.078799249531,2445.62851782364,572.932457786116,872.028142589118,296.711069418387,115.536585365854,999.838649155722,415.215759849906,13769.0075046904,8250.60412757974,533,35.066356833643,19.4427014055329,0.832214000284657,0.95863309352518,0.761428571428572,-0.148763328492426,FAHNSCC_15,HN,1,FAHNSCC_15,tumor cells,,carcinoma_in_situ_FAHNSCC_15_2
36122,41445,17044.5,265.284671532847,97.8503649635036,607.266423357664,255.470802919708,4565.37226277372,780.284671532847,207.759124087591,952.332116788321,6314.59124087591,523.686131386861,198.372262773723,950.92700729927,5128.56204379562,394.886861313869,258.631386861314,1132.24817518248,3286.16058394161,603.992700729927,386.383211678832,957.967153284672,2624.76277372263,296.952554744526,2501.63503649635,591.565693430657,1281.69708029197,310.868613138686,136.065693430657,1008.91240875912,413.36496350365,14326.6094890511,8794.06934306569,274,25.7613740447358,13.5666380963674,0.850096395447292,0.938356164383562,0.634259259259259,0.469207766444073,FAHNSCC_15,HN,1,FAHNSCC_15,stromal cells,,carcinoma_in_situ_FAHNSCC_15_2
36136,41462,29675.7222222222,386.300925925926,130.152777777778,611.453703703704,79.3703703703704,7959.34722222222,848.574074074074,266.819444444444,979.930555555556,11077.5324074074,663.847222222222,187.00462962963,980.388888888889,8808.38888888889,501.800925925926,296.375,1092.40277777778,5445.69907407407,765.157407407407,445.759259259259,979.810185185185,5108.24537037037,378.583333333333,3459.35185185185,1782.07407407407,1586.50925925926,358.953703703704,154.208333333333,1049.86111111111,420.439814814815,14666.212962963,8579.79166666667,216,18.7567495766882,14.7931850312748,0.61479627338519,0.947368421052632,0.757894736842105,-1.47244878869452,FAHNSCC_15,HN,1,FAHNSCC_15,endothelial cells,,carcinoma_in_situ_FAHNSCC_15_2
36148,41474,8904.73645320197,176.216748768473,67.7093596059113,601.756157635468,105.620689655172,2069.47290640394,617.738916256158,228.093596059113,948.0,2965.39901477833,381.379310344828,780.12315270936,1011.26600985222,2151.73645320197,383.778325123153,168.866995073892,1030.71674876847,1715.539408867,1604.89162561576,379.948275862069,998.985221674877,1311.76354679803,1103.5,1813.54433497537,581.310344827586,747.12315270936,256.406403940887,127.312807881773,988.637931034483,411.130541871921,13702.7955665025,9132.22660098522,406,28.9244166516148,18.0812665307622,0.780527683289368,0.959810874704492,0.751851851851852,-0.35919398833157,FAHNSCC_15,HN,1,FAHNSCC_15,Ki67+ tumor cells,,carcinoma_in_situ_FAHNSCC_15_2
36275,41609,7428.5023364486,154.478971962617,74.1168224299066,600.801401869159,17.7359813084112,1770.59345794393,439.021028037383,228.516355140187,952.714953271028,2728.00934579439,414.890186915888,989.892523364486,1041.31074766355,1995.10514018692,373.042056074766,150.095794392523,1035.07710280374,1569.70794392523,1307.57009345794,381.803738317757,963.953271028037,1213.9953271028,428.586448598131,1929.30373831776,574.990654205608,782.401869158879,259.901869158879,109.025700934579,990.621495327103,410.521028037383,13712.6261682243,9208.07476635514,428,27.6531401034614,20.0431051162135,0.688955177965331,0.951111111111111,0.702791461412151,0.0012320604031591,FAHNSCC_15,HN,1,FAHNSCC_15,tumor cells,,carcinoma_in_situ_FAHNSCC_15_2
36331,41674,7160.6906779661,156.71186440678,70.5889830508475,602.53813559322,15.4872881355932,1651.43220338983,441.508474576271,209.576271186441,945.313559322034,2649.27542372881,414.826271186441,1769.02542372881,962.783898305085,1987.16949152542,403.762711864407,131.665254237288,1064.3686440678,1472.19491525424,2368.54237288136,398.296610169492,1100.47033898305,977.076271186441,1754.44915254237,2213.25423728814,569.949152542373,812.055084745763,289.495762711864,152.796610169492,1008.55084745763,410.987288135593,13432.0466101695,8615.98728813559,236,17.9402519244404,16.7455994232224,0.358813223836504,0.975206611570248,0.816608996539792,1.03214018124846,FAHNSCC_15,HN,1,FAHNSCC_15,Ki67+ tumor cells,,carcinoma_in_situ_FAHNSCC_15_2
36398,41748,4741.05673758865,97.3191489361702,55.0141843971631,594.230496453901,16.1489361702128,1222.07092198582,384.921985815603,195.117021276596,946.716312056738,2039.63475177305,371.648936170213,632.574468085106,1067.09219858156,1331.14539007092,343.900709219858,135.496453900709,1068.0390070922,1223.23758865248,917.524822695036,391.031914893617,1033.06737588652,891.0,650.606382978723,2661.30141843972,579.056737588653,784.808510638298,284.421985815603,123.787234042553,999.503546099291,411.152482269504,13130.0638297872,9227.51773049646,282,21.0585630635926,17.1422511597162,0.5808262189498,0.959183673469388,0.746031746031746,0.389186250027131,FAHNSCC_15,HN,1,FAHNSCC_15,tumor cells,,carcinoma_in_situ_FAHNSCC_15_2
36399,41749,25171.5748987854,462.121457489879,141.275303643725,616.064777327935,434.506072874494,6361.5991902834,805.955465587045,250.607287449393,970.161943319838,8896.61133603239,614.016194331984,794.890688259109,953.267206477733,7753.95546558704,550.623481781377,169.105263157895,1189.31983805668,5754.995951417,629.781376518219,384.105263157895,963.14979757085,6588.64777327935,327.615384615385,6911.96356275304,1611.99190283401,2255.58704453441,431.433198380567,149.194331983806,1041.7004048583,426.817813765182,13909.5991902834,9705.68421052632,247,19.9169142441563,15.8921204105605,0.602762287994119,0.961089494163424,0.764705882352941,-1.04189264182349,FAHNSCC_15,HN,1,FAHNSCC_15,tumor cells,,carcinoma_in_situ_FAHNSCC_15_2
36464,41821,15375.6896551724,254.248275862069,98.2827586206896,607.6,247.475862068966,3721.64827586207,1450.15172413793,211.441379310345,948.572413793104,5708.20689655172,476.28275862069,228.875862068966,954.144827586207,4906.91034482759,548.524137931035,751.434482758621,1012.44137931034,3621.36551724138,595.910344827586,390.986206896552,962.075862068966,3087.19310344828,375.689655172414,2326.25517241379,703.68275862069,1737.82068965517,339.765517241379,407.213793103448,1007.27586206897,413.4,13952.6137931034,8817.88275862069,145,15.9735381402177,11.6739469617558,0.682559121613763,0.953947368421053,0.796703296703297,0.956434717180221,FAHNSCC_15,HN,1,FAHNSCC_15,stromal cells,,carcinoma_in_situ_FAHNSCC_15_2
36467,41825,4571.12,197.62,89.1333333333333,602.586666666667,14.8133333333333,1072.82666666667,427.313333333333,204.066666666667,956.24,1887.02666666667,452.153333333333,1948.04666666667,969.526666666667,1828.39333333333,456.486666666667,122.073333333333,1052.04666666667,1718.48666666667,1535.31333333333,395.073333333333,954.38,1434.58666666667,955.306666666667,4947.98666666667,582.466666666667,1132.16,318.246666666667,118.506666666667,1018.72666666667,416.406666666667,14454.74,8406.76666666667,150,15.8581363530005,12.0623436210326,0.649173132331995,0.961538461538462,0.78125,-1.35689672781458,FAHNSCC_15,HN,1,FAHNSCC_15,Ki67+ tumor cells,,carcinoma_in_situ_FAHNSCC_15_2
36493,41853,21850.180952381,324.080952380952,91.7619047619048,606.652380952381,88.8571428571429,5784.46666666667,1315.55714285714,228.028571428571,958.214285714286,8728.57142857143,740.133333333333,269.666666666667,1159.65238095238,6252.28095238095,455.533333333333,504.061904761905,1037.53333333333,4950.08095238095,582.371428571429,401.038095238095,952.32380952381,5095.9619047619,301.814285714286,2783.87619047619,894.242857142857,1885.86666666667,377.152380952381,189.82380952381,1035.9380952381,421.104761904762,14419.8,9204.61428571429,210,18.5465748759507,14.4609279758173,0.626142283367179,0.954545454545455,0.777777777777778,1.40697697197205,FAHNSCC_15,HN,1,FAHNSCC_15,stromal cells,,carcinoma_in_situ_FAHNSCC_15_2
36512,41874,7386.23308270677,142.315789473684,64.5300751879699,594.323308270677,20.7669172932331,1840.59398496241,399.890977443609,186.308270676692,949.932330827068,2737.6992481203,395.751879699248,1325.63157894737,958.575187969925,2208.46240601504,383.375939849624,125.338345864662,959.774436090226,1885.40601503759,1138.27443609023,387.924812030075,959.037593984962,1713.05263157895,590.484962406015,1728.62406015038,578.522556390978,962.763157894737,278.033834586466,114.552631578947,1013.20676691729,411.255639097744,13530.0338345865,9514.14285714286,266,23.4068075602901,15.3765460000216,0.753954852590017,0.901694915254237,0.730769230769231,-1.49747320519501,FAHNSCC_15,HN,1,FAHNSCC_15,tumor cells,,carcinoma_in_situ_FAHNSCC_15_2
36537,41901,7371.31428571429,442.266666666667,167.4,629.314285714286,1561.4380952381,1771.2380952381,512.933333333333,170.333333333333,961.52380952381,2664.59047619048,379.628571428571,184.514285714286,939.438095238095,1724.92380952381,414.542857142857,386.961904761905,1096.31428571429,1886.4,529.27619047619,383.133333333333,958.657142857143,1600.32380952381,222.409523809524,2673.67619047619,590.038095238095,958.866666666667,276.295238095238,137.304761904762,1003.48571428571,410.733333333333,13797.4476190476,9462.6380952381,105,12.6738233091217,10.5476892831759,0.554412384951074,0.972222222222222,0.795454545454545,-1.20182156984431,FAHNSCC_15,HN,1,FAHNSCC_15,stromal cells,,carcinoma_in_situ_FAHNSCC_15_2
36586,41955,10952.8039215686,200.501089324619,80.562091503268,601.62962962963,15.8148148148148,2752.56644880174,446.653594771242,215.542483660131,940.305010893246,4236.93464052288,386.44008714597,830.21568627451,1029.62962962963,3108.20261437909,378.716775599129,142.830065359477,994.843137254902,2608.46840958606,1089.79738562092,389.119825708061,995.437908496732,2178.97603485839,421.021786492375,2267.16339869281,574.030501089325,1255.06535947712,295.821350762527,121.579520697168,993.699346405229,411.065359477124,13172.5490196078,8957.90849673203,459,26.0639936344894,22.5359351374834,0.502394347149714,0.958246346555324,0.765,1.06451824037465,FAHNSCC_15,HN,1,FAHNSCC_15,tumor cells,,carcinoma_in_situ_FAHNSCC_15_2
36609,41984,8205.43133462283,137.413926499033,62.9574468085106,600.466150870406,66.4119922630561,2106.48742746615,692.882011605416,218.145067698259,956.168278529981,3426.25145067698,450.127659574468,1244.0754352031,1034.73694390716,3177.41586073501,658.653771760155,168.52417794971,1057.5996131528,2335.68278529981,2260.39071566731,404.613152804642,964.733075435203,1884.29400386847,670.344294003869,5072.17408123791,574.025145067698,1163.85686653772,298.957446808511,473.878143133462,1020.09864603482,415.73500967118,14063.667311412,8267.49516441006,517,31.201388448299,21.2425876995125,0.732449027779214,0.96455223880597,0.710164835164835,-0.86848672914025,FAHNSCC_15,HN,1,FAHNSCC_15,tumor cells,,carcinoma_in_situ_FAHNSCC_15_2
36777,42184,28284.8805970149,382.277611940299,119.173134328358,614.071641791045,118.671641791045,6459.27164179105,822.617910447761,243.253731343284,963.567164179105,9246.7552238806,604.75223880597,165.829850746269,993.862686567164,7765.4,496.770149253731,178.477611940299,1162.17611940299,4959.76119402985,670.125373134328,401.232835820896,961.620895522388,4462.67164179105,311.24776119403,8623.55223880597,1962.24776119403,1032.44179104478,336.041791044776,125.0,1040.59402985075,414.471641791045,14361.8149253731,9171.89552238806,335,24.1421336300354,17.7284342042432,0.678786314214492,0.959885386819484,0.728260869565217,0.472787246912947,FAHNSCC_15,HN,1,FAHNSCC_15,endothelial cells,,carcinoma_in_situ_FAHNSCC_15_2
36878,42304,6146.73515981735,228.712328767123,95.2648401826484,604.634703196347,22.3470319634703,1141.13242009132,420.022831050228,185.593607305936,958.132420091324,2418.12785388128,429.58904109589,903.228310502283,988.72602739726,1896.65753424658,392.986301369863,148.534246575342,1015.73059360731,1404.4200913242,1052.20091324201,403.744292237443,955.063926940639,971.707762557078,326.173515981735,2736.91780821918,571.835616438356,889.24200913242,318.502283105023,118.420091324201,999.173515981735,411.488584474886,13291.3333333333,8720.6301369863,219,20.4897096219532,13.647377240638,0.745898113111158,0.952173913043478,0.720394736842105,0.47217147129726,FAHNSCC_15,HN,1,FAHNSCC_15,tumor cells,,carcinoma_in_situ_FAHNSCC_15_2
36900,42329,10907.0124223602,230.987577639752,88.6086956521739,610.714285714286,217.012422360248,2854.95652173913,470.931677018634,193.472049689441,951.614906832298,4421.40372670808,465.95652173913,170.329192546584,948.515527950311,2761.09937888199,397.024844720497,127.242236024845,1072.77639751553,2065.00621118012,593.60248447205,398.981366459627,961.608695652174,1466.01863354037,330.080745341615,2433.77639751553,1412.28571428571,809.360248447205,278.447204968944,122.88198757764,1003.93788819876,410.291925465839,14553.4099378882,8581.45962732919,161,20.7474919533022,9.92615618484989,0.878127437771821,0.930635838150289,0.670833333333333,0.308281628225316,FAHNSCC_15,HN,1,FAHNSCC_15,stromal cells,,carcinoma_in_situ_FAHNSCC_15_2
36917,42349,10336.0073800738,158.210332103321,73.7343173431734,604.059040590406,88.2656826568266,2662.9963099631,1270.43542435424,206.520295202952,954.793357933579,4379.38007380074,1007.22878228782,550.708487084871,953.19557195572,3106.15498154982,419.878228782288,193.036900369004,1210.62361623616,2769.0332103321,626.132841328413,411.092250922509,951.933579335793,2584.56826568266,278.520295202952,3533.61623616236,769.907749077491,1111.0258302583,301.420664206642,154.317343173432,1026.91143911439,415.656826568266,14799.9667896679,8777.35055350554,271,23.0438660284521,15.0458120844661,0.757426462360179,0.950877192982456,0.716931216931217,-1.00917496509807,FAHNSCC_15,HN,1,FAHNSCC_15,M2 macrophages,,carcinoma_in_situ_FAHNSCC_15_2
36926,42360,5356.70715835141,336.715835140998,111.383947939262,601.548806941432,7.75488069414317,1256.20173535792,492.258134490239,284.540130151844,964.785249457701,2007.12147505423,424.911062906725,4219.67895878525,977.041214750542,1697.56399132321,371.798264642082,164.154013015184,1001.5726681128,1292.58351409978,990.694143167028,417.277657266811,962.156182212581,902.418655097614,301.498915401302,3041.45336225597,573.939262472885,840.965292841649,304.752711496746,115.253796095445,987.73535791757,417.488069414317,13307.8438177874,8276.99566160521,461,28.6493390646414,20.5553179552275,0.696579458711962,0.972573839662447,0.770903010033445,0.576438071352998,FAHNSCC_15,HN,1,FAHNSCC_15,tumor cells,,carcinoma_in_situ_FAHNSCC_15_2
36992,42434,18137.5818181818,219.424242424242,77.5515151515152,603.381818181818,197.545454545455,5024.86666666667,583.2,225.606060606061,953.278787878788,7745.95151515152,489.775757575758,220.024242424242,953.030303030303,5012.49696969697,366.212121212121,132.830303030303,993.175757575758,4658.58181818182,678.8,411.175757575758,958.460606060606,4138.11515151515,347.218181818182,2464.82424242424,1109.83636363636,1860.04242424242,349.660606060606,128.642424242424,1031.27272727273,417.333333333333,14588.0848484848,8484.94545454545,165,20.1870345447357,10.4715890900616,0.854939060811171,0.926966292134832,0.75,-0.0010536061591037,FAHNSCC_15,HN,1,FAHNSCC_15,stromal cells,,carcinoma_in_situ_FAHNSCC_15_2
36996,42438,9181.46998284734,192.288164665523,66.7392795883362,601.487135506004,11.0017152658662,2325.7615780446,530.749571183534,242.663807890223,966.447684391081,3842.99656946827,447.397941680961,1197.6449399657,1029.12349914237,2734.01200686106,375.912521440823,177.626072041166,1012.64150943396,1988.63807890223,851.88679245283,403.605488850772,1043.87478559177,1461.77701543739,970.869639794168,3057.45969125214,577.897084048027,848.365351629503,270.763293310463,110.795883361921,970.308747855918,413.507718696398,14283.1166380789,8400.22126929674,583,33.8436968260336,22.1041755360409,0.757249831968701,0.962046204620462,0.714460784313726,0.286473656814342,FAHNSCC_15,HN,1,FAHNSCC_15,Ki67+ tumor cells,,carcinoma_in_situ_FAHNSCC_15_2
37009,42457,26737.1374045802,352.137404580153,107.931297709924,614.232824427481,115.610687022901,5684.32442748092,830.629770992366,233.526717557252,972.5,8466.90076335878,566.885496183206,297.114503816794,967.916030534351,7240.85877862595,467.370229007634,158.396946564886,1097.5,4159.68702290076,637.950381679389,397.374045801527,963.412213740458,3857.36641221374,297.12213740458,8276.91984732825,1581.74809160305,1087.31679389313,325.603053435115,126.309160305344,1021.11450381679,413.408396946565,14332.6488549618,9188.37404580153,262,21.9969613279608,15.1928616824962,0.723160501161361,0.95970695970696,0.779761904761905,-1.19236352264507,FAHNSCC_15,HN,1,FAHNSCC_15,stromal cells,,carcinoma_in_situ_FAHNSCC_15_2
37026,42477,8234.51207729469,134.263285024155,69.7270531400966,597.572463768116,16.3212560386473,2036.45169082126,393.601449275362,190.0,946.671497584541,3346.88164251208,395.847826086957,1256.82367149758,964.224637681159,2506.47826086957,398.777777777778,126.292270531401,1037.06038647343,2179.35024154589,1383.11111111111,381.533816425121,975.635265700483,1881.76570048309,428.572463768116,1794.30676328502,576.514492753623,940.548309178744,272.352657004831,115.371980676329,998.031400966184,409.19806763285,13580.9299516908,9233.40338164251,414,31.8413372395423,16.7927958122901,0.849623458318288,0.958333333333333,0.785578747628083,1.53169592013648,FAHNSCC_15,HN,1,FAHNSCC_15,tumor cells,,carcinoma_in_situ_FAHNSCC_15_2
37060,42517,14303.5469387755,139.097959183673,78.1836734693878,605.073469387755,177.685714285714,3765.28163265306,557.934693877551,203.102040816327,951.934693877551,5415.53469387755,440.873469387755,168.29387755102,969.604081632653,3539.58367346939,401.024489795918,280.828571428571,1097.11836734694,2729.84081632653,549.387755102041,384.367346938776,958.795918367347,2523.11836734694,239.734693877551,942.0,1564.44897959184,1054.56734693878,296.355102040816,139.726530612245,1019.09795918367,412.571428571429,14194.3795918367,9266.17551020408,245,19.7525939609297,15.8415623741329,0.597325255001151,0.96078431372549,0.800653594771242,0.880317817694714,FAHNSCC_15,HN,1,FAHNSCC_15,stromal cells,,carcinoma_in_situ_FAHNSCC_15_2
37092,42555,6416.57360406091,227.761421319797,80.6751269035533,606.604060913706,122.776649746193,1612.69035532995,1159.65482233503,236.005076142132,948.781725888325,2609.45177664975,426.659898477157,1200.80710659898,1023.25888324873,1624.58883248731,453.720812182741,168.654822335025,1125.87817258883,1300.26903553299,1876.65482233503,372.456852791878,963.055837563452,875.883248730965,281.558375634518,2090.36040609137,578.167512690355,761.822335025381,258.401015228426,157.852791878173,989.111675126904,405.944162436548,14201.923857868,8943.17766497462,197,17.132273865257,14.667173258898,0.516787619373375,0.95631067961165,0.772549019607843,0.959363983563079,FAHNSCC_15,HN,1,FAHNSCC_15,tumor cells,,carcinoma_in_situ_FAHNSCC_15_2
37107,42572,7676.11450381679,278.419847328244,105.374045801527,604.068702290076,9.41221374045801,1836.03816793893,551.526717557252,243.06106870229,948.458015267176,2857.80916030534,453.12213740458,845.839694656489,952.442748091603,2556.59541984733,410.282442748092,159.381679389313,917.725190839695,2152.59541984733,868.717557251908,457.541984732824,1058.70992366412,1808.86259541985,337.511450381679,1197.70992366412,574.900763358779,1492.22900763359,437.396946564886,134.824427480916,976.007633587786,428.290076335878,14188.6488549618,8065.75572519084,131,15.1542701693615,11.0502285139828,0.684319290038913,0.922535211267606,0.727777777777778,0.533978457003277,FAHNSCC_15,HN,1,FAHNSCC_15,tumor cells,,carcinoma_in_situ_FAHNSCC_15_2
37156,42627,11390.1782178218,173.653465346535,58.5346534653465,608.564356435644,173.435643564356,2771.10891089109,559.841584158416,208.262376237624,945.39603960396,4181.40099009901,476.69801980198,173.064356435644,944.930693069307,3550.71782178218,372.366336633663,149.064356435644,1019.10396039604,2482.4603960396,650.960396039604,408.846534653465,948.009900990099,1892.35148514852,364.30198019802,2179.46534653465,1201.95544554455,1132.43069306931,314.707920792079,146.262376237624,990.059405940594,417.316831683168,14594.5841584158,8437.54455445545,202,19.791276984208,13.0741175131161,0.750738066293709,0.948356807511737,0.701388888888889,0.535232056966336,FAHNSCC_15,HN,1,FAHNSCC_15,stromal cells,,carcinoma_in_situ_FAHNSCC_15_2
37166,42640,19931.1726804124,358.29381443299,377.453608247423,603.226804123711,75.0798969072165,4521.73711340206,542.701030927835,204.721649484536,978.234536082474,7340.74742268041,465.335051546392,222.744845360825,951.932989690722,5459.21649484536,451.134020618557,225.989690721649,1042.98453608247,4128.55927835052,625.350515463918,398.832474226804,980.072164948454,3564.35567010309,370.634020618557,2288.87886597938,623.422680412371,1557.89432989691,342.188144329897,170.590206185567,1013.36082474227,419.113402061856,13829.4690721649,8671.39175257732,388,32.0499159326074,15.52590455955,0.874830652119995,0.96039603960396,0.680701754385965,0.439755291685999,FAHNSCC_15,HN,1,FAHNSCC_15,Unknown,,carcinoma_in_situ_FAHNSCC_15_2
37190,42666,17478.0276816609,229.892733564014,79.3287197231834,607.525951557093,200.148788927336,4538.46366782007,720.743944636678,212.003460207612,1004.05882352941,6935.64705882353,547.709342560554,166.806228373702,958.442906574394,5557.14878892734,517.512110726644,166.352941176471,3991.31487889273,4524.61591695502,582.851211072664,397.069204152249,965.190311418685,4034.52595155709,270.276816608997,1510.6401384083,697.539792387543,1825.46712802768,354.667820069204,154.110726643599,1026.16262975779,420.78892733564,13749.8512110727,9677.15916955017,289,22.0002183426908,16.8014775229366,0.645576102869838,0.979661016949152,0.80952380952381,-1.28185383167722,FAHNSCC_15,HN,1,FAHNSCC_15,effector CD8+ T cells,,carcinoma_in_situ_FAHNSCC_15_2
37201,42678,4059.94488188976,131.838582677165,73.1141732283465,594.192913385827,13.7913385826772,1079.38582677165,374.610236220472,183.803149606299,948.094488188976,1985.3779527559,360.452755905512,2295.34645669291,943.570866141732,1776.01181102362,464.102362204724,121.283464566929,1071.93700787402,1589.62992125984,3487.68110236221,392.807086614173,956.948818897638,1288.6062992126,467.602362204724,1861.46456692913,573.322834645669,996.043307086614,284.204724409449,114.09842519685,1020.24409448819,412.779527559055,13345.6181102362,8539.59448818898,254,20.9647523387975,15.4874511181424,0.673993128936343,0.944237918215613,0.755952380952381,-0.202463670804331,FAHNSCC_15,HN,1,FAHNSCC_15,tumor cells,,carcinoma_in_situ_FAHNSCC_15_2
37235,42716,12962.7298387097,224.818548387097,92.4153225806452,606.254032258065,265.806451612903,3231.11693548387,1303.25806451613,193.947580645161,953.282258064516,4855.87903225806,417.0,306.431451612903,951.004032258064,3120.75403225806,1097.4435483871,1026.12096774194,1096.73790322581,2666.15322580645,701.350806451613,386.286290322581,967.463709677419,2017.24193548387,351.125,2835.96370967742,631.076612903226,1087.96370967742,285.729838709677,633.459677419355,995.75,410.354838709677,14052.0282258065,8584.78629032258,248,24.1554310607879,13.1503971130968,0.838820902513751,0.942965779467681,0.738095238095238,0.112600147529035,FAHNSCC_15,HN,1,FAHNSCC_15,other APCs,,carcinoma_in_situ_FAHNSCC_15_2
37256,42738,35031.9275362319,326.905797101449,116.04347826087,617.289855072464,338.014492753623,7543.49275362319,783.057971014493,263.590579710145,961.971014492754,11159.8623188406,638.731884057971,271.003623188406,990.278985507246,7348.01811594203,958.731884057971,1895.70652173913,1122.66666666667,5123.59782608696,744.692028985507,428.300724637681,998.007246376812,4332.86956521739,369.221014492754,4218.35507246377,1272.05797101449,1344.4347826087,338.057971014493,188.246376811594,2326.07246376812,419.010869565217,14627.7753623188,8517.0,276,23.3735311584732,15.1284714290353,0.762279488827486,0.951724137931034,0.696969696969697,0.521708420053549,FAHNSCC_15,HN,1,FAHNSCC_15,NK,,carcinoma_in_situ_FAHNSCC_15_2
37262,42749,10652.6857142857,364.36,123.371428571429,619.2,439.2,2578.86285714286,700.217142857143,220.36,976.731428571428,3513.36,633.948571428571,184.582857142857,951.594285714286,2548.50285714286,466.308571428571,158.062857142857,1320.16571428571,1562.45714285714,550.091428571429,392.925714285714,962.594285714286,1375.2,246.691428571429,5189.64571428571,1548.81714285714,773.04,298.48,122.325714285714,1014.96571428571,410.354285714286,13671.64,9683.29714285714,175,17.4600436625505,12.8518148403089,0.676905394280771,0.940860215053764,0.735294117647059,0.114038041976568,FAHNSCC_15,HN,1,FAHNSCC_15,stromal cells,,carcinoma_in_situ_FAHNSCC_15_2
37298,42787,6029.03913043478,188.104347826087,87.0782608695652,596.973913043478,15.8652173913043,1521.75217391304,542.421739130435,194.834782608696,934.465217391304,2553.6347826087,364.913043478261,4502.20869565217,949.847826086956,2018.65652173913,396.626086956522,118.765217391304,996.730434782609,1920.22608695652,1805.61304347826,391.586956521739,961.508695652174,1642.84347826087,404.108695652174,2030.12173913044,570.065217391304,1095.56956521739,295.4,119.147826086957,1010.63043478261,412.330434782609,13282.1652173913,8848.36521739131,230,18.8742972679806,15.519091084343,0.569149420099089,0.966386554621849,0.798611111111111,0.388147215400123,FAHNSCC_15,HN,1,FAHNSCC_15,tumor cells,,carcinoma_in_situ_FAHNSCC_15_2
37354,42847,6603.13265306122,186.204081632653,77.0918367346939,600.408163265306,18.5510204081633,1536.04591836735,425.459183673469,181.071428571429,947.877551020408,2502.58163265306,419.285714285714,1756.74489795918,954.637755102041,2022.19897959184,387.107142857143,119.127551020408,991.673469387755,1895.1887755102,1290.5612244898,383.290816326531,991.34693877551,1710.54081632653,692.709183673469,2842.17346938776,578.938775510204,1088.89795918367,301.790816326531,119.867346938776,1010.36224489796,411.551020408163,13962.6683673469,9145.10204081633,196,16.4288384418986,15.1860451179846,0.381538519585253,0.97029702970297,0.816666666666667,1.34127408656781,FAHNSCC_15,HN,1,FAHNSCC_15,tumor cells,,carcinoma_in_situ_FAHNSCC_15_2
37362,42856,5416.1171875,200.1421875,89.2953125,602.55625,10.2375,1213.0328125,479.4875,225.9453125,953.7875,2108.19375,468.8546875,2240.1015625,985.60625,1888.2421875,399.5859375,152.465625,1045.396875,1350.6296875,1483.603125,405.996875,1050.44375,987.496875,378.1578125,3741.8296875,574.9609375,940.3296875,340.534375,120.6875,1001.603125,417.39375,13652.496875,8386.3046875,640,29.9696943882104,27.3030567970835,0.412357318679376,0.968229954614221,0.760998810939358,0.923878137342366,FAHNSCC_15,HN,1,FAHNSCC_15,tumor cells,,carcinoma_in_situ_FAHNSCC_15_2
37378,42877,8566.15415019763,236.458498023715,87.7154150197628,597.509881422925,17.3399209486166,1978.48221343874,482.893280632411,226.948616600791,944.928853754941,3077.04743083004,436.02766798419,696.284584980237,963.920948616601,2066.39130434783,417.581027667984,153.814229249012,996.569169960474,1658.00395256917,1178.04347826087,380.407114624506,958.561264822134,1221.20948616601,397.656126482213,2449.56916996047,579.098814229249,805.422924901186,293.679841897233,111.256916996047,1002.07114624506,411.288537549407,13755.6798418972,9175.60869565217,253,29.4058989145119,11.1053890696647,0.925944934410154,0.947565543071161,0.645408163265306,-0.266138217788884,FAHNSCC_15,HN,1,FAHNSCC_15,tumor cells,,carcinoma_in_situ_FAHNSCC_15_2
37530,43047,9096.27639751553,248.198757763975,85.6273291925466,606.164596273292,10.3198757763975,2050.76397515528,495.630434782609,258.565217391304,963.835403726708,3190.95962732919,438.400621118012,1780.95962732919,1032.27329192547,2472.55590062112,403.683229813665,154.080745341615,966.788819875776,2002.2950310559,1544.02173913043,419.816770186335,1040.64285714286,1616.66149068323,417.627329192547,3601.42546583851,575.512422360249,1103.03726708075,340.549689440994,122.201863354037,1007.78881987578,420.086956521739,14323.6583850932,8123.49378881988,322,24.4778964004907,16.9480987299182,0.721529406592537,0.966966966966967,0.75764705882353,-0.140872259069177,FAHNSCC_15,HN,1,FAHNSCC_15,tumor cells,,carcinoma_in_situ_FAHNSCC_15_2
37536,43053,10629.907063197,169.923791821561,74.8475836431227,598.243494423792,17.1672862453532,2577.24349442379,473.552044609665,218.377323420074,956.479553903346,3848.20260223048,424.808550185874,1552.74721189591,1127.92379182156,2903.80855018587,361.269516728625,172.314126394052,1020.85687732342,2132.42565055762,855.414498141264,391.433085501859,1016.90148698885,1675.73791821561,16826.2602230483,2728.97583643123,575.823420074349,913.068773234201,297.425650557621,116.802973977695,1002.46468401487,410.228624535316,13892.4962825279,8665.88847583643,538,35.2307840072422,19.6748115900683,0.829534738731585,0.960714285714286,0.791176470588235,0.147020907240739,FAHNSCC_15,HN,1,FAHNSCC_15,Ki67+ tumor cells,,carcinoma_in_situ_FAHNSCC_15_2
37588,43109,4548.92215568862,120.053892215569,61.0958083832335,601.341317365269,17.2455089820359,1106.10778443114,397.047904191617,221.976047904192,947.017964071857,1918.67664670659,368.508982035928,1139.62874251497,996.51497005988,1330.06586826347,389.676646706587,151.712574850299,1004.96407185629,1198.76646706587,1398.40119760479,387.748502994012,971.952095808383,862.640718562874,339.916167664671,2199.13173652695,579.425149700599,797.359281437126,283.964071856287,111.940119760479,1002.83832335329,411.646706586826,13099.0419161677,9070.38922155689,167,16.2473893366263,13.0998573167989,0.591541436876556,0.965317919075144,0.802884615384615,-0.263829338888451,FAHNSCC_15,HN,1,FAHNSCC_15,tumor cells,,carcinoma_in_situ_FAHNSCC_15_2
37689,43217,29267.1111111111,304.477777777778,91.9296296296296,611.948148148148,315.892592592593,6298.77407407407,1597.24814814815,235.185185185185,954.555555555556,9560.62222222222,618.007407407407,157.592592592593,945.333333333333,8813.5,527.988888888889,347.674074074074,1136.47777777778,6679.18148148148,633.666666666667,403.688888888889,967.462962962963,7518.37407407407,337.874074074074,7071.57037037037,1387.7962962963,2790.02222222222,409.533333333333,146.344444444444,1037.27777777778,425.87037037037,14432.7259259259,9123.24074074074,270,21.5862294414766,15.9812963040835,0.672225101732213,0.964285714285714,0.75,0.975457310366273,FAHNSCC_15,HN,1,FAHNSCC_15,stromal cells,,carcinoma_in_situ_FAHNSCC_15_2
37797,43335,20588.1359223301,337.699029126214,119.606796116505,613.878640776699,107.155339805825,5277.76699029126,888.417475728155,243.058252427184,975.966019417476,7838.30582524272,667.815533980583,195.563106796117,955.95145631068,7042.59708737864,641.800970873786,428.014563106796,1211.43203883495,3511.05339805825,693.305825242719,526.820388349515,1000.83980582524,2970.61650485437,344.747572815534,3629.31553398058,2179.97087378641,1025.03398058252,327.854368932039,154.199029126214,1022.40776699029,415.878640776699,14686.8106796117,8584.55825242719,206,20.8215720943133,12.6079570207891,0.795827213016229,0.958139534883721,0.792307692307692,-0.229529535558201,FAHNSCC_15,HN,1,FAHNSCC_15,endothelial cells,,carcinoma_in_situ_FAHNSCC_15_2
37813,43353,11126.2938931298,193.93893129771,82.824427480916,603.076335877863,221.0,2580.04198473282,508.935114503817,198.732824427481,948.171755725191,3446.51145038168,442.332061068702,169.923664122137,937.110687022901,2724.98091603053,450.583969465649,134.095419847328,1014.51145038168,1574.03435114504,512.431297709924,383.179389312977,953.43893129771,1302.87022900763,218.809160305344,2052.5572519084,1235.57633587786,755.965648854962,283.538167938931,123.213740458015,1002.32442748092,411.473282442748,14032.2633587786,9672.75954198473,262,21.9078163483889,15.2645046694385,0.717303685243612,0.939068100358423,0.689473684210526,-0.833817037938862,FAHNSCC_15,HN,1,FAHNSCC_15,stromal cells,,carcinoma_in_situ_FAHNSCC_15_2
37831,43372,11770.3714285714,274.2,92.7885714285714,608.451428571429,457.474285714286,2882.49714285714,4536.83428571429,194.365714285714,949.474285714286,4412.51428571429,861.234285714286,347.274285714286,941.685714285714,3025.76571428571,616.462857142857,815.771428571429,966.045714285714,2481.85142857143,549.748571428571,390.262857142857,954.594285714286,2098.20571428571,286.388571428571,1615.62285714286,658.942857142857,1145.12571428571,298.925714285714,494.628571428571,1005.71428571429,410.937142857143,13584.2057142857,9605.97142857143,175,18.2199739704505,12.2844661137462,0.738520778488318,0.961538461538462,0.810185185185185,-0.177930081742587,FAHNSCC_15,HN,1,FAHNSCC_15,M1/M0 macrophages,,carcinoma_in_situ_FAHNSCC_15_2
37864,43407,17429.7976539589,265.302052785924,101.41935483871,611.340175953079,456.351906158358,4039.92668621701,6524.80938416422,196.592375366569,961.768328445748,6299.08504398827,1034.44281524927,360.49853372434,963.293255131965,3904.08797653959,603.879765395894,1708.03812316716,1142.60410557185,2968.18768328446,603.815249266862,385.809384164223,966.700879765396,2135.99120234604,318.58064516129,2974.80351906158,690.33431085044,868.375366568915,250.624633431085,269.158357771261,996.577712609971,409.117302052786,14084.3607038123,8648.70381231672,341,29.5544440288171,14.7677896508409,0.866209587955086,0.947222222222222,0.653256704980843,0.331860927850562,FAHNSCC_15,HN,1,FAHNSCC_15,M2 macrophages,,carcinoma_in_situ_FAHNSCC_15_2
37901,43453,7825.69155206287,278.683693516699,115.119842829077,618.41257367387,647.100196463654,2087.81728880157,475.070726915521,185.444007858546,952.294695481336,3047.40667976424,454.591355599214,149.247544204322,966.943025540275,2403.08644400786,396.882121807466,142.440078585462,1103.97838899804,2254.36345776031,538.218074656189,382.271119842829,974.648330058939,1847.03339882122,216.92141453831,1729.28683693517,593.764243614931,749.766208251474,258.81532416503,114.469548133595,986.2278978389,408.954813359529,14443.978388998,9514.18074656189,509,38.329263812691,17.1358671589001,0.89449893279627,0.946096654275093,0.58912037037037,-0.96040647046001,FAHNSCC_15,HN,1,FAHNSCC_15,stromal cells,,carcinoma_in_situ_FAHNSCC_15_2
37978,43538,8864.31746031746,277.755555555556,94.1873015873016,605.307936507937,119.666666666667,2112.79682539683,6492.20634920635,190.498412698413,952.895238095238,3161.99682539683,2270.38095238095,168.974603174603,952.542857142857,2587.60952380952,538.425396825397,204.111111111111,1055.42857142857,1528.75555555556,521.926984126984,383.139682539683,964.225396825397,1037.80952380952,195.961904761905,946.838095238095,608.638095238095,701.920634920635,254.565079365079,134.631746031746,995.047619047619,409.777777777778,14394.2888888889,9502.95238095238,315,24.1332159635544,16.6849550795547,0.722501929461452,0.963302752293578,0.760869565217391,-1.1648107048384,FAHNSCC_15,HN,1,FAHNSCC_15,M2 macrophages,,carcinoma_in_situ_FAHNSCC_15_2
38014,43586,19761.6482213439,401.758893280633,140.426877470356,613.284584980237,353.596837944664,5862.29644268775,702.932806324111,225.249011857708,1021.8023715415,8403.13833992095,516.083003952569,197.822134387352,950.873517786561,5732.21343873518,726.090909090909,303.316205533597,1105.20553359684,4586.92885375494,714.209486166008,389.747035573123,965.735177865613,4105.23320158103,271.865612648221,2253.95652173913,688.95652173913,1482.38735177866,351.9604743083,567.778656126482,1015.66403162055,417.324110671937,14171.837944664,9244.34387351779,253,26.2349321883537,12.2945227095993,0.883393606532802,0.951127819548872,0.605263157894737,-0.657267258469685,FAHNSCC_15,HN,1,FAHNSCC_15,other APCs,,carcinoma_in_situ_FAHNSCC_15_2
38060,43641,11307.4678362573,245.327485380117,100.859649122807,602.497076023392,19.0058479532164,3071.30994152047,571.959064327485,216.263157894737,957.555555555556,5294.37426900585,474.286549707602,1971.49122807018,1091.26315789474,4340.64912280702,493.713450292398,121.982456140351,999.251461988304,4728.83040935673,5136.3918128655,407.409356725146,1003.83625730994,4549.20467836257,376.198830409357,2635.98245614035,576.74269005848,3252.00584795322,378.333333333333,131.93567251462,1002.86549707602,434.836257309942,14370.1754385965,8651.89473684211,171,18.091855851125,12.0996269462168,0.743452626937056,0.93956043956044,0.66796875,0.718645718674984,FAHNSCC_15,HN,1,FAHNSCC_15,tumor cells,,carcinoma_in_situ_FAHNSCC_15_2
38086,43670,4447.08108108108,102.39527027027,63.9391891891892,598.668918918919,11.4425675675676,1014.62162162162,401.290540540541,207.64527027027,944.027027027027,1813.16216216216,396.70945945946,1277.10472972973,974.381756756757,1434.58108108108,358.577702702703,129.611486486486,962.179054054054,1250.56081081081,2073.42905405405,394.540540540541,953.824324324324,921.902027027027,401.33445945946,3532.39527027027,576.091216216216,866.695945945946,321.760135135135,122.25,997.307432432432,415.222972972973,14311.2060810811,8381.04054054054,296,21.8850368652542,17.4716419711163,0.60221051318545,0.964169381107492,0.747474747474748,-0.340879294328626,FAHNSCC_15,HN,1,FAHNSCC_15,tumor cells,,carcinoma_in_situ_FAHNSCC_15_2
38150,43740,12177.7329974811,276.007556675063,84.3375314861461,604.745591939547,142.408060453401,3314.56423173804,589.138539042821,206.287153652393,956.944584382872,5419.12090680101,1670.80604534005,196.48362720403,954.307304785894,4780.55415617128,553.32241813602,333.254408060453,1030.57682619647,3946.50125944584,597.60201511335,393.833753148615,961.604534005038,3967.90680100756,268.581863979849,762.327455919395,647.153652392947,1816.7355163728,351.690176322418,317.23677581864,1034.61460957179,421.642317380353,14203.9571788413,9447.07052896726,397,31.3189646800549,16.3245090005423,0.853413806475374,0.958937198067633,0.612654320987654,-0.935632300775362,FAHNSCC_15,HN,1,FAHNSCC_15,M2 macrophages,,carcinoma_in_situ_FAHNSCC_15_2
38173,43769,6124.13488372093,151.683720930233,79.2837209302326,605.595348837209,31.2511627906977,1501.07906976744,504.813953488372,219.106976744186,957.432558139535,2452.6,438.609302325581,1195.64651162791,975.781395348837,1631.59534883721,411.432558139535,168.758139534884,996.013953488372,1294.83720930233,1826.79534883721,391.106976744186,969.73023255814,945.483720930233,367.753488372093,3145.19534883721,576.86511627907,869.460465116279,302.023255813954,131.218604651163,1009.83720930233,412.925581395349,14015.5255813953,8515.69302325581,215,18.1850481581186,15.0450403548554,0.561715822354893,0.981735159817352,0.790441176470588,0.673881445202017,FAHNSCC_15,HN,1,FAHNSCC_15,tumor cells,,carcinoma_in_situ_FAHNSCC_15_2
38176,43772,21731.032,283.704,91.856,612.044,207.312,5070.008,761.344,211.772,960.372,7164.072,602.676,161.36,964.956,4311.416,405.632,141.128,1157.86,2962.172,587.584,386.32,967.412,2219.048,286.72,3948.42,784.48,1005.256,291.956,231.98,997.26,410.692,14539.584,8867.556,250,20.6824111819378,15.4767824725056,0.663353148927765,0.950570342205323,0.744047619047619,0.0523971096308418,FAHNSCC_15,HN,1,FAHNSCC_15,stromal cells,,carcinoma_in_situ_FAHNSCC_15_2
38204,43801,6290.97037037037,190.640740740741,84.3814814814815,603.166666666667,9.7,1340.94074074074,397.862962962963,201.274074074074,954.196296296296,2321.57777777778,367.396296296296,3512.12592592593,974.096296296296,2288.35555555556,426.151851851852,124.014814814815,1011.64814814815,1247.13703703704,2651.00740740741,263.511111111111,962.766666666667,1689.14444444444,1777.2,1668.12592592593,566.803703703704,1116.27037037037,295.32962962963,120.607407407407,990.67037037037,417.040740740741,13544.4814814815,8340.28888888889,270,21.0854687736738,16.373962728321,0.630053178242304,0.950704225352113,0.803571428571429,0.0553275119490391,FAHNSCC_15,HN,1,FAHNSCC_15,Ki67+ tumor cells,,carcinoma_in_situ_FAHNSCC_15_2
38235,43837,12793.4645030426,152.600405679513,71.1622718052738,605.874239350913,74.0385395537525,3128.38945233266,724.965517241379,245.10953346856,953.093306288032,5140.53955375254,441.79107505071,968.095334685598,1064.94726166329,3366.21906693712,431.288032454361,204.95537525355,1108.96551724138,2892.40770791075,1429.43204868154,394.046653144016,1071.17038539554,2225.26369168357,683.137931034483,2522.29208924949,578.853955375254,1000.41379310345,271.160243407708,143.243407707911,1001.23529411765,412.245436105477,13637.8661257606,8775.35496957404,493,35.9280859382703,17.8616968634154,0.86766383070806,0.961013645224172,0.607142857142857,-0.811898793863558,FAHNSCC_15,HN,1,FAHNSCC_15,tumor cells,,carcinoma_in_situ_FAHNSCC_15_2
38287,43898,28527.420233463,316.077821011673,88.7081712062257,605.463035019455,107.400778210117,7514.57976653697,702.879377431907,244.015564202335,963.715953307393,10975.2840466926,639.774319066148,208.696498054475,956.463035019455,8316.96887159533,398.642023346304,142.875486381323,1157.01945525292,6099.78988326848,747.003891050584,408.143968871595,973.136186770428,5914.29961089494,330.163424124514,5468.77431906615,1080.17120622568,1563.56031128405,346.887159533074,128.945525291829,1024.77042801556,421.614785992218,14605.6926070039,8873.43579766537,257,20.4431365399285,16.0796406930238,0.617520886447237,0.962546816479401,0.803125,-0.092156581858826,FAHNSCC_15,HN,1,FAHNSCC_15,stromal cells,,carcinoma_in_situ_FAHNSCC_15_2
38322,43936,3612.52173913044,277.986956521739,105.630434782609,601.691304347826,8.73478260869565,717.152173913044,441.64347826087,219.965217391304,951.413043478261,1201.03913043478,418.726086956522,6939.27391304348,979.395652173913,1145.0,382.817391304348,124.234782608696,988.726086956522,1008.00869565217,1945.82173913043,409.652173913044,952.547826086956,682.917391304348,343.526086956522,2394.74347826087,569.769565217391,858.821739130435,311.54347826087,118.495652173913,1001.2652173913,415.626086956522,13542.7391304348,8123.42608695652,230,20.058207451862,14.6164251038404,0.684832557512482,0.954356846473029,0.712074303405573,-0.979375042659648,FAHNSCC_15,HN,1,FAHNSCC_15,tumor cells,,carcinoma_in_situ_FAHNSCC_15_2
38335,43951,18916.9798657718,272.802013422819,81.8590604026846,602.734899328859,115.624161073826,5116.63758389262,682.640939597315,242.197986577181,951.553691275168,7703.82214765101,570.922818791946,209.56711409396,952.61744966443,5288.31543624161,440.053691275168,170.775167785235,1018.87919463087,3793.76510067114,726.057046979866,407.865771812081,971.469798657718,3215.02013422819,411.134228187919,2768.62751677852,804.503355704698,1428.58724832215,347.560402684564,142.634228187919,1021.93288590604,419.590604026846,14600.6744966443,8468.68791946309,298,23.655737247868,16.1186310288163,0.731926506839923,0.955128205128205,0.776041666666667,-0.0739278825417127,FAHNSCC_15,HN,1,FAHNSCC_15,stromal cells,,carcinoma_in_situ_FAHNSCC_15_2
38370,43993,5206.34061135371,125.170305676856,68.1310043668122,602.585152838428,10.4454148471616,1180.27510917031,443.35807860262,204.659388646288,950.449781659389,2014.3711790393,380.882096069869,1495.65502183406,941.292576419214,2240.66812227074,474.930131004367,122.353711790393,900.606986899563,1871.54148471616,2395.29257641921,412.956331877729,943.659388646288,1626.8864628821,347.393013100437,2510.7903930131,575.200873362446,1407.35371179039,373.397379912664,125.227074235808,984.956331877729,420.886462882096,14185.0,8138.78165938865,229,22.9302682904442,12.7141512164237,0.832203556834225,0.966244725738397,0.800699300699301,-0.222767124179001,FAHNSCC_15,HN,1,FAHNSCC_15,tumor cells,,carcinoma_in_situ_FAHNSCC_15_2
38441,44071,6359.73357664234,180.861313868613,86.6715328467153,596.20802919708,15.2518248175182,871.0,260.726277372263,172.569343065693,936.302919708029,2445.50364963504,391.14598540146,1669.39051094891,976.554744525547,1884.36131386861,417.273722627737,119.857664233577,989.704379562044,1731.1897810219,2875.32481751825,394.959854014599,985.686131386861,1387.8795620438,2891.74087591241,1453.20072992701,575.423357664234,965.175182481752,291.20802919708,123.138686131387,1012.5401459854,411.569343065693,13126.4051094891,8651.72262773723,274,22.8039578894529,15.366285154573,0.738874646893941,0.935153583617748,0.778409090909091,0.0094186321271886,FAHNSCC_15,HN,1,FAHNSCC_15,Ki67+ tumor cells,,carcinoma_in_situ_FAHNSCC_15_2
38451,44083,19946.5804878049,277.99512195122,101.492682926829,616.629268292683,231.078048780488,4644.19024390244,651.673170731707,225.229268292683,965.60487804878,6864.92195121951,484.009756097561,170.356097560976,941.209756097561,4207.01463414634,408.941463414634,187.560975609756,1099.50243902439,4072.53658536585,627.917073170732,406.90243902439,968.882926829268,3887.6,318.390243902439,2560.4,668.926829268293,1570.23414634146,357.756097560976,150.926829268293,1017.39512195122,418.063414634146,14636.5073170732,8608.32195121951,205,22.0162737812521,11.910438157076,0.841033284078668,0.957943925233645,0.813492063492064,0.116819686955561,FAHNSCC_15,HN,1,FAHNSCC_15,stromal cells,,carcinoma_in_situ_FAHNSCC_15_2
38474,44112,8656.07917888563,141.384164222874,80.4780058651027,606.173020527859,184.410557184751,2246.15249266862,457.014662756598,186.516129032258,949.938416422287,3454.61583577713,411.923753665689,161.33431085044,936.967741935484,2534.8064516129,429.944281524927,246.724340175953,1065.09384164223,1927.08211143695,530.598240469208,388.390029325513,964.149560117302,1477.58064516129,228.554252199414,1198.33137829912,4497.46920821114,838.560117302053,293.627565982405,317.158357771261,1038.32551319648,410.651026392962,14156.4281524927,9571.89736070381,341,23.0832082750024,19.324501019091,0.546947306686164,0.955182072829132,0.741304347826087,1.30842163928269,FAHNSCC_15,HN,1,FAHNSCC_15,endothelial cells,,carcinoma_in_situ_FAHNSCC_15_2
38494,44133,12131.2946859903,203.478260869565,78.4057971014493,604.19806763285,346.526570048309,3172.65700483092,465.260869565217,196.579710144928,952.014492753623,5194.61352657005,421.468599033816,292.632850241546,956.183574879227,2671.38647342995,343.980676328502,137.961352657005,1001.19806763285,2681.54589371981,656.154589371981,397.473429951691,946.425120772947,1897.92270531401,328.579710144928,1066.99033816425,576.816425120773,1115.22222222222,299.357487922705,114.628019323672,992.270531400966,412.714975845411,13523.1304347826,8477.0,207,26.4822227161338,10.0407073236183,0.925335648631743,0.945205479452055,0.663461538461538,0.335299032790405,FAHNSCC_15,HN,1,FAHNSCC_15,stromal cells,,carcinoma_in_situ_FAHNSCC_15_2
38519,44161,17780.9315789474,359.6,110.757894736842,611.521052631579,23.6421052631579,3926.86842105263,737.431578947368,233.284210526316,967.721052631579,6063.61578947368,519.126315789474,325.51052631579,1040.25263157895,4746.14736842105,408.842105263158,275.584210526316,1090.11052631579,3282.52105263158,718.484210526316,435.078947368421,953.747368421053,2697.14210526316,360.978947368421,1454.06842105263,664.136842105263,1586.46842105263,360.963157894737,140.542105263158,1001.03684210526,423.815789473684,14570.2894736842,8256.54210526316,190,25.8533300194842,9.55011319742825,0.929272131916504,0.922330097087379,0.633333333333333,0.287748070911262,FAHNSCC_15,HN,1,FAHNSCC_15,Unknown,,carcinoma_in_situ_FAHNSCC_15_2
38549,44195,14635.7929515419,188.762114537445,73.8149779735683,604.030837004405,78.2070484581498,3543.43171806167,818.801762114538,199.73127753304,961.044052863436,5125.15859030837,637.096916299559,203.013215859031,953.017621145374,4529.70925110132,469.511013215859,250.220264317181,1167.81497797357,3256.38766519824,591.453744493392,398.083700440529,1002.79295154185,3062.66519823789,268.118942731278,2802.70484581498,1116.859030837,1184.41850220264,348.277533039648,233.220264317181,1049.44052863436,415.982378854626,13995.8810572687,9505.83259911894,227,19.7896138309285,14.6505695741638,0.672258941090664,0.945833333333333,0.700617283950617,-0.785029746289567,FAHNSCC_15,HN,1,FAHNSCC_15,stromal cells,,carcinoma_in_situ_FAHNSCC_15_2
38585,44234,4615.24919093851,142.925566343042,75.9126213592233,597.245954692557,9.73139158576052,911.313915857605,422.11003236246,201.598705501618,952.941747572816,1576.77669902913,406.155339805825,2102.63754045307,959.061488673139,1698.18446601942,433.550161812298,120.407766990291,981.210355987055,1430.20388349515,2543.76375404531,413.588996763754,958.491909385113,1081.6925566343,438.611650485437,2807.30420711974,570.948220064725,998.540453074434,332.63430420712,119.860841423948,1008.02588996764,418.922330097087,13718.5760517799,8151.30097087379,309,21.921533570976,18.4356211177015,0.541062674240284,0.944954128440367,0.702272727272727,0.450777731246387,FAHNSCC_15,HN,1,FAHNSCC_15,tumor cells,,carcinoma_in_situ_FAHNSCC_15_2
38662,44319,10312.7133333333,130.62,71.2,603.326666666667,86.7,2614.14,487.473333333333,193.306666666667,965.633333333333,3895.98666666667,468.453333333333,139.06,956.073333333333,2356.52666666667,382.733333333333,127.82,1262.74666666667,1994.22666666667,541.313333333333,395.446666666667,969.006666666667,1364.76666666667,240.76,4863.03333333333,1075.75333333333,815.953333333333,297.193333333333,115.14,1032.86666666667,411.233333333333,14659.9666666667,9068.92,150,18.167605072319,10.520041895915,0.8152885066028,0.967741935483871,0.802139037433155,-0.278355678484489,FAHNSCC_15,HN,1,FAHNSCC_15,stromal cells,,carcinoma_in_situ_FAHNSCC_15_2
38680,44340,9288.63269639066,155.458598726115,72.8301486199575,601.282377919321,16.2505307855626,2275.50318471338,472.333333333333,222.116772823779,957.03821656051,3545.53503184713,413.03821656051,973.341825902336,1080.15498938429,2799.74734607219,392.622080679406,149.821656050955,1067.3821656051,2183.7855626327,827.730360934183,388.354564755839,997.07855626327,1823.90658174098,666.649681528662,1800.69851380042,577.076433121019,1057.85138004246,311.04033970276,122.96178343949,1010.77282377919,413.692144373673,13929.6050955414,8909.14861995754,471,33.494024291117,18.0545951126449,0.842280619843712,0.951515151515152,0.623015873015873,-0.769367061018862,FAHNSCC_15,HN,1,FAHNSCC_15,tumor cells,,carcinoma_in_situ_FAHNSCC_15_2
38694,44356,16649.1437125749,326.556886227545,103.868263473054,607.97005988024,405.317365269461,1330.08383233533,652.562874251497,197.814371257485,929.574850299401,6324.41317365269,446.946107784431,211.059880239521,954.221556886228,3454.2874251497,480.880239520958,363.784431137725,1015.91017964072,3383.46706586826,598.604790419162,399.329341317365,948.604790419162,2778.45508982036,333.179640718563,1292.53293413174,612.97005988024,1524.36526946108,324.844311377246,187.616766467066,1000.61676646707,417.850299401198,13285.5449101796,8678.79041916168,167,21.9730899975458,9.79638796756961,0.89511481291911,0.938202247191011,0.585964912280702,-0.594787518493671,FAHNSCC_15,HN,1,FAHNSCC_15,stromal cells,,carcinoma_in_situ_FAHNSCC_15_2
38708,44371,12522.904109589,337.63698630137,112.376712328767,605.582191780822,590.462328767123,3103.36643835616,568.928082191781,197.647260273973,947.236301369863,4540.44520547945,505.277397260274,214.585616438356,945.897260273973,3478.92808219178,380.650684931507,151.345890410959,1081.96232876712,2899.06506849315,582.448630136986,388.22602739726,961.715753424658,2319.17808219178,281.606164383562,3509.49657534247,614.664383561644,1211.77739726027,310.654109589041,126.068493150685,1002.13698630137,414.534246575343,14326.0719178082,8925.91780821918,292,20.226565000267,18.5135091284971,0.402757700969678,0.954248366013072,0.768421052631579,0.377199978106971,FAHNSCC_15,HN,1,FAHNSCC_15,stromal cells,,carcinoma_in_situ_FAHNSCC_15_2
38731,44399,16560.2792207792,399.11038961039,116.048701298701,615.720779220779,470.941558441558,4086.91883116883,667.396103896104,219.993506493507,989.977272727273,5583.57792207792,2073.1525974026,206.275974025974,1280.22727272727,4315.36688311688,574.840909090909,430.831168831169,1363.26623376623,2491.35064935065,556.834415584416,399.399350649351,966.529220779221,1599.12337662338,237.405844155844,892.642857142857,652.649350649351,736.957792207792,270.967532467532,358.538961038961,991.525974025974,408.493506493507,14211.6590909091,9670.32467532468,308,21.1706690739657,19.2926072295375,0.41176637912128,0.956521739130435,0.736842105263158,-1.28967843928403,FAHNSCC_15,HN,1,FAHNSCC_15,M2 macrophages,,carcinoma_in_situ_FAHNSCC_15_2
38810,44490,7831.13389121339,234.853556485356,72.8577405857741,602.355648535565,165.744769874477,1824.71966527197,602.217573221757,198.112970711297,981.849372384937,2756.4309623431,494.238493723849,168.916317991632,943.430962343096,2050.5230125523,484.384937238494,216.133891213389,1183.01673640167,1411.08786610879,566.050209205021,391.665271966527,962.016736401674,1035.58577405858,241.422594142259,4852.64016736402,936.644351464435,779.610878661088,324.271966527197,129.410041841004,1032.54393305439,411.489539748954,13705.6527196653,9752.38075313808,239,19.6314959870021,15.8183832539942,0.592234641694622,0.952191235059761,0.786184210526316,-1.53441385547804,FAHNSCC_15,HN,1,FAHNSCC_15,stromal cells,,carcinoma_in_situ_FAHNSCC_15_2
38821,44503,17313.4749262537,150.088495575221,69.0294985250738,609.448377581121,114.315634218289,4642.38643067847,715.412979351033,223.908554572271,965.439528023599,7151.94690265487,513.351032448378,165.138643067847,945.412979351032,5722.17404129794,390.091445427729,188.849557522124,1096.56932153392,4400.37463126844,658.280235988201,420.073746312684,955.581120943953,3947.82595870207,342.150442477876,1965.73451327434,1718.70796460177,1953.95575221239,343.648967551622,127.713864306785,1029.22713864307,423.504424778761,14678.9705014749,8510.23303834808,339,25.6355656087673,16.904027709501,0.751794483506546,0.941666666666667,0.713684210526316,0.393946920300366,FAHNSCC_15,HN,1,FAHNSCC_15,endothelial cells,,carcinoma_in_situ_FAHNSCC_15_2
38824,44506,4109.29756097561,146.448780487805,70.8390243902439,592.780487804878,19.8731707317073,1068.8,349.912195121951,174.434146341463,944.565853658537,1776.0487804878,366.790243902439,1939.69268292683,943.058536585366,1422.84390243902,396.370731707317,116.292682926829,985.687804878049,1500.46341463415,1511.0243902439,380.409756097561,968.70243902439,1363.76097560976,286.243902439024,1457.10731707317,577.985365853659,925.419512195122,279.336585365854,110.70243902439,1008.67317073171,408.278048780488,13475.1317073171,9532.47317073171,205,17.8991394613584,14.5961917526953,0.57880087790031,0.966981132075472,0.813492063492064,-1.46472418354578,FAHNSCC_15,HN,1,FAHNSCC_15,tumor cells,,carcinoma_in_situ_FAHNSCC_15_2
38907,44610,13973.0769230769,258.337606837607,89.1794871794872,598.649572649573,281.059829059829,5197.31623931624,1923.22222222222,221.871794871795,957.739316239316,7313.47863247863,530.794871794872,209.230769230769,950.948717948718,5326.47008547009,705.239316239316,870.931623931624,993.705128205128,4338.48717948718,590.675213675214,393.611111111111,970.675213675214,4040.73076923077,308.380341880342,2078.38888888889,643.410256410257,1750.99572649573,344.645299145299,607.200854700855,1003.65384615385,417.893162393162,14143.2735042735,9278.24786324786,234,22.6259355161517,13.1918134355908,0.812443830210276,0.959016393442623,0.688235294117647,-0.641878289287052,FAHNSCC_15,HN,1,FAHNSCC_15,M1/M0 macrophages,,carcinoma_in_situ_FAHNSCC_15_2
38947,44656,16955.7344262295,226.947540983607,89.4459016393443,608.219672131148,235.075409836066,4336.01639344262,696.96393442623,217.390163934426,958.636065573771,6725.76721311475,582.937704918033,168.711475409836,949.855737704918,4826.8393442623,449.429508196721,217.108196721312,1171.7868852459,3056.04262295082,604.370491803279,396.413114754098,949.84262295082,2539.47540983607,279.875409836066,3111.53442622951,838.849180327869,1148.75409836066,287.583606557377,143.462295081967,1009.6,415.950819672131,14637.4,8788.25901639344,305,22.915229474926,17.3675731387588,0.652364625487003,0.956112852664577,0.729665071770335,-1.17058288935286,FAHNSCC_15,HN,1,FAHNSCC_15,stromal cells,,carcinoma_in_situ_FAHNSCC_15_2
38952,44663,21577.5295774648,298.825352112676,112.405633802817,601.32676056338,16.7239436619718,6428.2985915493,569.915492957746,233.318309859155,951.938028169014,9871.14929577465,504.461971830986,1623.16901408451,1051.83943661972,5531.15211267606,405.447887323944,140.084507042254,1023.96056338028,5156.23943661972,782.839436619718,415.777464788732,961.960563380282,4092.94929577465,9712.16056338028,2879.34366197183,574.684507042254,1783.52112676056,350.997183098592,130.394366197183,1033.14647887324,421.96338028169,13207.2028169014,8494.65070422535,355,29.1840773394517,15.6248421474948,0.844605422140022,0.964673913043478,0.645454545454546,-0.900377000694781,FAHNSCC_15,HN,1,FAHNSCC_15,Ki67+ tumor cells,,carcinoma_in_situ_FAHNSCC_15_2
39049,44776,6635.70098039216,130.21568627451,71.156862745098,597.622549019608,22.4411764705882,1667.64215686275,437.970588235294,198.563725490196,948.686274509804,2724.30392156863,440.563725490196,861.03431372549,964.147058823529,1867.61274509804,399.906862745098,139.28431372549,1008.58823529412,1460.95588235294,1597.61274509804,393.573529411765,988.509803921569,1033.95098039216,1972.04901960784,3009.08333333333,574.661764705882,876.75,297.132352941176,117.921568627451,1022.23039215686,410.838235294118,13453.8970588235,8766.80882352941,204,20.0695757969192,12.9700619873058,0.763121606103838,0.962264150943396,0.825910931174089,-0.282253956226383,FAHNSCC_15,HN,1,FAHNSCC_15,Ki67+ tumor cells,,carcinoma_in_situ_FAHNSCC_15_2
39076,44808,8543.94871794872,162.822485207101,74.3727810650888,600.284023668639,19.5029585798817,2069.60552268245,428.360946745562,209.887573964497,953.58382642998,3265.25246548323,405.859960552268,1115.34714003945,1059.30769230769,2488.96449704142,387.155818540434,143.775147928994,966.522682445759,2177.52465483235,1151.21104536489,386.499013806706,976.307692307692,1894.46942800789,474.193293885602,3455.48717948718,577.138067061144,1028.1617357002,304.759368836292,120.216962524655,1011.28402366864,414.138067061144,13715.1558185404,9336.86785009862,507,38.107524699777,17.2735490704672,0.891365912983507,0.942379182156134,0.658441558441559,-0.32473765064139,FAHNSCC_15,HN,1,FAHNSCC_15,tumor cells,,carcinoma_in_situ_FAHNSCC_15_2
39117,44864,31882.7331288344,421.852760736196,129.481595092025,609.484662576687,120.822085889571,7777.73312883436,905.58282208589,257.622699386503,969.89263803681,12318.754601227,655.125766871166,163.653374233129,952.555214723926,10657.0797546012,508.441717791411,180.162576687117,1178.62883435583,7255.38650306748,670.273006134969,408.723926380368,958.128834355828,8166.93865030675,324.334355828221,4946.3036809816,1620.15030674847,2480.26687116564,392.426380368098,141.733128834356,1046.60429447853,427.953987730061,14408.2147239264,9178.31288343559,326,24.0855414462271,17.3215658192607,0.694835579934265,0.953216374269006,0.705627705627706,0.812475277550587,FAHNSCC_15,HN,1,FAHNSCC_15,stromal cells,,carcinoma_in_situ_FAHNSCC_15_2
39143,44895,15421.1747572816,243.941747572816,89.7378640776699,605.373786407767,108.291262135922,3840.90776699029,609.650485436893,194.805825242718,958.73786407767,5414.82038834951,737.097087378641,156.029126213592,1105.67475728155,3833.82038834951,410.422330097087,332.441747572816,1053.3786407767,2636.41262135922,514.650485436893,383.635922330097,966.373786407767,1935.90776699029,212.781553398058,622.432038834951,640.961165048544,802.655339805825,256.126213592233,168.145631067961,989.339805825243,406.922330097087,14492.8495145631,9444.61650485437,206,17.8058309003303,14.8756680301468,0.549584681739971,0.962616822429906,0.807843137254902,-0.159972605021393,FAHNSCC_15,HN,1,FAHNSCC_15,stromal cells,,carcinoma_in_situ_FAHNSCC_15_2
39153,44907,6022.08706467662,142.039800995025,76.8358208955224,601.997512437811,17.4378109452736,1397.26616915423,431.507462686567,204.425373134328,949.771144278607,2361.24129353234,413.898009950249,1743.92288557214,974.437810945274,1871.01492537313,411.487562189055,129.323383084577,1038.86069651741,1535.10199004975,1633.20149253731,395.666666666667,969.385572139304,1210.52985074627,669.873134328358,3364.09452736318,575.233830845771,995.360696517413,307.768656716418,119.818407960199,1003.12189054726,414.092039800995,13744.9701492537,8604.15422885572,402,24.6289295589498,21.2126427148775,0.508114256024734,0.957142857142857,0.728260869565217,-0.673299279001545,FAHNSCC_15,HN,1,FAHNSCC_15,tumor cells,,carcinoma_in_situ_FAHNSCC_15_2
39175,44937,4702.91928251121,103.484304932735,62.5919282511211,613.807174887892,11.3677130044843,1043.90582959641,419.686098654709,196.309417040359,947.0,1792.61434977578,391.627802690583,1569.71748878924,946.668161434978,1857.80717488789,487.295964125561,120.237668161435,958.457399103139,1575.82511210762,2744.31838565022,403.134529147982,964.919282511211,1343.37668161435,476.910313901345,5578.06726457399,578.264573991031,1061.43497757848,315.497757847534,125.493273542601,1015.69955156951,416.430493273543,14224.2107623318,8178.83856502242,223,18.1538268290597,15.774237044233,0.494951218915428,0.952991452991453,0.728758169934641,-0.246641662735703,FAHNSCC_15,HN,1,FAHNSCC_15,tumor cells,,carcinoma_in_situ_FAHNSCC_15_2
39204,44972,8817.3125,154.9453125,63.2109375,606.359375,122.1328125,2428.90625,512.6171875,189.9453125,944.7734375,3861.59375,413.7109375,231.984375,938.8671875,3122.796875,340.5390625,230.796875,965.8515625,3017.890625,584.375,495.125,944.5625,2791.828125,334.1640625,1283.2109375,957.015625,1705.5546875,313.5078125,120.9296875,1021.328125,414.6875,14574.5390625,8486.453125,128,13.8586397114667,11.795275962658,0.524981651940627,0.96969696969697,0.820512820512821,0.688066228438823,FAHNSCC_15,HN,1,FAHNSCC_15,stromal cells,,carcinoma_in_situ_FAHNSCC_15_2
39231,45003,24825.8415300546,300.043715846995,118.475409836066,611.677595628415,122.032786885246,6149.2349726776,817.453551912568,260.983606557377,964.387978142076,9116.35519125683,653.524590163935,170.737704918033,955.546448087432,6800.54098360656,494.03825136612,177.792349726776,1262.58469945355,5695.93442622951,746.743169398907,414.661202185792,956.284153005464,6034.32786885246,368.513661202186,10015.1092896175,2243.4043715847,2165.65573770492,407.688524590164,146.262295081967,1038.9781420765,429.612021857924,14757.218579235,8728.27322404372,183,17.1564229501347,13.6243090343489,0.607757152195673,0.978609625668449,0.828054298642534,-1.50552938724833,FAHNSCC_15,HN,1,FAHNSCC_15,endothelial cells,,carcinoma_in_situ_FAHNSCC_15_2
39303,45091,9695.9011627907,132.623546511628,67.0363372093023,608.699127906977,86.7107558139535,2548.77325581395,561.643895348837,185.542151162791,962.111918604651,3852.53488372093,431.986918604651,153.495639534884,946.271802325581,3003.46947674419,421.059593023256,177.107558139535,1131.62790697674,2515.24854651163,552.258720930233,384.489825581395,970.405523255814,2218.39825581395,236.047965116279,649.49273255814,1606.47674418605,1044.77034883721,298.441860465116,215.473837209302,1031.81395348837,413.05523255814,14323.5683139535,9477.92587209303,688,43.284570511545,20.2904404189981,0.883321093072667,0.962237762237762,0.584040747028862,-0.959155152331103,FAHNSCC_15,HN,1,FAHNSCC_15,stromal cells,,carcinoma_in_situ_FAHNSCC_15_2
39318,45108,9742.33636363637,160.945454545455,64.1872727272727,596.109090909091,18.6127272727273,2210.84,458.756363636364,229.876363636364,954.78,3336.06909090909,402.692727272727,897.194545454546,1142.24727272727,2107.62181818182,366.269090909091,162.949090909091,1095.86909090909,1692.54,670.149090909091,384.741818181818,1136.97272727273,1201.51818181818,244.038181818182,1341.53090909091,577.136363636364,699.841818181818,233.096363636364,103.109090909091,975.505454545454,405.352727272727,13359.4290909091,9532.86363636364,550,30.8120987314429,23.0075928508092,0.66515372509886,0.961538461538462,0.729442970822281,-0.944086027386015,FAHNSCC_15,HN,1,FAHNSCC_15,tumor cells,,carcinoma_in_situ_FAHNSCC_15_2
39320,45110,9993.80263157895,242.184210526316,99.5394736842105,609.184210526316,272.486842105263,2153.14473684211,984.842105263158,201.907894736842,948.78947368421,3692.28947368421,424.75,368.328947368421,938.355263157895,1798.31578947368,354.96052631579,270.736842105263,990.21052631579,1362.25,729.171052631579,1378.85526315789,966.21052631579,848.947368421053,460.236842105263,926.394736842105,584.197368421053,754.96052631579,291.276315789474,114.013157894737,977.0,408.736842105263,13510.5394736842,8446.3552631579,76,10.987158479683,8.8838188713529,0.588408483188872,0.962025316455696,0.767676767676768,0.002187154660613,FAHNSCC_15,HN,1,FAHNSCC_15,stromal cells,,carcinoma_in_situ_FAHNSCC_15_2
39387,45187,9195.35223880597,183.728358208955,81.1611940298508,602.286567164179,14.2268656716418,1958.97014925373,438.522388059702,251.537313432836,965.982089552239,3100.67462686567,384.680597014925,1239.71940298507,1029.54626865672,2430.08358208955,364.119402985075,167.429850746269,1026.34626865672,1814.58805970149,1366.54328358209,410.94328358209,1083.23582089552,1306.08656716418,456.608955223881,1703.43880597015,573.919402985075,809.591044776119,259.65671641791,108.791044776119,990.059701492537,414.546268656716,13438.3253731343,8307.50447761194,335,23.4375263924275,18.3132796816118,0.624073402582314,0.949008498583569,0.728260869565217,-1.11333800611975,FAHNSCC_15,HN,1,FAHNSCC_15,tumor cells,,carcinoma_in_situ_FAHNSCC_15_2
39419,45225,9290.91584158416,242.950495049505,95.7623762376238,612.391089108911,289.589108910891,2402.36633663366,549.658415841584,188.732673267327,955.188118811881,3329.36633663366,463.282178217822,168.584158415842,948.074257425742,2289.93564356436,398.980198019802,154.524752475248,990.143564356436,1816.04455445544,527.054455445545,385.534653465347,964.925742574258,1357.09900990099,215.148514851485,863.133663366337,588.554455445545,817.257425742574,288.376237623762,121.490099009901,995.727722772277,410.792079207921,14060.3069306931,9788.55445544555,202,22.868273827898,11.3225515624812,0.8688243053476,0.94392523364486,0.731884057971015,-1.51522726874846,FAHNSCC_15,HN,1,FAHNSCC_15,stromal cells,,carcinoma_in_situ_FAHNSCC_15_2
39463,45271,27363.7757009346,353.61214953271,97.8271028037383,609.018691588785,238.570093457944,6945.85046728972,957.565420560748,237.303738317757,982.308411214953,9982.17289719626,641.018691588785,151.588785046729,973.205607476636,10263.2289719626,684.252336448598,493.322429906542,1276.56074766355,6526.39252336449,633.397196261682,424.757009345794,981.228971962617,6632.18224299065,308.102803738318,4517.43457943925,757.03738317757,1992.70560747664,347.168224299065,141.658878504673,1040.71962616822,420.841121495327,14542.2289719626,9141.08411214953,214,18.3310891442001,15.0311347018127,0.572391530102068,0.951111111111111,0.743055555555556,-0.243940016028849,FAHNSCC_15,HN,1,FAHNSCC_15,stromal cells,,carcinoma_in_situ_FAHNSCC_15_2
39477,45289,9462.76729559748,266.691823899371,86.0,602.169811320755,72.5408805031447,2452.48427672956,576.446540880503,204.798742138365,953.150943396226,3859.4465408805,440.377358490566,166.767295597484,949.968553459119,3402.64779874214,454.622641509434,184.641509433962,1028.20125786164,3527.38993710692,595.320754716981,398.962264150943,956.710691823899,3555.96855345912,288.861635220126,3963.99371069182,1121.70440251572,2093.18238993711,417.094339622642,147.698113207547,1051.8427672956,427.006289308176,13871.7421383648,9480.7106918239,159,17.9370788936546,11.3040992372619,0.776425959695597,0.946428571428571,0.719457013574661,-1.04900156668394,FAHNSCC_15,HN,1,FAHNSCC_15,stromal cells,,carcinoma_in_situ_FAHNSCC_15_2
39537,45355,26088.6158730159,387.330158730159,112.803174603175,606.571428571429,131.092063492064,6003.41587301587,757.647619047619,259.622222222222,971.72380952381,9151.4253968254,627.044444444445,193.571428571429,975.434920634921,6728.59047619048,489.930158730159,171.390476190476,1255.4253968254,4165.52380952381,632.704761904762,404.149206349206,977.098412698413,3622.70793650794,297.879365079365,7502.0380952381,1860.4380952381,1006.53968253968,318.87619047619,122.660317460317,1030.58412698413,413.298412698413,14288.8,9166.74603174603,315,24.4169525803365,16.4949472823673,0.737311365193923,0.948795180722892,0.684782608695652,-0.588416160912335,FAHNSCC_15,HN,1,FAHNSCC_15,endothelial cells,,carcinoma_in_situ_FAHNSCC_15_2
39570,45393,20206.5951219512,305.736585365854,97.7268292682927,606.448780487805,80.8146341463415,4454.92682926829,789.0,225.073170731707,974.258536585366,6718.26341463415,545.560975609756,274.907317073171,952.985365853658,5125.06341463415,470.068292682927,163.765853658537,1154.83414634146,3367.82926829268,588.39512195122,393.941463414634,965.224390243902,3034.09268292683,268.507317073171,6293.35609756098,1005.46341463415,921.917073170732,299.190243902439,118.912195121951,1016.86829268293,408.99512195122,14301.1170731707,9178.8,205,18.4469511375869,14.1849099856275,0.639300646999946,0.976190476190476,0.753676470588235,-0.651472145651047,FAHNSCC_15,HN,1,FAHNSCC_15,stromal cells,,carcinoma_in_situ_FAHNSCC_15_2
39629,45461,21440.1357142857,378.471428571429,123.007142857143,606.014285714286,132.278571428571,5197.42857142857,721.785714285714,244.128571428571,974.575,7229.69642857143,640.325,163.839285714286,956.442857142857,4935.83571428571,449.239285714286,168.171428571429,1389.175,2952.11071428571,678.767857142857,407.428571428571,972.278571428572,2215.325,307.742857142857,10059.7107142857,2508.69642857143,939.453571428571,320.964285714286,121.082142857143,1056.88214285714,412.992857142857,14650.4678571429,8909.06071428571,280,21.9905212468016,16.3234723880727,0.670072301686379,0.945945945945946,0.784313725490196,-0.146286749325532,FAHNSCC_15,HN,1,FAHNSCC_15,endothelial cells,,carcinoma_in_situ_FAHNSCC_15_2
39652,45486,4582.33250620347,131.771712158809,67.0794044665012,599.114143920596,25.1985111662531,1146.5111662531,391.5682382134,193.66253101737,949.87841191067,2305.75930521092,400.277915632754,1976.04466501241,962.41935483871,1894.10918114144,406.888337468983,132.736972704715,1046.04962779156,1953.38957816377,2457.16377171216,403.930521091811,965.937965260546,1416.82878411911,865.672456575682,3276.27543424318,573.578163771712,1077.11166253102,307.354838709677,119.171215880893,1009.63771712159,412.665012406948,13528.3076923077,8430.40446650124,403,27.2799870438702,19.0581596145712,0.715499523128355,0.964114832535885,0.757518796992481,-0.0851494580105082,FAHNSCC_15,HN,1,FAHNSCC_15,Ki67+ tumor cells,,carcinoma_in_situ_FAHNSCC_15_2
39687,45525,7872.11877394636,191.260536398467,75.8620689655172,604.498084291188,8.71072796934866,1598.51724137931,493.097701149425,257.984674329502,958.325670498084,2433.1091954023,446.580459770115,2526.0938697318,1021.28352490421,1984.82950191571,486.735632183908,146.484674329502,1069.79885057471,1392.11111111111,2708.58237547893,407.54214559387,1020.95785440613,938.798850574713,719.235632183908,1989.69348659004,572.597701149425,804.505747126437,288.310344827586,112.967432950192,1005.08045977012,414.831417624521,13576.5651340996,8073.20498084291,522,32.3633410693451,20.5922942785504,0.771454442525553,0.96309963099631,0.753246753246753,-1.45178624035758,FAHNSCC_15,HN,1,FAHNSCC_15,tumor cells,,carcinoma_in_situ_FAHNSCC_15_2
39703,45541,5732.11259541985,130.840648854962,66.3788167938931,599.781488549618,16.9904580152672,1347.49427480916,446.664122137405,232.842557251908,959.501908396946,2138.32538167939,422.578244274809,1486.20992366412,1012.45610687023,1397.20515267176,379.146946564886,159.352099236641,1045.33301526718,1130.0534351145,690.770992366412,383.280534351145,956.416030534351,820.216603053435,254.072519083969,3410.27671755725,575.776717557252,784.977099236641,283.576335877863,112.807251908397,999.251908396946,409.86641221374,13901.9770992366,9093.28721374046,1048,50.495527277643,27.1586270522277,0.843045511482947,0.955332725615314,0.610722610722611,-0.691085990815613,FAHNSCC_15,HN,1,FAHNSCC_15,tumor cells,,carcinoma_in_situ_FAHNSCC_15_2
39721,45564,13911.2722689076,160.359663865546,81.1142857142857,602.304201680672,15.7126050420168,1800.61344537815,533.751260504202,210.934453781513,936.396638655462,5210.11092436975,388.843697478992,992.727731092437,1188.78487394958,3796.07226890756,351.811764705882,153.057142857143,1083.2974789916,2680.13949579832,1140.92100840336,393.912605042017,1030.39495798319,2035.13445378151,7423.26554621849,1984.81176470588,574.186554621849,915.35462184874,266.968067226891,113.46218487395,992.563025210084,408.96974789916,13216.712605042,8873.59663865546,595,38.0557365198219,19.9337780133802,0.851838315744393,0.975409836065574,0.688657407407407,1.11323513660566,FAHNSCC_15,HN,1,FAHNSCC_15,Ki67+ tumor cells,,carcinoma_in_situ_FAHNSCC_15_2
39753,45604,24199.7961538462,209.696153846154,70.5769230769231,610.096153846154,187.111538461539,5736.44615384615,7379.45769230769,238.576923076923,971.757692307692,8239.43461538462,1526.31923076923,171.115384615385,987.580769230769,6316.04615384615,684.419230769231,912.161538461538,1336.76538461538,3966.65769230769,638.811538461539,400.719230769231,981.080769230769,3485.76923076923,286.942307692308,6224.05,1108.45,1028.51153846154,334.480769230769,445.842307692308,1028.26538461538,415.669230769231,14414.1192307692,9106.70769230769,260,20.918020289982,15.8583739639674,0.652114825081976,0.977443609022556,0.764705882352941,-0.40736329646008,FAHNSCC_15,HN,1,FAHNSCC_15,M2 macrophages,,carcinoma_in_situ_FAHNSCC_15_2
39759,45611,14969.8393442623,286.367213114754,98.4,600.065573770492,161.170491803279,3859.71475409836,496.649180327869,200.681967213115,996.049180327869,5740.52131147541,485.901639344262,274.862295081967,939.206557377049,4325.73114754098,882.527868852459,174.232786885246,976.150819672131,4245.95737704918,582.924590163935,395.485245901639,962.370491803279,4072.23606557377,272.213114754098,921.081967213115,576.6,1715.07868852459,310.92131147541,120.04262295082,994.170491803279,421.76393442623,13523.9836065574,9405.37049180328,305,23.966050567044,16.5624013771979,0.72278054217533,0.956112852664577,0.736714975845411,1.34930842931847,FAHNSCC_15,HN,1,FAHNSCC_15,stromal cells,,carcinoma_in_situ_FAHNSCC_15_2
39799,45656,17368.1965517241,236.851724137931,103.341379310345,601.275862068966,71.9620689655173,4037.97931034483,708.596551724138,238.489655172414,973.9,6223.57931034483,592.875862068966,161.841379310345,993.244827586207,5964.23793103448,471.375862068966,188.237931034483,1269.64827586207,3253.16896551724,732.268965517241,416.703448275862,975.796551724138,2878.81034482759,341.765517241379,7532.8724137931,1639.80344827586,955.727586206897,328.734482758621,123.758620689655,1026.7275862069,411.844827586207,14862.0103448276,8684.26206896552,290,24.420484440732,15.3164786280475,0.778859864105976,0.938511326860841,0.659090909090909,-0.907147208358659,FAHNSCC_15,HN,1,FAHNSCC_15,endothelial cells,,carcinoma_in_situ_FAHNSCC_15_2
39810,45668,8463.10263929619,211.856304985337,92.0938416422287,610.378299120235,471.794721407625,1966.54545454545,606.134897360704,176.956011730205,949.328445747801,2720.04105571848,547.74780058651,152.017595307918,953.00293255132,1442.80058651026,417.313782991202,175.964809384164,1073.26099706745,1459.22287390029,498.225806451613,374.469208211144,959.307917888563,1032.84164222874,186.410557184751,1658.64516129032,603.272727272727,722.181818181818,265.260997067449,123.392961876833,998.991202346041,410.900293255132,14610.1231671554,9509.30791788856,341,36.253370640967,12.2578938087043,0.94110395489382,0.952513966480447,0.74945054945055,-1.41939591293864,FAHNSCC_15,HN,1,FAHNSCC_15,stromal cells,,carcinoma_in_situ_FAHNSCC_15_2
39851,45717,7335.7530647986,141.60945709282,71.1961471103328,598.84938704028,32.3607705779335,1704.89141856392,533.148861646235,223.103327495622,956.588441330998,2705.56917688266,421.294220665499,1150.67425569177,1047.27145359019,2010.0122591944,407.698774080561,214.325744308231,1100.5061295972,1528.44133099825,1308.73905429072,394.056042031524,1007.28721541156,1110.08406304729,714.464098073555,2485.43257443082,575.816112084063,837.602451838879,281.602451838879,138.597197898424,998.46584938704,410.604203152364,13846.9527145359,8527.9299474606,571,31.5266141898403,23.2878203908308,0.674065273896015,0.97108843537415,0.837243401759531,0.134916330848471,FAHNSCC_15,HN,1,FAHNSCC_15,tumor cells,,carcinoma_in_situ_FAHNSCC_15_2
39878,45747,25864.8513011152,244.397769516729,99.3457249070632,609.167286245353,65.6059479553903,5980.76951672863,917.814126394052,252.055762081784,991.851301115242,8236.59479553903,835.57249070632,168.089219330855,986.130111524164,6554.2156133829,612.654275092937,414.959107806691,1367.8029739777,3162.18959107807,623.07063197026,398.817843866171,968.07063197026,3003.03345724907,317.152416356877,7714.76951672863,1540.89962825279,1042.05204460967,384.219330855019,212.765799256506,1048.98513011152,415.468401486989,14397.2973977695,9108.98884758364,269,19.6941207972942,17.4548687894425,0.463114513684634,0.967625899280576,0.8328173374613,-0.407731988843229,FAHNSCC_15,HN,1,FAHNSCC_15,stromal cells,,carcinoma_in_situ_FAHNSCC_15_2
39884,45755,3967.88073394495,159.701834862385,74.1880733944954,601.339449541284,9.40825688073394,957.963302752294,395.715596330275,191.45871559633,952.266055045872,1794.10550458716,390.922018348624,3492.8119266055,986.715596330275,1851.81651376147,452.857798165138,121.050458715596,1011.35779816514,1344.75229357798,2773.53211009174,399.610091743119,1081.79816513762,1258.48623853211,352.977064220184,3160.60091743119,573.51376146789,944.146788990826,281.669724770642,116.243119266055,1000.6880733945,415.045871559633,13673.752293578,8329.51376146789,218,18.871246033189,14.7564796914382,0.623333920429424,0.939655172413793,0.756944444444444,-0.425856359027686,FAHNSCC_15,HN,1,FAHNSCC_15,tumor cells,,carcinoma_in_situ_FAHNSCC_15_2
39935,45812,29474.3256704981,401.275862068966,104.134099616858,611.390804597701,135.739463601533,7067.52873563218,852.509578544061,264.747126436782,966.992337164751,10277.3601532567,776.402298850575,171.662835249042,972.375478927203,9275.65517241379,498.2030651341,187.199233716475,1301.2183908046,5684.80076628353,775.681992337165,421.187739463602,985.7969348659,5514.46743295019,355.360153256705,8926.50574712644,997.666666666667,1081.39846743295,340.199233716475,129.425287356322,1025.75478927203,414.904214559387,14701.1609195402,8878.94252873563,261,23.3368228124097,14.7468502945674,0.775039028523772,0.903114186851211,0.790909090909091,-0.106029115951127,FAHNSCC_15,HN,1,FAHNSCC_15,stromal cells,,carcinoma_in_situ_FAHNSCC_15_2
39980,45864,6602.96774193548,254.413978494624,84.747311827957,605.306451612903,205.983870967742,1591.62903225806,2577.59139784946,188.0,957.44623655914,2432.3064516129,483.306451612903,164.413978494624,947.548387096774,1811.15053763441,440.064516129032,622.370967741936,982.387096774194,1254.09677419355,519.790322580645,389.790322580645,961.177419354839,912.311827956989,232.521505376344,2560.48924731183,683.172043010753,799.779569892473,314.575268817204,158.032258064516,1010.86021505376,410.725806451613,14040.1451612903,9548.44623655914,186,18.9166877702534,12.6325760829353,0.744340186646227,0.944162436548223,0.699248120300752,-1.26054331936787,FAHNSCC_15,HN,1,FAHNSCC_15,M2 macrophages,,carcinoma_in_situ_FAHNSCC_15_2
40047,45942,16478.7074829932,383.319727891157,125.238095238095,609.510204081633,315.71768707483,3909.58503401361,8188.34353741497,207.486394557823,959.792517006803,5493.22108843537,653.727891156463,162.659863945578,955.996598639456,3706.48979591837,454.091836734694,1007.94217687075,1212.2380952381,2196.18707482993,531.734693877551,386.530612244898,990.513605442177,1318.63945578231,219.619047619048,1919.0,673.139455782313,665.561224489796,236.47619047619,150.986394557823,978.448979591837,406.812925170068,14468.7108843537,9458.86054421769,294,21.4531225885952,17.5984884458663,0.571900590524925,0.96078431372549,0.773684210526316,0.735630768541776,FAHNSCC_15,HN,1,FAHNSCC_15,M2 macrophages,,carcinoma_in_situ_FAHNSCC_15_2
40106,46009,11808.8388888889,284.638888888889,100.944444444444,606.95,73.8666666666667,2879.36666666667,727.616666666667,238.938888888889,954.477777777778,4438.05,592.338888888889,149.966666666667,946.911111111111,4621.55,467.427777777778,150.194444444444,1254.15,3406.66111111111,656.65,416.966666666667,964.738888888889,3344.2,329.822222222222,12126.8277777778,1817.81111111111,1527.1,403.466666666667,137.444444444444,1060.31666666667,422.2,14607.9944444444,9098.07777777778,180,15.7345692532903,14.5897011551343,0.37447087806853,0.952380952380952,0.8,1.2525350074856,FAHNSCC_15,HN,1,FAHNSCC_15,endothelial cells,,carcinoma_in_situ_FAHNSCC_15_2
40157,46064,6584.52320675106,119.215189873418,81.7805907172996,603.025316455696,19.3755274261603,1472.83544303797,625.565400843882,236.565400843882,951.662447257384,2344.4388185654,453.949367088608,1394.00421940928,1000.20253164557,2385.59493670886,443.282700421941,189.763713080169,977.295358649789,1608.47679324895,1719.69198312236,413.932489451477,985.341772151899,1288.67510548523,1256.72151898734,4527.15189873418,578.945147679325,996.320675105485,336.333333333333,127.561181434599,994.548523206751,416.767932489452,14445.3164556962,8185.78481012658,237,22.5172903067564,13.4231578113646,0.802890382059025,0.963414634146341,0.769480519480519,0.265093030660767,FAHNSCC_15,HN,1,FAHNSCC_15,Ki67+ tumor cells,,carcinoma_in_situ_FAHNSCC_15_2
40184,46095,19745.5358649789,344.286919831224,115.299578059072,614.991561181435,880.481012658228,5234.73417721519,771.523206751055,206.53164556962,987.919831223629,7520.83122362869,508.333333333333,298.274261603376,939.350210970464,6022.72995780591,906.029535864979,575.459915611814,1012.40506329114,5456.55274261603,565.907172995781,386.025316455696,957.008438818565,5144.98312236287,279.869198312236,1753.45147679325,600.274261603376,2337.66666666667,333.902953586498,197.877637130802,1005.64135021097,422.68776371308,14189.552742616,9070.01265822785,237,25.0756052204591,12.2798877267812,0.871882846813108,0.94047619047619,0.6171875,0.453485736532017,FAHNSCC_15,HN,1,FAHNSCC_15,stromal cells,,carcinoma_in_situ_FAHNSCC_15_2
40218,46134,9634.42777777778,176.527777777778,75.9333333333333,600.972222222222,111.916666666667,2324.81111111111,438.311111111111,180.255555555556,950.211111111111,3581.51111111111,363.661111111111,278.955555555556,952.372222222222,2291.6,323.927777777778,129.633333333333,984.172222222222,2000.72777777778,621.044444444445,389.027777777778,959.422222222222,1462.78333333333,482.738888888889,1547.02777777778,573.938888888889,928.533333333333,280.638888888889,113.15,982.133333333333,410.766666666667,13593.8444444444,8748.12777777778,180,25.0033057173219,9.18257270473503,0.930120553951708,0.947368421052632,0.681818181818182,0.280111149187451,FAHNSCC_15,HN,1,FAHNSCC_15,stromal cells,,carcinoma_in_situ_FAHNSCC_15_2
40307,46231,14258.841025641,342.841025641026,101.820512820513,607.097435897436,95.1076923076923,3114.81025641026,636.061538461539,219.979487179487,977.830769230769,4379.82564102564,578.523076923077,233.902564102564,948.661538461538,3570.28205128205,500.317948717949,161.887179487179,1319.86153846154,1908.73846153846,593.441025641026,403.338461538462,982.441025641026,1380.79487179487,274.584615384615,7900.18461538462,2974.92307692308,886.005128205128,379.589743589744,133.969230769231,1056.99487179487,412.087179487179,13886.0871794872,9716.47692307692,195,19.4570550145722,12.7790117635265,0.754081923584336,0.965346534653465,0.716911764705882,0.881052667644204,FAHNSCC_15,HN,1,FAHNSCC_15,endothelial cells,,carcinoma_in_situ_FAHNSCC_15_2
40310,46234,18180.1132075472,427.245283018868,126.641509433962,607.594339622642,142.957547169811,4006.46226415094,665.665094339623,238.839622641509,962.551886792453,6162.83962264151,529.047169811321,208.155660377359,944.254716981132,5283.24528301887,436.61320754717,158.146226415094,1027.12735849057,3858.69811320755,777.797169811321,426.424528301887,979.820754716981,3353.50471698113,388.77358490566,918.212264150943,658.372641509434,1705.13679245283,380.952830188679,132.240566037736,1019.24056603774,424.632075471698,14558.0471698113,8293.15566037736,212,23.8940109384353,11.3425287730322,0.880146720664451,0.942222222222222,0.642424242424243,-0.4595520616333,FAHNSCC_15,HN,1,FAHNSCC_15,stromal cells,,carcinoma_in_situ_FAHNSCC_15_2
40341,46273,13501.9892761394,174.064343163539,88.7801608579089,619.155495978552,253.418230563003,3558.04289544236,523.056300268097,197.608579088472,961.471849865952,5171.34316353887,466.587131367292,168.42091152815,945.479892761394,4011.19034852547,457.638069705094,148.541554959786,1101.08310991957,3397.26809651475,597.774798927614,392.686327077748,961.954423592493,3084.21179624665,260.820375335121,714.029490616622,2089.8471849866,1061.83646112601,324.750670241287,230.951742627346,1020.9436997319,414.11528150134,14169.4343163539,9595.17158176944,373,30.8079256121117,15.4157490275798,0.865804413568386,0.961340206185567,0.666071428571429,-1.07276653252425,FAHNSCC_15,HN,1,FAHNSCC_15,endothelial cells,,carcinoma_in_situ_FAHNSCC_15_2
40371,46306,22268.1937716263,263.16955017301,102.98615916955,603.121107266436,153.76124567474,5754.28373702422,630.532871972318,214.840830449827,954.629757785467,8828.79930795848,520.332179930796,279.989619377163,963.287197231834,6081.1107266436,397.460207612457,172.508650519031,1037.62283737024,4286.19723183391,658.480968858132,392.387543252595,962.103806228374,3454.10380622837,343.235294117647,4362.89273356401,1147.87543252595,1419.40830449827,304.930795847751,130.581314878893,1017.64705882353,415.937716262976,14056.8269896194,8706.92733564014,289,25.3171463243142,14.5987087577369,0.81700310717692,0.960132890365448,0.752604166666667,-0.294208569675249,FAHNSCC_15,HN,1,FAHNSCC_15,stromal cells,,carcinoma_in_situ_FAHNSCC_15_2
40501,46454,20460.7295918367,415.632653061225,134.214285714286,607.341836734694,371.94387755102,4548.41836734694,686.658163265306,227.204081632653,951.107142857143,6816.19897959184,507.142857142857,173.755102040816,953.551020408163,4562.66326530612,433.882653061225,171.423469387755,935.602040816326,3552.9387755102,599.811224489796,394.663265306122,953.622448979592,2905.96428571429,292.117346938776,867.566326530612,693.739795918367,1456.38265306122,319.795918367347,120.489795918367,978.19387755102,415.540816326531,14629.0408163265,8712.12755102041,196,22.0544892722277,11.6726738447666,0.848456445522022,0.933333333333333,0.606811145510836,0.656672100483947,FAHNSCC_15,HN,1,FAHNSCC_15,stromal cells,,carcinoma_in_situ_FAHNSCC_15_2
40519,46476,37222.3591836735,366.783673469388,119.795918367347,611.220408163265,160.0,9066.40816326531,821.767346938776,277.261224489796,988.922448979592,13755.7183673469,697.538775510204,287.50612244898,981.991836734694,8490.17551020408,679.951020408163,708.424489795918,1212.15510204082,6647.30204081633,805.669387755102,438.355102040816,985.069387755102,6318.40816326531,398.024489795918,9495.19591836735,2825.11020408163,1834.97142857143,331.926530612245,140.869387755102,1277.22857142857,422.408163265306,14642.6204081633,8513.39183673469,245,24.2635516280034,13.1733995131,0.839778237535755,0.924528301886792,0.760869565217391,0.180278184485737,FAHNSCC_15,HN,1,FAHNSCC_15,endothelial cells,,carcinoma_in_situ_FAHNSCC_15_2
40585,46548,4150.10465116279,211.526162790698,84.718023255814,603.549418604651,10.2412790697674,989.247093023256,435.218023255814,202.677325581395,951.125,1792.41860465116,381.372093023256,2035.48546511628,947.883720930233,2152.1976744186,461.898255813954,118.270348837209,930.526162790698,1684.54360465116,2612.03197674419,415.593023255814,965.232558139535,1447.24127906977,364.523255813954,4173.70930232558,575.212209302326,1217.34593023256,349.183139534884,126.386627906977,1005.00872093023,421.218023255814,14190.9651162791,8244.97093023256,344,22.542194894491,19.4554396751024,0.505088302288499,0.958217270194986,0.787185354691076,0.0519923428258991,FAHNSCC_15,HN,1,FAHNSCC_15,tumor cells,,carcinoma_in_situ_FAHNSCC_15_2
40592,46555,6684.9020979021,129.181818181818,71.9370629370629,610.090909090909,181.699300699301,1810.53146853147,428.118881118881,187.685314685315,947.251748251748,3049.93006993007,391.06993006993,143.027972027972,940.104895104895,2367.40559440559,381.027972027972,127.832167832168,1105.28671328671,2155.42657342657,537.706293706294,389.398601398601,937.055944055944,1847.8041958042,264.405594405594,2279.74825174825,1227.9020979021,1120.41258741259,287.237762237762,268.202797202797,1008.46853146853,412.657342657343,14733.5244755245,8766.0979020979,143,15.5346605790078,11.7286115883688,0.655729025560178,0.953333333333333,0.729591836734694,0.872660879691475,FAHNSCC_15,HN,1,FAHNSCC_15,stromal cells,,carcinoma_in_situ_FAHNSCC_15_2
40607,46573,17321.9428571429,345.860317460317,113.384126984127,607.168253968254,345.130158730159,4415.34603174603,633.384126984127,212.612698412698,999.933333333333,6415.80952380952,479.190476190476,234.974603174603,952.428571428571,5052.2380952381,874.298412698413,274.504761904762,961.298412698413,3849.13650793651,623.679365079365,396.939682539683,947.206349206349,3386.12380952381,271.32380952381,498.828571428571,588.222222222222,1241.09841269841,332.812698412698,122.926984126984,1000.54603174603,415.55873015873,13994.2825396825,9389.33015873016,315,31.6058707214532,12.8029007360247,0.914281319616422,0.95166163141994,0.5625,-1.03931335403921,FAHNSCC_15,HN,1,FAHNSCC_15,stromal cells,,carcinoma_in_situ_FAHNSCC_15_2
40686,46662,13023.1597222222,282.490740740741,101.449074074074,599.849537037037,25.7152777777778,3032.98842592593,544.902777777778,241.981481481482,954.75,5383.47916666667,485.483796296296,690.486111111111,1045.19444444444,3258.5162037037,421.407407407407,160.509259259259,1033.94907407407,2852.37731481482,1235.36805555556,408.831018518519,1047.85416666667,2124.96296296296,3321.52777777778,2364.62037037037,575.381944444445,1160.69675925926,338.231481481481,123.675925925926,1016.3912037037,416.25,13725.9722222222,8517.36805555556,432,32.2468128556748,17.3162399379704,0.843588136369509,0.955752212389381,0.685714285714286,-1.22178968762541,FAHNSCC_15,HN,1,FAHNSCC_15,Ki67+ tumor cells,,carcinoma_in_situ_FAHNSCC_15_2
40744,46727,10668.8113207547,193.140161725067,98.1752021563342,616.167115902965,724.016172506739,2882.6576819407,631.455525606469,193.681940700809,954.086253369272,4133.56603773585,455.636118598383,202.614555256065,952.207547169811,3799.15363881402,461.229110512129,190.5525606469,1353.19137466307,2758.87061994609,544.711590296496,390.873315363881,963.10781671159,1966.01886792453,234.44204851752,1556.01617250674,643.45013477089,855.606469002696,304.549865229111,142.587601078167,1004.81132075472,411.622641509434,14270.2345013477,9294.26954177898,371,41.5482002806235,11.5292273739016,0.960728405486461,0.9275,0.754065040650407,-1.53752129093974,FAHNSCC_15,HN,1,FAHNSCC_15,stromal cells,,carcinoma_in_situ_FAHNSCC_15_2
40860,46862,9904.3187250996,124.824701195219,71.9780876494024,598.47609561753,16.9123505976096,1048.80677290837,564.778884462151,191.239043824701,909.782868525896,4002.60956175299,391.900398406375,1219.55378486056,983.721115537849,2692.36852589641,361.332669322709,145.03187250996,1098.16733067729,2152.70717131474,1151.16533864542,392.918326693227,1054.89442231076,1614.01593625498,1610.55577689243,1257.29083665339,575.073705179283,821.739043824701,267.095617529881,112.872509960159,1000.07569721116,410.141434262948,13229.6414342629,8622.38645418327,502,31.0669647616172,20.7958831038986,0.742912125191312,0.969111969111969,0.717142857142857,-0.858064996624012,FAHNSCC_15,HN,1,FAHNSCC_15,Ki67+ tumor cells,,carcinoma_in_situ_FAHNSCC_15_2
40905,46913,17735.5730994152,172.611111111111,69.7046783625731,614.318713450292,392.616959064328,3760.85964912281,755.529239766082,203.119883040936,953.479532163743,5518.16666666667,546.83918128655,150.997076023392,955.21052631579,4035.2865497076,461.27485380117,270.684210526316,1125.15204678363,2649.70175438596,521.701754385965,386.391812865497,954.754385964912,2412.75730994152,245.874269005848,2594.29824561404,1147.06140350877,987.529239766082,283.245614035088,183.976608187135,1003.47076023392,410.026315789474,14436.3918128655,9108.7134502924,342,26.0038457069366,17.1292170429638,0.752389390983715,0.914438502673797,0.675889328063241,1.04709254182269,FAHNSCC_15,HN,1,FAHNSCC_15,stromal cells,,carcinoma_in_situ_FAHNSCC_15_2
41006,47030,4312.18200408998,114.075664621677,61.0265848670757,599.531697341513,11.1901840490798,1033.10838445808,392.069529652352,220.169734151329,951.985685071575,1883.07566462168,392.832310838446,1582.24335378323,1026.92842535787,1593.75869120654,408.271983640082,141.588957055215,1079.68711656442,1584.05521472393,2555.04294478528,291.834355828221,982.237218813906,830.341513292434,374.503067484663,3494.05112474438,573.462167689162,789.427402862986,270.80163599182,110.073619631902,1004.47852760736,409.490797546012,13542.4989775051,8408.72188139059,489,32.9156915001865,19.1668650727458,0.812972730777826,0.96259842519685,0.652,-1.00626675666534,FAHNSCC_15,HN,1,FAHNSCC_15,tumor cells,,carcinoma_in_situ_FAHNSCC_15_2
41070,47102,12002.1527093596,321.788177339902,99.0689655172414,603.142857142857,78.6600985221675,2681.49261083744,521.881773399015,251.714285714286,955.950738916256,4107.08374384236,465.009852216749,684.014778325123,1014.92118226601,3885.66009852217,662.847290640394,155.945812807882,950.852216748769,2692.87192118227,1158.90640394089,420.950738916256,1002.71921182266,2354.83251231527,3452.72413793103,2320.4236453202,579.211822660099,1543.69458128079,385.76354679803,150.71921182266,1322.99507389163,423.004926108374,14256.4876847291,8116.08866995074,203,24.3861778617686,10.6092206596558,0.90040601878304,0.931192660550459,0.678929765886288,0.285339905571823,FAHNSCC_15,HN,1,FAHNSCC_15,Ki67+ tumor cells,,carcinoma_in_situ_FAHNSCC_15_2
41136,47179,5648.61440677966,154.088983050847,63.3093220338983,603.072033898305,9.63983050847458,1253.05508474576,416.453389830508,213.936440677966,946.64406779661,2159.0593220339,425.436440677966,2036.8093220339,965.10593220339,2055.08474576271,506.495762711864,124.495762711864,940.491525423729,1810.80084745763,3524.0593220339,415.0,1005.05084745763,1533.16525423729,541.131355932203,5328.95338983051,575.860169491525,1265.66525423729,357.851694915254,130.338983050847,1011.5593220339,421.902542372881,14397.4194915254,8086.90254237288,236,20.4852186845529,14.7256885917404,0.695170812000364,0.951612903225806,0.7375,-0.334821694117526,FAHNSCC_15,HN,1,FAHNSCC_15,tumor cells,,carcinoma_in_situ_FAHNSCC_15_2
41144,47189,11080.9259259259,224.759259259259,77.5740740740741,603.055555555556,118.746913580247,2701.22222222222,532.444444444445,194.716049382716,971.635802469136,4048.77160493827,463.925925925926,154.123456790123,946.413580246914,3153.58641975309,424.432098765432,155.469135802469,1201.12345679012,2969.72839506173,552.308641975309,391.432098765432,958.407407407407,2807.43209876543,260.753086419753,5533.75308641975,1098.66666666667,1173.08024691358,299.179012345679,116.734567901235,1000.75308641975,414.314814814815,14269.7469135802,9176.56790123457,162,16.4016689273223,12.6358387596542,0.637561366376804,0.952941176470588,0.778846153846154,-0.424750629423067,FAHNSCC_15,HN,1,FAHNSCC_15,stromal cells,,carcinoma_in_situ_FAHNSCC_15_2
41184,47234,11152.2376599634,148.877513711152,76.8793418647166,599.131627056673,22.1425959780622,2678.79524680073,516.833638025594,254.696526508227,954.155393053016,4236.69835466179,453.515539305302,605.063985374772,1052.49725776965,3105.12431444241,403.060329067642,168.581352833638,1139.16819012797,2078.25045703839,988.855575868373,391.656307129799,1142.8647166362,1455.02010968921,412.915904936015,3323.80621572212,578.617915904936,815.703839122486,269.149908592322,109.398537477148,1001.64899451554,409.380255941499,13669.7641681901,8912.06215722121,547,33.8127126241063,20.7034685191125,0.79062678753908,0.956293706293706,0.675308641975309,-0.927541479515819,FAHNSCC_15,HN,1,FAHNSCC_15,tumor cells,,carcinoma_in_situ_FAHNSCC_15_2
41188,47238,7078.47417840376,138.361502347418,70.8967136150235,599.230046948357,74.5046948356808,1491.34976525822,633.697183098592,229.119718309859,950.070422535211,2540.71596244131,417.169014084507,1030.69718309859,1053.15492957746,2187.8544600939,435.56103286385,214.333333333333,1158.55868544601,1467.56103286385,1595.76525821596,390.589201877934,977.805164319249,1069.54460093897,452.173708920188,4678.68309859155,578.866197183099,843.957746478873,289.19014084507,205.295774647887,1008.6338028169,411.007042253521,13861.1314553991,8576.36854460094,426,27.5307636410697,19.7368091474496,0.697175835482139,0.959459459459459,0.760714285714286,0.0463888887557914,FAHNSCC_15,HN,1,FAHNSCC_15,tumor cells,,carcinoma_in_situ_FAHNSCC_15_2
41208,47259,12162.2265100671,161.60067114094,77.6157718120805,599.687919463087,18.2332214765101,1487.53020134228,336.644295302013,192.929530201342,991.105704697986,4876.8288590604,404.263422818792,1133.79362416107,1017.39093959732,3670.77013422819,378.798657718121,128.348993288591,1001.7432885906,2908.56208053691,1213.73657718121,393.974832214765,964.291946308725,2480.9110738255,1164.35570469799,1985.27684563758,575.755033557047,1329.53523489933,305.053691275168,118.590604026846,1006.77013422819,413.791946308725,13225.4446308725,8808.98657718121,596,30.7995046594105,26.2355678629305,0.523838094410327,0.952076677316294,0.689814814814815,1.33927351408017,FAHNSCC_15,HN,1,FAHNSCC_15,Ki67+ tumor cells,,carcinoma_in_situ_FAHNSCC_15_2
41281,47340,25300.2283464567,326.838582677165,112.88188976378,605.653543307087,51.7125984251969,6103.55118110236,753.582677165354,225.889763779528,964.767716535433,8773.5157480315,530.917322834646,166.665354330709,950.216535433071,7796.01968503937,451.507874015748,170.570866141732,1036.00787401575,6039.82283464567,641.748031496063,398.551181102362,957.740157480315,5822.64173228347,304.61811023622,3494.65354330709,1266.86220472441,2213.22047244095,369.653543307087,155.96062992126,1020.5,423.236220472441,14253.688976378,9253.00787401575,254,24.9915129558296,13.4627484497495,0.842502256220781,0.916967509025271,0.677333333333333,-0.313457294512318,FAHNSCC_15,HN,1,FAHNSCC_15,Unknown,,carcinoma_in_situ_FAHNSCC_15_2
41306,47370,3891.44041450777,201.943005181347,89.5336787564767,601.59585492228,14.6373056994819,962.20725388601,390.730569948187,186.274611398964,948.689119170984,1799.18134715026,386.715025906736,2888.31606217617,951.378238341969,1561.78756476684,471.865284974093,120.170984455959,1115.10362694301,1546.79274611399,2963.21243523316,395.290155440415,950.093264248705,1184.59067357513,450.108808290155,2324.55440414508,577.40414507772,989.637305699482,301.559585492228,116.963730569948,1016.34196891192,413.668393782383,13370.4455958549,8561.38341968912,193,18.1850838873671,13.5609002340618,0.666264426173557,0.936893203883495,0.765873015873016,1.45569280952557,FAHNSCC_15,HN,1,FAHNSCC_15,tumor cells,,carcinoma_in_situ_FAHNSCC_15_2
41317,47382,17473.7603550296,381.609467455621,82.9260355029586,602.136094674556,143.991124260355,4457.89053254438,554.985207100592,203.825443786982,1045.24852071006,6561.70414201183,468.328402366864,933.514792899408,967.387573964497,5011.67455621302,564.301775147929,136.899408284024,1052.23372781065,3847.74852071006,2406.30473372781,383.414201183432,963.204142011834,3473.31360946746,469.147928994083,2019.7426035503,581.340236686391,1408.57100591716,291.405325443787,120.786982248521,1007.51479289941,413.133136094675,14136.7100591716,9108.64201183432,338,25.7763916351956,17.363972433868,0.739060913234173,0.949438202247191,0.676,1.05026156552794,FAHNSCC_15,HN,1,FAHNSCC_15,tumor cells,,carcinoma_in_situ_FAHNSCC_15_2
41347,47415,9536.88005997002,125.352323838081,68.1814092953523,601.454272863568,16.5457271364318,891.274362818591,443.869565217391,170.862068965517,918.623688155922,4052.47676161919,383.76011994003,1477.04647676162,1042.66116941529,2917.07046476762,359.667166416792,124.992503748126,993.611694152924,2387.74212893553,1278.44977511244,394.701649175412,988.205397301349,1971.73763118441,933.39580209895,1668.55172413793,573.868065967017,1121.32383808096,301.377811094453,120.200899550225,1017.26986506747,413.814092953523,13089.1334332834,8805.94302848576,667,34.9016946432412,24.4212095857761,0.714422920191107,0.970887918486172,0.717204301075269,0.880798016813779,FAHNSCC_15,HN,1,FAHNSCC_15,Ki67+ tumor cells,,carcinoma_in_situ_FAHNSCC_15_2
41348,47416,33973.4352941177,330.839215686275,111.070588235294,604.733333333333,127.494117647059,8110.03137254902,743.937254901961,240.898039215686,970.243137254902,11551.9764705882,586.21568627451,250.63137254902,986.325490196078,8311.07450980392,498.81568627451,259.043137254902,1194.89803921569,6502.41568627451,722.952941176471,404.219607843137,971.098039215686,5955.80784313726,324.658823529412,6940.72941176471,1749.97647058824,1437.50980392157,318.258823529412,130.733333333333,1013.46666666667,415.156862745098,14204.6078431373,9162.39607843137,255,19.1429377958375,17.0212334606856,0.457586393792261,0.973282442748092,0.789473684210526,0.243933423693226,FAHNSCC_15,HN,1,FAHNSCC_15,endothelial cells,,carcinoma_in_situ_FAHNSCC_15_2
41363,47431,33330.4561403509,335.733333333333,94.1157894736842,602.038596491228,124.631578947368,8321.38947368421,771.81052631579,249.2,957.221052631579,12005.9122807018,589.343859649123,164.614035087719,946.540350877193,8551.6,407.470175438596,147.698245614035,1076.16842105263,6759.0350877193,668.501754385965,404.161403508772,952.947368421053,6607.02807017544,332.666666666667,6754.3298245614,1200.11228070175,2110.91228070175,369.140350877193,147.701754385965,1032.9649122807,422.00350877193,14513.8385964912,8932.43859649123,285,21.1552135151818,17.2411423743612,0.579484666503031,0.956375838926174,0.75,-0.456271368326292,FAHNSCC_15,HN,1,FAHNSCC_15,stromal cells,,carcinoma_in_situ_FAHNSCC_15_2
41372,47441,10576.9658119658,248.991452991453,107.871794871795,627.641025641026,987.495726495726,2492.2905982906,465.538461538462,180.666666666667,953.230769230769,3791.29914529915,397.735042735043,132.871794871795,956.905982905983,2018.53846153846,317.299145299145,134.307692307692,958.017094017094,2296.52991452991,496.974358974359,388.179487179487,948.735042735043,1765.00854700855,221.059829059829,691.529914529915,865.008547008547,1058.04273504274,289.264957264957,116.059829059829,996.598290598291,406.25641025641,14686.811965812,9191.5811965812,117,15.1861555312909,9.90856043019598,0.757811746370738,0.928571428571429,0.692307692307692,-0.780950149130565,FAHNSCC_15,HN,1,FAHNSCC_15,stromal cells,,carcinoma_in_situ_FAHNSCC_15_2
41378,47448,12508.1774193548,177.516129032258,65.5268817204301,602.048387096774,109.935483870968,3138.20967741935,589.467741935484,200.010752688172,982.376344086022,4757.75268817204,463.89247311828,167.97311827957,976.456989247312,4248.28494623656,444.462365591398,211.236559139785,1175.64516129032,3670.7311827957,648.672043010753,399.005376344086,975.349462365591,4339.70430107527,281.139784946237,2771.13440860215,1386.02688172043,1390.7311827957,343.043010752688,141.655913978495,1024.09139784946,414.413978494624,13762.9247311828,9645.90860215054,186,21.840069340059,11.0576190385399,0.862357631196363,0.939393939393939,0.715384615384615,-1.23178223630194,FAHNSCC_15,HN,1,FAHNSCC_15,stromal cells,,carcinoma_in_situ_FAHNSCC_15_2
41405,47479,8762.78200692042,227.698961937716,105.114186851211,603.072664359862,9.63321799307958,1882.99307958478,525.290657439446,270.43598615917,950.795847750865,2963.9169550173,425.242214532872,1346.51903114187,959.9723183391,2610.78200692042,386.051903114187,162.069204152249,973.214532871972,1946.71972318339,1000.02422145329,423.262975778547,1137.90657439446,1480.12802768166,336.837370242215,2307.9169550173,570.141868512111,1081.93771626298,336.910034602076,123.335640138408,993.083044982699,419.076124567474,13789.6262975779,8208.79238754325,289,23.2807777802718,16.105887809299,0.72207905056145,0.966555183946488,0.739130434782609,0.156648962921044,FAHNSCC_15,HN,1,FAHNSCC_15,tumor cells,,carcinoma_in_situ_FAHNSCC_15_2
41423,47501,4498.76219512195,168.981707317073,64.4878048780488,595.109756097561,16.0182926829268,1094.7743902439,413.359756097561,196.189024390244,954.176829268293,1921.98170731707,408.335365853659,2329.84756097561,954.65243902439,1492.96341463415,450.792682926829,130.091463414634,1070.73780487805,1165.85365853659,2801.2743902439,388.640243902439,958.810975609756,796.707317073171,366.335365853659,2795.17073170732,574.042682926829,798.963414634146,277.15243902439,111.256097560976,1002.51829268293,410.737804878049,13624.0182926829,8595.24390243902,164,15.9474938245962,13.1274532358662,0.567799104497565,0.947976878612717,0.728888888888889,0.726183202448763,FAHNSCC_15,HN,1,FAHNSCC_15,tumor cells,,carcinoma_in_situ_FAHNSCC_15_2
41502,47590,4130.4,372.128571428571,115.928571428571,600.442857142857,7.11428571428571,906.757142857143,441.452380952381,209.452380952381,956.171428571429,1489.17619047619,396.1,3476.10476190476,962.395238095238,1320.30476190476,387.580952380952,131.985714285714,988.152380952381,1150.37142857143,1580.12857142857,417.776190476191,963.32380952381,791.419047619048,378.319047619048,1962.15714285714,571.652380952381,829.119047619048,312.895238095238,119.257142857143,1003.64761904762,416.990476190476,13223.0619047619,8352.22857142857,210,18.5932030073974,14.3952818587963,0.632913139524079,0.963302752293578,0.772058823529412,0.52358662130586,FAHNSCC_15,HN,1,FAHNSCC_15,tumor cells,,carcinoma_in_situ_FAHNSCC_15_2
41504,47592,7087.08636363636,128.909090909091,75.4227272727273,597.918181818182,19.2227272727273,1942.46363636364,710.659090909091,208.177272727273,931.195454545455,2811.67727272727,416.122727272727,917.545454545454,982.604545454546,2109.83636363636,395.6,148.695454545455,1023.75,1657.76363636364,1227.21818181818,397.304545454546,959.318181818182,1158.24545454545,385.181818181818,2858.48636363636,578.713636363636,913.231818181818,313.954545454545,125.309090909091,1013.42272727273,415.068181818182,13311.4954545455,8696.88636363636,220,18.8450091450759,14.8839314512656,0.613354672636079,0.960698689956332,0.763888888888889,0.606554668186655,FAHNSCC_15,HN,1,FAHNSCC_15,tumor cells,,carcinoma_in_situ_FAHNSCC_15_2
41590,47690,7562.33193277311,111.289915966387,62.6890756302521,622.894957983193,324.126050420168,1821.47899159664,446.126050420168,179.285714285714,964.252100840336,2731.58823529412,375.09243697479,149.302521008403,945.138655462185,1932.75210084034,417.394957983193,140.247899159664,1020.50420168067,1844.5756302521,516.336134453782,382.050420168067,960.53781512605,1514.13865546219,226.739495798319,576.789915966387,1161.47899159664,876.252100840336,296.613445378151,165.457983193277,1003.12605042017,411.428571428571,14263.5378151261,9478.14285714286,238,22.8795726132312,13.3765484787562,0.81128543247751,0.955823293172691,0.661111111111111,-0.686215466227713,FAHNSCC_15,HN,1,FAHNSCC_15,stromal cells,,carcinoma_in_situ_FAHNSCC_15_2
41591,47692,12787.2561728395,150.493827160494,72.787037037037,599.277777777778,17.9876543209877,3286.73148148148,529.509259259259,216.692901234568,953.49537037037,5019.16820987654,428.708333333333,751.430555555556,1072.78395061728,3633.91666666667,404.683641975309,157.137345679012,1049.73611111111,2916.69290123457,989.108024691358,389.310185185185,1061.59104938272,2446.23302469136,768.910493827161,2248.875,576.611111111111,1147.48456790123,294.913580246914,119.66975308642,1014.36419753086,411.229938271605,13675.4027777778,8982.13425925926,648,40.2611497040002,20.9987109170393,0.853213002955824,0.951541850220264,0.625482625482626,-0.973394994785512,FAHNSCC_15,HN,1,FAHNSCC_15,Ki67+ tumor cells,,carcinoma_in_situ_FAHNSCC_15_2
41594,47695,22790.5244755245,289.923076923077,86.3216783216783,608.041958041958,51.6748251748252,4873.72727272727,767.611888111888,229.618881118881,976.087412587413,7068.70629370629,587.93006993007,164.458041958042,956.227272727273,4785.28321678322,462.433566433566,208.262237762238,1369.25874125874,3368.26223776224,601.688811188811,401.307692307692,980.286713286713,2753.78671328671,288.479020979021,11075.1048951049,1777.33216783217,873.91958041958,300.479020979021,121.821678321678,1021.8986013986,414.29020979021,14376.479020979,9051.26573426574,286,23.3376988075126,15.7028205627065,0.739776992749035,0.972789115646258,0.716791979949875,-0.637567617265286,FAHNSCC_15,HN,1,FAHNSCC_15,endothelial cells,,carcinoma_in_situ_FAHNSCC_15_2
41643,47751,5475.85460992908,146.290780141844,75.0212765957447,601.102836879433,12.8333333333333,1210.46808510638,456.141843971631,206.744680851064,946.120567375886,2073.7695035461,420.539007092199,1896.67021276596,952.36170212766,2228.19503546099,442.989361702128,130.599290780142,955.748226950355,1716.66312056738,2056.2304964539,409.670212765957,986.691489361702,1445.39361702128,1067.49645390071,3680.33687943262,577.847517730496,1158.77304964539,342.014184397163,125.790780141844,1007.56737588652,421.843971631206,14380.9113475177,8195.46808510638,282,21.0428671678363,17.2960974490833,0.56956563379569,0.946308724832215,0.705,-0.921477305040065,FAHNSCC_15,HN,1,FAHNSCC_15,Ki67+ tumor cells,,carcinoma_in_situ_FAHNSCC_15_2
41699,47814,16542.2469512195,248.283536585366,95.6951219512195,604.411585365854,156.835365853659,4386.15853658537,3144.44817073171,211.524390243902,960.981707317073,6325.44207317073,1562.71951219512,179.817073170732,959.990853658537,4550.32317073171,633.353658536585,996.146341463415,1177.66463414634,3587.81707317073,602.356707317073,562.27743902439,976.435975609756,3202.23170731707,272.393292682927,3932.41158536585,811.246951219512,1046.15243902439,309.524390243902,320.411585365854,1019.96341463415,412.234756097561,14241.362804878,9147.73780487805,328,23.0814314187171,18.407119081588,0.603337412926893,0.947976878612717,0.71304347826087,0.469551480133027,FAHNSCC_15,HN,1,FAHNSCC_15,M2 macrophages,,carcinoma_in_situ_FAHNSCC_15_2
41751,47873,9460.91909385113,228.948220064725,77.3980582524272,599.585760517799,10.7281553398058,2230.08737864078,508.26860841424,232.006472491909,953.181229773463,3579.63106796117,468.721682847896,1461.31067961165,983.090614886731,3010.58899676375,430.692556634304,137.556634304207,960.886731391586,2416.17475728155,1690.67961165049,417.226537216829,1022.16828478964,2165.90614886731,1637.32362459547,3426.51779935275,578.514563106796,1445.09061488673,360.993527508091,129.656957928803,1018.78964401295,423.669902912621,14306.932038835,8137.97411003236,309,20.5884975842736,19.3607387396496,0.340162254149656,0.971698113207547,0.7725,0.351855125446799,FAHNSCC_15,HN,1,FAHNSCC_15,Ki67+ tumor cells,,carcinoma_in_situ_FAHNSCC_15_2
41759,47881,22776.1705882353,282.497058823529,89.5529411764706,602.520588235294,123.582352941176,5548.80882352941,776.138235294118,249.226470588235,988.547058823529,8121.66470588235,638.276470588235,164.497058823529,976.717647058824,6126.67058823529,425.911764705882,172.329411764706,1339.18823529412,3470.43823529412,686.617647058824,419.091176470588,985.891176470588,3132.16470588235,307.914705882353,5776.61176470588,1885.45882352941,1034.68529411765,298.720588235294,119.105882352941,1033.47941176471,411.494117647059,14778.4029411765,8852.94117647059,340,25.8614421910255,16.8987559639451,0.756983146945365,0.947075208913649,0.708333333333333,0.486989228716847,FAHNSCC_15,HN,1,FAHNSCC_15,endothelial cells,,carcinoma_in_situ_FAHNSCC_15_2
41794,47925,12307.5483870968,137.112903225806,64.7338709677419,604.911290322581,101.379032258065,3108.09677419355,575.129032258065,208.75,950.983870967742,4590.52419354839,518.588709677419,143.637096774194,947.701612903226,3587.50806451613,420.451612903226,130.451612903226,1364.41935483871,3238.97580645161,607.088709677419,394.862903225806,980.137096774194,3029.17741935484,286.556451612903,6635.45967741936,1922.67741935484,1201.92741935484,291.475806451613,117.491935483871,1021.20161290323,413.459677419355,14629.6129032258,9058.93548387097,124,13.8058662683843,11.4595398449388,0.557691076151263,0.96875,0.738095238095238,-0.457623127364226,FAHNSCC_15,HN,1,FAHNSCC_15,endothelial cells,,carcinoma_in_situ_FAHNSCC_15_2
41955,48104,23351.462962963,308.064814814815,100.907407407407,609.287037037037,79.5462962962963,5598.01388888889,965.518518518518,248.324074074074,962.944444444444,7787.58796296296,750.398148148148,173.958333333333,953.560185185185,5371.09259259259,519.078703703704,191.833333333333,1220.56018518519,3802.98611111111,627.078703703704,400.175925925926,971.476851851852,3489.44444444444,306.444444444444,11380.3611111111,1519.21759259259,1088.90277777778,358.032407407407,143.333333333333,1062.30092592593,415.356481481482,14337.3055555556,9082.44444444444,216,22.7762513924556,12.1409582132064,0.846081600195852,0.931034482758621,0.635294117647059,-0.535625306143221,FAHNSCC_15,HN,1,FAHNSCC_15,stromal cells,,carcinoma_in_situ_FAHNSCC_15_2
41966,48115,13513.7704918033,129.975409836066,80.1270491803279,615.569672131148,443.090163934426,3519.11885245902,480.967213114754,192.553278688525,949.262295081967,5216.37295081967,451.188524590164,148.081967213115,945.725409836066,3836.76229508197,397.516393442623,129.131147540984,1117.5368852459,3064.45491803279,542.889344262295,382.270491803279,954.782786885246,2714.17213114754,247.05737704918,2316.20491803279,1384.49590163934,1011.49180327869,289.639344262295,278.643442622951,1028.22131147541,411.47131147541,14464.9467213115,9077.95491803279,244,22.485726569589,13.8239303327557,0.788693258883758,0.964426877470356,0.67590027700831,-0.762434901257204,FAHNSCC_15,HN,1,FAHNSCC_15,stromal cells,,carcinoma_in_situ_FAHNSCC_15_2
41973,48123,12713.2816901408,138.765258215962,79.4882629107981,602.408450704225,17.8450704225352,2964.13615023474,472.422535211268,215.305164319249,952.929577464789,4469.65727699531,419.178403755869,528.06103286385,977.079812206573,2925.34741784038,401.338028169014,148.962441314554,976.455399061033,2417.94366197183,1270.16901408451,389.798122065728,1019.19718309859,1849.32863849765,6568.10798122066,1794.72300469484,573.511737089202,963.183098591549,288.18779342723,116.835680751174,1018.40845070423,410.150234741784,13684.2488262911,9064.37089201878,213,19.9299457333345,13.8231629834301,0.720372305298009,0.942477876106195,0.696078431372549,0.896385762744357,FAHNSCC_15,HN,1,FAHNSCC_15,Ki67+ tumor cells,,carcinoma_in_situ_FAHNSCC_15_2
42046,48210,14926.375,193.265,89.355,606.915,49.23,3570.315,695.705,236.335,969.695,5361.765,580.135,154.465,947.125,5879.595,396.135,165.585,1161.94,4458.61,662.835,411.18,960.49,5036.39,331.19,5282.535,1730.995,2378.74,343.18,132.82,1016.19,428.53,14868.335,8713.52,200,18.9298765641475,13.5387508015377,0.698914279944816,0.947867298578199,0.793650793650794,-1.08627914852509,FAHNSCC_15,HN,1,FAHNSCC_15,endothelial cells,,carcinoma_in_situ_FAHNSCC_15_2
42101,48273,5372.18620689655,169.363793103448,84.8568965517241,605.593103448276,16.6448275862069,1405.49482758621,431.296551724138,224.006896551724,959.081034482759,2121.76551724138,423.144827586207,1377.17931034483,1007.23793103448,1497.93793103448,382.270689655172,161.41724137931,1040.2275862069,1224.25862068966,685.731034482759,388.058620689655,956.248275862069,866.660344827586,241.087931034483,3455.18103448276,578.972413793103,813.172413793104,305.953448275862,116.279310344828,994.862068965517,412.420689655172,13291.7724137931,9401.55862068966,580,37.0499265453282,20.0004808221349,0.841777195142811,0.960264900662252,0.746460746460746,0.0556954170013719,FAHNSCC_15,HN,1,FAHNSCC_15,tumor cells,,carcinoma_in_situ_FAHNSCC_15_2
42122,48297,13452.8940397351,165.748344370861,82.7704194260486,619.609271523179,382.395143487859,3376.74613686534,498.152317880795,205.743929359823,955.039735099338,5165.83885209713,441.894039735099,154.76821192053,946.796909492274,3427.32671081678,411.421633554084,150.090507726269,1133.51434878587,2971.60927152318,557.019867549669,388.401766004415,969.777041942605,2345.58498896247,243.949227373068,788.759381898455,1929.73951434879,920.454746136865,292.12582781457,228.061810154525,1017.69536423841,412.083885209713,14321.8322295806,9416.96026490067,453,36.451608863363,15.8593767340464,0.900391657549688,0.959745762711864,0.557881773399015,-0.787135393961021,FAHNSCC_15,HN,1,FAHNSCC_15,endothelial cells,,carcinoma_in_situ_FAHNSCC_15_2
42142,48319,5711.47210300429,226.888412017167,88.0343347639485,601.008583690987,310.296137339056,1267.21888412017,400.918454935622,174.982832618026,951.991416309013,2000.72961373391,344.969957081545,201.969957081545,942.583690987124,1220.34763948498,373.309012875537,166.184549356223,1013.78111587983,992.957081545064,496.248927038627,378.502145922747,950.450643776824,692.394849785408,234.682403433476,721.300429184549,577.682403433476,699.021459227468,273.695278969957,110.44635193133,981.832618025751,409.463519313305,13567.3862660944,9412.35193133047,233,21.6333235631193,13.7247438783102,0.772983567217229,0.970833333333333,0.728125,0.558123343121375,FAHNSCC_15,HN,1,FAHNSCC_15,stromal cells,,carcinoma_in_situ_FAHNSCC_15_2
42178,48359,10245.008356546,184.367688022284,85.1448467966574,603.713091922006,12.3816155988858,2031.04456824512,490.108635097493,215.256267409471,951.362116991644,3481.8356545961,445.557103064067,1879.10863509749,955.91643454039,2997.9860724234,449.679665738162,126.863509749304,1000.00278551532,2493.3008356546,1703.83844011142,404.147632311978,962.314763231198,2278.24791086351,496.615598885794,4433.15598885794,576.721448467967,1424.37883008357,337.713091922006,125.479108635097,1021.93314763231,422.529247910864,14366.3927576602,8379.98885793872,359,26.858168822012,17.2234651728684,0.767311351721536,0.957333333333333,0.712301587301587,0.553069247427961,FAHNSCC_15,HN,1,FAHNSCC_15,tumor cells,,carcinoma_in_situ_FAHNSCC_15_2
42305,48496,10037.9744990893,134.375227686703,64.1293260473588,610.094717668488,87.384335154827,2359.74681238616,1885.01092896175,1909.1912568306,1802.46448087432,3666.35336976321,2108.43715846995,1421.25318761384,1891.65938069217,3163.67759562842,403.260473588343,139.821493624772,1209.76867030965,2450.78870673953,522.382513661202,381.23679417122,992.606557377049,2015.07468123862,213.548269581056,530.989071038251,1801.14571948998,804.302367941712,255.899817850638,194.985428051002,1005.50273224044,406.355191256831,14385.6010928962,9427.25136612022,549,37.2614009611578,18.7981815306069,0.863414753902155,0.963157894736842,0.612723214285714,-0.855945288220313,FAHNSCC_15,HN,1,FAHNSCC_15,M2 macrophages,,carcinoma_in_situ_FAHNSCC_15_2
42333,48529,10090.1122807018,173.785964912281,70.6052631578947,604.357894736842,183.038596491228,2667.55087719298,456.245614035088,193.963157894737,949.398245614035,3954.93859649123,429.875438596491,150.39298245614,939.861403508772,3966.1298245614,404.468421052632,133.284210526316,1016.75789473684,3153.40877192982,561.231578947369,390.075438596491,951.29298245614,3201.81052631579,252.922807017544,1749.6,592.482456140351,1653.52807017544,347.335087719298,126.538596491228,1009.27543859649,420.528070175439,14365.7192982456,9267.36315789474,570,38.9729978215576,18.7064453578475,0.877276821475256,0.954773869346734,0.789473684210526,-1.54158257774482,FAHNSCC_15,HN,1,FAHNSCC_15,stromal cells,,carcinoma_in_situ_FAHNSCC_15_2
42357,48556,5310.45744680851,145.882978723404,72.5691489361702,596.43085106383,24.8723404255319,1255.62765957447,448.723404255319,180.601063829787,950.962765957447,2056.70212765957,351.984042553192,1672.32978723404,949.191489361702,1698.70212765957,362.941489361702,114.574468085106,958.521276595745,1701.31382978723,1231.48404255319,379.718085106383,945.691489361702,1515.63829787234,248.393617021277,2904.68085106383,580.260638297872,1084.1914893617,298.345744680851,119.425531914894,998.712765957447,413.515957446809,13995.1436170213,9287.25531914894,188,18.9768543475941,12.6270404219336,0.746494442314431,0.959183673469388,0.737254901960784,0.639434468651997,FAHNSCC_15,HN,1,FAHNSCC_15,tumor cells,,carcinoma_in_situ_FAHNSCC_15_2
42365,48565,10022.8945054945,178.074725274725,74.5032967032967,602.305494505495,22.378021978022,2763.11208791209,505.835164835165,202.67032967033,951.105494505495,4218.52307692308,436.494505494506,1063.75604395604,958.276923076923,3419.21758241758,441.287912087912,133.679120879121,1010.49450549451,2791.28351648352,1121.55824175824,390.507692307692,951.681318681319,2726.63956043956,452.536263736264,2808.31868131868,579.369230769231,1504.90769230769,346.725274725275,125.56043956044,1022.24395604396,419.178021978022,14143.2703296703,9057.28571428571,455,28.1705818863511,20.6795561496358,0.679059335938909,0.951882845188284,0.729166666666667,0.613831454676294,FAHNSCC_15,HN,1,FAHNSCC_15,tumor cells,,carcinoma_in_situ_FAHNSCC_15_2
42432,48643,4888.9188034188,198.970085470085,89.7393162393162,601.974358974359,17.7777777777778,1096.46581196581,475.84188034188,220.816239316239,948.482905982906,1845.11965811966,423.653846153846,1168.57692307692,973.307692307692,1461.45299145299,439.700854700855,137.995726495727,1018.10256410256,1225.5641025641,1384.93162393162,385.564102564103,1006.35042735043,921.029914529914,610.098290598291,2455.57264957265,571.440170940171,825.290598290598,309.636752136752,116.683760683761,997.858974358974,412.871794871795,13732.9786324786,9027.21367521368,234,19.8468650455412,15.0109940091704,0.654177787186806,0.959016393442623,0.78,0.331700382357046,FAHNSCC_15,HN,1,FAHNSCC_15,tumor cells,,carcinoma_in_situ_FAHNSCC_15_2
42447,48659,33428.3557951483,505.366576819407,149.293800539084,613.956873315364,200.342318059299,8052.32884097035,909.970350404313,274.102425876011,967.614555256065,11663.8733153639,739.485175202156,172.692722371968,962.698113207547,8797.12129380054,476.592991913747,211.44204851752,1346.19946091644,5876.28032345013,767.293800539084,454.350404312669,968.040431266846,6122.53908355795,346.091644204852,8536.4204851752,1631.69272237197,1873.93800539084,393.760107816712,136.760107816712,1049.49865229111,423.194070080863,14815.1212938005,8888.6576819407,371,26.7935112029485,17.7565944751744,0.748867320950663,0.946428571428571,0.751012145748988,-0.259921199944465,FAHNSCC_15,HN,1,FAHNSCC_15,stromal cells,,carcinoma_in_situ_FAHNSCC_15_2
42448,48660,12428.0982142857,246.58630952381,100.244047619048,619.377976190476,1105.63988095238,3084.85119047619,489.604166666667,191.922619047619,956.791666666667,4393.70238095238,416.96130952381,169.559523809524,950.952380952381,3414.12202380952,457.77380952381,137.291666666667,1058.68452380952,2617.65178571429,540.428571428571,385.116071428571,990.443452380952,2133.625,218.809523809524,1635.85416666667,1766.99404761905,816.622023809524,276.708333333333,124.095238095238,1018.75595238095,408.904761904762,13956.6785714286,9687.0505952381,336,31.3843898494896,13.6884503706042,0.899871681657882,0.93854748603352,0.565656565656566,-0.63155112277693,FAHNSCC_15,HN,1,FAHNSCC_15,endothelial cells,,carcinoma_in_situ_FAHNSCC_15_2
42477,48692,18224.6879194631,219.815436241611,91.1308724832215,606.765100671141,42.0469798657718,4793.85570469799,1147.19798657718,209.194630872483,955.375838926174,7561.59731543624,466.862416107383,268.140939597315,943.10067114094,5951.39932885906,456.456375838926,339.144295302013,981.724832214765,4979.01006711409,647.681208053691,394.43288590604,951.738255033557,4445.77516778524,375.020134228188,1002.19798657718,1013.06711409396,2343.65436241611,355.439597315436,154.523489932886,1012.47986577181,423.412751677852,13981.0436241611,8861.59060402685,298,32.8648548693855,11.6218922280699,0.935386611424044,0.937106918238994,0.498327759197324,0.857471598676515,FAHNSCC_15,HN,1,FAHNSCC_15,stromal cells,,carcinoma_in_situ_FAHNSCC_15_2
42520,48742,7144.38421052632,173.821052631579,77.2473684210526,604.078947368421,22.3236842105263,1579.83947368421,568.431578947368,212.018421052632,950.6,2575.01578947368,454.647368421053,856.957894736842,1115.18684210526,1942.88684210526,457.347368421053,169.155263157895,1083.66842105263,1598.53421052632,1940.35526315789,396.91052631579,978.992105263158,1206.13421052632,3331.29473684211,3018.42368421053,576.526315789474,919.405263157895,316.468421052632,193.15,1028.48421052632,410.815789473684,13812.6736842105,8543.33421052632,380,30.5615262284405,15.8856818374765,0.85429195603168,0.964467005076142,0.727969348659004,-0.374658448931886,FAHNSCC_15,HN,1,FAHNSCC_15,Ki67+ tumor cells,,carcinoma_in_situ_FAHNSCC_15_2
42565,48797,5798.90147783251,185.709359605911,98.5172413793104,599.906403940887,34.8522167487685,1291.05911330049,519.522167487685,217.896551724138,954.802955665025,2140.78325123153,462.729064039409,903.197044334975,963.039408866995,1631.12807881773,390.182266009852,156.655172413793,1030.28078817734,1292.31527093596,1070.68472906404,401.068965517241,947.399014778325,944.729064039409,356.571428571429,3321.03448275862,575.596059113301,960.802955665025,336.034482758621,121.79802955665,1010.8275862069,416.12315270936,14135.315270936,8609.87684729064,203,18.3425693957819,14.1073613027248,0.639122479360287,0.953051643192488,0.751851851851852,-0.202873608400131,FAHNSCC_15,HN,1,FAHNSCC_15,tumor cells,,carcinoma_in_situ_FAHNSCC_15_2
42566,48798,7398.17117117117,213.601351351351,76.6148648648649,602.355855855856,16.9099099099099,1712.59009009009,505.506756756757,230.671171171171,951.277027027027,2925.36036036036,423.02027027027,739.146396396396,1033.69144144144,2307.08783783784,419.988738738739,169.704954954955,1015.14189189189,1819.73198198198,1098.67567567568,409.871621621622,1012.16666666667,1362.47747747748,9374.51126126126,3334.56756756757,579.833333333333,1009.1036036036,333.427927927928,127.623873873874,1025.22297297297,418.405405405405,13983.9842342342,8429.36036036036,444,31.5759104903787,18.134059399057,0.818644611890241,0.956896551724138,0.778947368421053,0.245749638058906,FAHNSCC_15,HN,1,FAHNSCC_15,Ki67+ tumor cells,,carcinoma_in_situ_FAHNSCC_15_2
42590,48826,8782.4056122449,184.47193877551,85.8520408163265,598.640306122449,24.4974489795918,2317.79081632653,541.607142857143,274.015306122449,946.594387755102,3383.70408163265,434.579081632653,506.237244897959,1143.39540816327,2597.32397959184,438.433673469388,174.242346938776,1112.0306122449,1666.65051020408,1103.66326530612,387.025510204082,1031.87755102041,1288.97959183673,274.461734693878,3401.45153061225,585.280612244898,855.191326530612,320.826530612245,125.270408163265,1003.63010204082,412.186224489796,14114.9464285714,9251.79591836735,392,23.6577150608884,21.6212340477202,0.405896732527316,0.949152542372881,0.710144927536232,-0.352085602866246,FAHNSCC_15,HN,1,FAHNSCC_15,tumor cells,,carcinoma_in_situ_FAHNSCC_15_2
42748,49006,15654.7768924303,205.772908366534,94.6374501992032,623.784860557769,541.509960159363,4192.53784860558,551.840637450199,201.250996015936,960.211155378486,6349.64940239044,471.99203187251,154.844621513944,955.02390438247,4350.33864541833,393.581673306773,134.103585657371,1126.03585657371,3396.21513944223,572.505976095618,391.342629482072,961.605577689243,3002.78884462151,275.119521912351,2385.86055776892,1784.82071713147,1154.52988047809,295.103585657371,319.868525896414,1002.82868525896,412.175298804781,14518.2310756972,8911.71314741036,251,22.4323909792542,14.2997024657905,0.770485276291359,0.958015267175572,0.703081232492997,-1.03935813537245,FAHNSCC_15,HN,1,FAHNSCC_15,other APCs,,carcinoma_in_situ_FAHNSCC_15_2
42756,49015,10858.604519774,349.819209039548,102.980225988701,606.242937853107,270.35593220339,2808.68926553672,2040.99717514124,205.779661016949,950.152542372881,4460.77401129944,983.805084745763,272.581920903955,947.220338983051,2916.37288135593,491.971751412429,481.943502824859,1004.40395480226,2665.90677966102,642.906779661017,400.774011299435,964.968926553672,2163.46892655367,1985.31073446328,2178.60734463277,628.838983050847,1247.17231638418,314.429378531073,199.395480225989,996.570621468927,414.002824858757,14033.5056497175,8457.46610169492,354,25.6793612405622,17.7906242809596,0.721131171491758,0.96195652173913,0.756410256410256,0.0583314445065363,FAHNSCC_15,HN,1,FAHNSCC_15,M2 macrophages,,carcinoma_in_situ_FAHNSCC_15_2
42767,49030,9574.33846153846,300.382417582418,114.852747252747,616.824175824176,662.085714285714,2230.10989010989,523.751648351648,195.316483516484,943.305494505494,3336.9978021978,518.661538461539,155.472527472527,943.074725274725,2760.84835164835,510.967032967033,150.652747252747,951.457142857143,2104.88131868132,559.09010989011,387.751648351648,944.973626373626,1706.17362637363,243.026373626374,753.158241758242,587.479120879121,954.951648351648,343.786813186813,135.58021978022,998.696703296703,412.178021978022,14339.8087912088,9708.20879120879,455,40.8479742903999,14.732116226608,0.93269844037272,0.932377049180328,0.630193905817175,1.27964869402392,FAHNSCC_15,HN,1,FAHNSCC_15,stromal cells,,carcinoma_in_situ_FAHNSCC_15_2
42775,49039,20879.6237288136,380.057627118644,114.074576271186,607.925423728814,136.498305084746,5102.7593220339,762.094915254237,223.328813559322,995.477966101695,7158.27118644068,579.664406779661,278.572881355932,961.033898305085,5179.12203389831,556.461016949153,248.983050847458,1054.5593220339,3772.90847457627,600.986440677966,398.959322033898,970.786440677966,2947.85423728814,272.827118644068,2898.82033898305,1094.10169491525,949.922033898305,283.301694915254,115.732203389831,1016.43389830508,411.522033898305,13649.4169491525,9507.39322033898,295,21.9053912208097,17.2478452184328,0.616469218293898,0.983333333333333,0.826330532212885,-0.31904148006176,FAHNSCC_15,HN,1,FAHNSCC_15,stromal cells,,carcinoma_in_situ_FAHNSCC_15_2
42777,49042,6575.71621621622,202.905405405405,59.3851351351351,600.952702702703,132.918918918919,1197.85135135135,5886.31756756757,201.087837837838,951.452702702703,1650.94594594595,525.513513513514,1785.72972972973,942.635135135135,975.635135135135,535.472972972973,569.891891891892,975.074324324324,891.594594594595,1973.7027027027,402.675675675676,967.013513513514,651.452702702703,295.47972972973,1411.60810810811,588.682432432432,937.878378378378,399.628378378378,217.736486486486,983.364864864865,421.763513513514,14144.9932432432,8046.24324324324,148,19.402055349465,9.98468439316203,0.857418407893822,0.91358024691358,0.685185185185185,1.17910042593729,FAHNSCC_15,HN,1,FAHNSCC_15,M2 macrophages,,carcinoma_in_situ_FAHNSCC_15_2
42782,49049,17148.595,213.765,587.385,600.815,176.715,4458.83,587.035,206.29,956.055,6011.985,460.56,402.165,945.845,4978.36,448.06,193.795,1041.57,3602.185,548.785,389.065,956.835,3033.99,235.92,1649.38,681.08,1241.04,300.85,170.715,1024.83,417.84,14227.59,9303.61,200,21.4465076139009,12.0085016203892,0.828541221800441,0.952380952380952,0.65359477124183,-0.76623899460676,FAHNSCC_15,HN,1,FAHNSCC_15,Unknown,,carcinoma_in_situ_FAHNSCC_15_2
42858,49132,11159.4414784394,149.365503080082,73.4455852156058,611.390143737166,368.205338809035,2733.43942505133,450.365503080082,178.379876796715,952.954825462012,3950.54620123203,403.256673511294,149.451745379877,939.93839835729,2680.10882956879,412.277207392197,133.332648870637,1064.39425051335,1995.2135523614,531.23203285421,384.726899383984,973.952772073922,1616.16221765914,211.271047227926,755.677618069815,2014.04722792608,808.359342915811,278.408624229979,282.985626283368,1013.7022587269,410.52772073922,13789.9199178645,9781.88501026694,487,39.2125671278171,15.8265377711819,0.91493164993375,0.953033268101761,0.556571428571429,-1.00787056723869,FAHNSCC_15,HN,1,FAHNSCC_15,endothelial cells,,carcinoma_in_situ_FAHNSCC_15_2
42915,49198,12800.75,151.809090909091,76.7909090909091,613.640909090909,278.936363636364,3118.46818181818,472.109090909091,195.804545454545,945.063636363636,4987.08181818182,471.640909090909,159.295454545455,948.631818181818,3405.83181818182,364.195454545455,127.959090909091,1168.64090909091,2564.48181818182,578.590909090909,385.027272727273,965.277272727273,2005.20909090909,299.490909090909,2428.89090909091,910.55,945.404545454545,279.513636363636,124.604545454545,1022.53181818182,411.636363636364,14567.25,8574.32272727273,220,23.8623409017991,11.7548622220712,0.870249369258369,0.952380952380952,0.763888888888889,0.0236618534738676,FAHNSCC_15,HN,1,FAHNSCC_15,stromal cells,,carcinoma_in_situ_FAHNSCC_15_2
42921,49204,4417.33663366337,186.336633663366,81.1336633663366,604.084158415842,15.7970297029703,984.173267326733,433.727722772277,200.727722772277,947.950495049505,1618.62376237624,372.282178217822,1696.0,962.445544554455,1136.63366336634,375.193069306931,163.861386138614,1007.11386138614,1001.42079207921,1289.79702970297,393.217821782178,945.707920792079,747.920792079208,278.985148514851,3349.84158415842,579.643564356436,774.410891089109,282.613861386139,124.277227722772,1012.19801980198,411.420792079208,13243.9603960396,9093.63861386138,202,21.211055130956,12.3198387080264,0.814030886272353,0.93953488372093,0.73992673992674,-0.238158607135841,FAHNSCC_15,HN,1,FAHNSCC_15,tumor cells,,carcinoma_in_situ_FAHNSCC_15_2
42925,49208,3066.08121827411,152.918781725888,75.3908629441624,600.060913705584,27.4365482233503,758.959390862944,424.208121827411,179.969543147208,943.944162436548,1463.67005076142,393.908629441624,1356.73096446701,938.289340101523,1498.76649746193,400.944162436548,121.41116751269,1028.10152284264,1417.24873096447,1471.06091370558,386.416243654822,955.106598984772,1151.27918781726,382.670050761421,1917.49746192893,578.147208121827,944.979695431472,286.035532994924,111.609137055838,990.522842639594,411.58883248731,13514.9086294416,8899.16751269036,197,17.3785124197142,14.479240850759,0.553018197061022,0.942583732057416,0.772549019607843,-0.129821892336316,FAHNSCC_15,HN,1,FAHNSCC_15,tumor cells,,carcinoma_in_situ_FAHNSCC_15_2
42947,49235,25339.0052356021,366.303664921466,129.748691099476,620.235602094241,894.460732984293,5693.08376963351,883.712041884817,217.900523560209,951.502617801047,7835.47120418848,535.795811518325,177.816753926702,958.062827225131,4884.97905759162,489.979057591623,435.465968586387,1044.49738219895,3883.26178010471,555.052356020942,453.460732984293,949.7277486911,3071.53403141361,402.282722513089,1478.4502617801,618.418848167539,1476.38219895288,300.03664921466,130.115183246073,991.979057591623,414.664921465969,14285.277486911,8998.34554973822,191,18.5797296233647,13.6939963105986,0.675849570720004,0.950248756218906,0.682142857142857,-1.41623922689045,FAHNSCC_15,HN,1,FAHNSCC_15,stromal cells,,carcinoma_in_situ_FAHNSCC_15_2
42950,49238,7596.80528846154,203.240384615385,84.4014423076923,596.752403846154,15.8293269230769,1956.82692307692,427.935096153846,202.903846153846,954.112980769231,2973.82451923077,397.75,2148.11538461538,996.358173076923,2155.08173076923,399.473557692308,118.701923076923,1031.29326923077,2040.47596153846,1571.99759615385,385.877403846154,967.75,1681.44230769231,564.848557692308,2202.77403846154,573.314903846154,1059.54567307692,288.834134615385,118.069711538462,999.117788461539,411.860576923077,13410.7668269231,8782.89903846154,416,33.1271121476824,16.0475223184019,0.874834115339742,0.95632183908046,0.706281833616299,-0.330434502999137,FAHNSCC_15,HN,1,FAHNSCC_15,tumor cells,,carcinoma_in_situ_FAHNSCC_15_2
43031,49330,20991.6021505376,463.974910394265,146.964157706093,613.784946236559,202.756272401434,5667.35483870968,842.569892473118,260.645161290323,985.401433691756,8569.14336917563,649.136200716846,217.555555555556,963.501792114695,6264.09677419355,625.462365591398,309.584229390681,1169.74910394265,4635.3835125448,776.598566308244,425.584229390681,971.648745519713,4559.6164874552,340.060931899642,6581.62007168459,3504.76702508961,1836.37992831541,461.4229390681,163.060931899642,1085.98924731183,428.534050179212,13587.7992831541,9723.40860215054,279,21.0440986230651,17.0311307994925,0.587386248303635,0.945762711864407,0.734210526315789,-0.790153697885616,FAHNSCC_15,HN,1,FAHNSCC_15,endothelial cells,,carcinoma_in_situ_FAHNSCC_15_2
43034,49333,10367.3822075783,152.093904448105,74.8434925864909,603.021416803954,12.9719934102142,2406.15156507414,514.884678747941,258.225700164745,959.375617792422,3789.05271828666,429.07413509061,1760.81383855025,1127.1021416804,3325.30313014827,435.548599670511,159.067545304778,1032.25535420099,2315.09390444811,1689.51400329489,413.107084019769,994.029654036244,1871.06754530478,609.120263591433,4098.27018121911,575.059308072488,1126.6705107084,322.568369028007,121.037891268534,1014.45469522241,418.863261943987,14071.8698517298,8316.38714991763,607,39.5107773792232,20.1467098759057,0.860231215649523,0.952904238618524,0.630977130977131,-1.04590456753972,FAHNSCC_15,HN,1,FAHNSCC_15,tumor cells,,carcinoma_in_situ_FAHNSCC_15_2
43072,49376,12317.34375,236.3125,100.65625,605.671875,457.7109375,2605.4375,553.28125,197.515625,961.0234375,3706.2578125,469.375,171.1484375,938.4453125,2751.9453125,499.3125,133.0546875,1062.1953125,2279.28125,519.953125,382.296875,950.671875,2076.140625,218.7890625,1941.1484375,1894.0625,1111.3828125,313.4609375,138.4375,1003.125,416.0078125,13953.2109375,9707.6171875,128,13.71869109889,11.978767628944,0.487413422278052,0.934306569343066,0.757396449704142,-0.842924090239191,FAHNSCC_15,HN,1,FAHNSCC_15,endothelial cells,,carcinoma_in_situ_FAHNSCC_15_2
43084,49392,9251.26753246753,220.280519480519,91.9584415584416,598.68051948052,14.7454545454545,2816.55584415584,536.238961038961,217.174025974026,946.127272727273,4306.16363636364,413.950649350649,1825.63636363636,962.522077922078,3001.94545454545,406.350649350649,134.018181818182,964.966233766234,2554.96103896104,1122.34805194805,398.618181818182,986.948051948052,2216.92727272727,321.909090909091,1480.9974025974,573.924675324675,1215.01038961039,341.285714285714,126.45974025974,1016.08311688312,416.851948051948,13343.812987013,8804.26493506494,385,25.2645352138365,20.0077869437033,0.610609649067992,0.952970297029703,0.727788279773157,0.918054691245093,FAHNSCC_15,HN,1,FAHNSCC_15,tumor cells,,carcinoma_in_situ_FAHNSCC_15_2
43148,49462,10493.2015810277,197.04347826087,82.9486166007905,598.806324110672,14.596837944664,2699.18972332016,443.426877470356,231.98814229249,956.833992094862,4095.21739130435,388.505928853755,1387.02371541502,1148.07509881423,3170.3162055336,367.739130434783,146.96837944664,1011.54150197628,2361.94071146245,1121.13438735178,389.304347826087,990.97233201581,1953.54150197628,525.355731225297,2010.71541501976,577.03557312253,1082.18972332016,282.786561264822,115.486166007905,984.9604743083,412.482213438735,13189.3636363636,8953.604743083,253,21.68411601312,16.3169559140432,0.658610236676382,0.840531561461794,0.605263157894737,0.311304251201903,FAHNSCC_15,HN,1,FAHNSCC_15,tumor cells,,carcinoma_in_situ_FAHNSCC_15_2
43272,49597,26441.8740740741,425.533333333333,426.555555555556,607.740740740741,78.0814814814815,5468.57037037037,739.933333333333,227.748148148148,1030.92592592593,8233.02222222222,593.162962962963,162.177777777778,966.37037037037,5762.42962962963,487.977777777778,184.103703703704,1126.18518518519,3888.77037037037,584.807407407407,399.488888888889,964.503703703704,3521.2962962963,283.251851851852,7320.72592592593,813.274074074074,1267.42962962963,326.740740740741,134.192592592593,1028.8,412.533333333333,14385.2074074074,9196.31111111111,135,15.0323585152415,11.4619568729238,0.647005187562721,0.957446808510638,0.803571428571429,-1.06635545400669,FAHNSCC_15,HN,1,FAHNSCC_15,Unknown,,carcinoma_in_situ_FAHNSCC_15_2
43292,49623,11368.1764705882,163.772549019608,86.3176470588235,598.905882352941,16.7490196078431,1524.04705882353,505.952941176471,200.372549019608,958.835294117647,4669.00392156863,399.588235294118,1498.73725490196,1003.78823529412,3461.43529411765,336.733333333333,129.509803921569,991.572549019608,2696.83529411765,1006.81568627451,399.725490196078,988.203921568628,2211.69803921569,745.792156862745,2035.7568627451,571.380392156863,1128.53333333333,288.450980392157,114.203921568627,1000.61568627451,411.643137254902,13210.0117647059,8854.25098039216,255,24.0605197829015,13.5277108849429,0.826976252964505,0.958646616541353,0.817307692307692,1.53220741448267,FAHNSCC_15,HN,1,FAHNSCC_15,Ki67+ tumor cells,,carcinoma_in_situ_FAHNSCC_15_2
43294,49625,3778.07058823529,200.462745098039,79.2470588235294,597.188235294118,15.6823529411765,999.156862745098,379.643137254902,174.741176470588,948.976470588235,1774.77254901961,346.639215686275,1897.59215686275,942.325490196078,1480.40392156863,378.862745098039,114.509803921569,951.188235294118,1659.40784313726,1179.66666666667,389.058823529412,955.411764705882,1434.57254901961,484.286274509804,1158.47450980392,574.180392156863,1146.62352941176,305.592156862745,116.686274509804,995.043137254902,416.588235294118,13250.031372549,9403.29411764706,255,19.7712783325463,16.4536978592377,0.554472533211927,0.955056179775281,0.789473684210526,0.464958787647547,FAHNSCC_15,HN,1,FAHNSCC_15,tumor cells,,carcinoma_in_situ_FAHNSCC_15_2
43301,49633,17930.8636363636,198.232620320856,84.4117647058824,598.917112299465,20.596256684492,3497.16310160428,575.112299465241,266.66577540107,952.852941176471,5513.60427807487,455.75935828877,967.294117647059,1102.95721925134,3758.92245989305,388.625668449198,165.446524064171,1110.5935828877,2771.86631016043,1212.70053475936,389.101604278075,1082.47326203209,1875.27807486631,523.890374331551,2756.94919786096,579.550802139037,859.631016042781,254.794117647059,110.414438502674,985.590909090909,410.307486631016,14037.2754010695,8649.00267379679,374,25.368473350925,19.1324447701456,0.656665502476494,0.956521739130435,0.712380952380952,0.313837289026532,FAHNSCC_15,HN,1,FAHNSCC_15,tumor cells,,carcinoma_in_situ_FAHNSCC_15_2
43317,49652,3802.5768115942,205.408695652174,79.568115942029,601.440579710145,13.831884057971,829.707246376812,478.585507246377,211.298550724638,953.672463768116,1448.43188405797,401.266666666667,2629.8,974.486956521739,1384.5652173913,436.855072463768,192.452173913043,999.982608695652,1118.2115942029,2510.49275362319,404.428985507246,975.36231884058,834.785507246377,385.486956521739,4676.10144927536,575.663768115942,827.478260869565,302.840579710145,120.284057971014,1013.44927536232,413.017391304348,14270.231884058,8329.51304347826,345,23.3608333726697,18.8828504666035,0.588753871282425,0.966386554621849,0.756578947368421,0.0752937655612363,FAHNSCC_15,HN,1,FAHNSCC_15,tumor cells,,carcinoma_in_situ_FAHNSCC_15_2
43355,49691,10687.75,301.534482758621,102.387931034483,604.396551724138,87.0818965517241,2489.37931034483,601.987068965517,220.73275862069,964.76724137931,3701.1724137931,626.073275862069,195.780172413793,950.409482758621,2398.82327586207,458.525862068966,144.284482758621,1942.13362068966,1495.48706896552,589.01724137931,391.913793103448,992.991379310345,1099.36206896552,269.655172413793,9040.5,1325.4224137931,849.909482758621,325.896551724138,121.14224137931,1012.50431034483,412.793103448276,14280.3793103448,9105.59913793103,232,18.3549558209814,16.1185835584246,0.478367473557201,0.974789915966386,0.805555555555556,0.117619367843055,FAHNSCC_15,HN,1,FAHNSCC_15,effector CD8+ T cells,,carcinoma_in_situ_FAHNSCC_15_2
43379,49721,7452.15228426396,154.204737732657,72.072758037225,614.983079526227,11.1895093062606,1623.65989847716,486.340101522843,239.382402707276,953.089678510998,2676.70558375635,389.441624365482,2213.25042301184,959.071065989848,2392.54145516074,408.494077834179,169.688663282572,961.917089678511,1805.00676818951,844.219966159052,420.177664974619,1054.06429780034,1296.94247038917,343.111675126904,3195.95093062606,574.492385786802,989.834179357022,334.649746192893,124.14551607445,1005.17258883249,419.140439932318,13863.8037225042,8335.73942470389,591,37.4087629994165,20.2737217448741,0.840409996432287,0.95631067961165,0.668552036199095,-0.529268970597987,FAHNSCC_15,HN,1,FAHNSCC_15,tumor cells,,carcinoma_in_situ_FAHNSCC_15_2
43397,49741,30003.9928825623,414.79359430605,119.256227758007,609.423487544484,62.779359430605,6971.63701067616,831.672597864769,266.935943060498,975.02846975089,10291.8861209964,676.583629893239,170.804270462633,965.042704626334,7705.86832740214,454.096085409253,167.597864768683,1277.38790035587,4807.01067615658,706.797153024911,416.900355871886,963.373665480427,4304.90747330961,309.772241992883,6683.46263345196,1194.49466192171,1414.93238434164,343.480427046263,130.320284697509,1022.11743772242,420.163701067616,14833.0676156584,8883.98220640569,281,20.6822717497648,17.5026670934425,0.53276338755932,0.968965517241379,0.780555555555556,-0.549477460369602,FAHNSCC_15,HN,1,FAHNSCC_15,stromal cells,,carcinoma_in_situ_FAHNSCC_15_2
43405,49751,5970.46666666667,83.0466666666667,47.5266666666667,607.653333333333,30.9933333333333,1435.82666666667,551.0,212.146666666667,946.32,2347.77333333333,372.026666666667,4513.57333333333,946.886666666667,2287.26666666667,352.186666666667,137.233333333333,887.4,1891.34,736.5,411.086666666667,946.313333333333,1579.72,319.026666666667,1036.90666666667,576.753333333333,1301.36666666667,370.886666666667,124.233333333333,964.553333333333,423.28,14163.5466666667,8068.63333333333,150,15.8959619971491,12.049305787595,0.652242371991887,0.93167701863354,0.721153846153846,-0.31386022634105,FAHNSCC_15,HN,1,FAHNSCC_15,tumor cells,,carcinoma_in_situ_FAHNSCC_15_2
43406,49752,15824.0267857143,344.883928571429,110.321428571429,623.276785714286,269.107142857143,4210.21428571429,655.053571428571,233.160714285714,960.294642857143,5957.13392857143,514.928571428571,186.5625,952.455357142857,4474.71428571429,400.669642857143,148.151785714286,1035.5,3073.65178571429,700.232142857143,414.383928571429,954.214285714286,2598.71428571429,359.544642857143,2509.07142857143,1028.49107142857,1345.46428571429,334.580357142857,129.553571428571,1017.53571428571,423.321428571429,14605.2678571429,8354.5625,112,13.7642180013522,10.4563781314363,0.650299036158128,0.941176470588235,0.727272727272727,0.334983563628989,FAHNSCC_15,HN,1,FAHNSCC_15,stromal cells,,carcinoma_in_situ_FAHNSCC_15_2
43462,49814,17622.1214574899,258.481781376518,119.17004048583,607.068825910931,56.8502024291498,4663.1012145749,703.53036437247,233.919028340081,974.647773279352,6657.02024291498,610.080971659919,218.983805668016,949.303643724696,4522.28340080972,436.2995951417,279.534412955466,1095.87044534413,2802.4048582996,694.781376518219,456.125506072875,969.995951417004,2170.08502024292,343.396761133603,7901.61538461539,2854.07692307692,994.388663967611,335.526315789474,149.157894736842,1044.05263157895,418.514170040486,14662.3036437247,8554.82186234818,247,20.0558835008353,15.7198806877432,0.621008349059816,0.97244094488189,0.762345679012346,0.784576518682125,FAHNSCC_15,HN,1,FAHNSCC_15,endothelial cells,,carcinoma_in_situ_FAHNSCC_15_2
43476,49829,20411.9371428571,269.628571428571,111.671428571429,604.405714285714,142.851428571429,5138.72285714286,845.591428571429,203.871428571429,966.342857142857,7694.73142857143,494.374285714286,249.708571428571,964.028571428572,6129.40571428572,385.937142857143,345.788571428571,3025.98285714286,4263.78571428572,636.78,658.6,955.205714285714,3528.05714285714,446.717142857143,1392.68857142857,606.991428571429,1555.41714285714,318.622857142857,137.805714285714,1256.14285714286,417.348571428571,14263.6314285714,8759.30857142857,350,25.9225797317006,17.5669338865971,0.735366884239804,0.935828877005348,0.691699604743083,0.678971777948953,FAHNSCC_15,HN,1,FAHNSCC_15,effector CD8+ T cells,,carcinoma_in_situ_FAHNSCC_15_2
43500,49857,8792.66438356164,148.301369863014,68.2123287671233,603.736301369863,21.472602739726,2138.70890410959,418.006849315069,214.205479452055,941.585616438356,3326.72602739726,378.948630136986,571.715753424658,999.5,2396.91780821918,371.5,137.469178082192,982.88698630137,1923.00684931507,994.25,387.270547945206,977.993150684932,1515.32191780822,1473.18150684932,1603.40068493151,572.280821917808,880.0,291.86301369863,118.027397260274,1003.62671232877,413.414383561644,13661.2945205479,9128.1301369863,292,22.185399383458,16.8624134454274,0.649843477948095,0.95114006514658,0.780748663101604,-0.145232032453728,FAHNSCC_15,HN,1,FAHNSCC_15,Ki67+ tumor cells,,carcinoma_in_situ_FAHNSCC_15_2
43551,49915,12383.1823529412,225.835294117647,106.617647058824,612.047058823529,585.629411764706,2901.96470588235,492.6,199.947058823529,945.958823529412,5053.7,418.882352941176,280.341176470588,944.8,4194.32941176471,384.123529411765,262.494117647059,935.882352941176,1842.01764705882,672.229411764706,399.158823529412,1004.01176470588,2755.08823529412,353.170588235294,1728.40588235294,577.429411764706,1554.46470588235,333.829411764706,135.894117647059,998.229411764706,419.211764705882,13724.0941176471,8340.40588235294,170,23.5131380087351,9.23048329997059,0.91972338707278,0.955056179775281,0.821256038647343,0.103681899854754,FAHNSCC_15,HN,1,FAHNSCC_15,stromal cells,,carcinoma_in_situ_FAHNSCC_15_2
43568,49934,15639.3664122137,257.81679389313,346.625954198473,603.374045801527,76.7709923664122,3871.47328244275,702.664122137405,210.549618320611,975.793893129771,5627.68702290076,512.320610687023,367.152671755725,958.274809160305,4907.00763358779,534.870229007634,183.587786259542,1073.06870229008,2958.48091603053,582.083969465649,396.702290076336,982.618320610687,2595.03053435115,267.389312977099,6236.66412213741,1601.99236641221,906.381679389313,327.847328244275,131.045801526718,1087.80152671756,413.778625954199,14121.6870229008,9329.27480916031,131,15.8562943475496,10.7476628808424,0.73523082750088,0.949275362318841,0.727777777777778,1.11871028555409,FAHNSCC_15,HN,1,FAHNSCC_15,Unknown,,carcinoma_in_situ_FAHNSCC_15_2
43592,49960,14867.3644067797,391.957627118644,136.423728813559,612.271186440678,142.28813559322,3156.49152542373,1041.20338983051,261.923728813559,969.347457627119,5257.19491525424,690.940677966102,165.635593220339,959.491525423729,4792.32203389831,468.169491525424,193.576271186441,1385.28813559322,3939.42372881356,802.372881355932,430.940677966102,1141.59322033898,3912.74576271186,386.762711864407,5447.78813559322,1404.69491525424,2027.78813559322,425.550847457627,149.084745762712,1051.44915254237,425.152542372881,14868.093220339,8743.30508474576,118,14.483750351846,10.517918344964,0.687496709986202,0.907692307692308,0.702380952380952,-0.378999781604785,FAHNSCC_15,HN,1,FAHNSCC_15,stromal cells,,carcinoma_in_situ_FAHNSCC_15_2
43601,49972,16065.6923076923,257.483516483517,89.992673992674,604.886446886447,190.692307692308,4108.57509157509,3369.0989010989,205.934065934066,955.007326007326,5830.78754578755,752.080586080586,164.904761904762,943.161172161172,4366.19413919414,649.659340659341,2235.22344322344,1088.44688644689,3455.82783882784,598.542124542125,396.644688644689,974.619047619048,3119.11721611722,276.652014652015,2394.23076923077,730.461538461539,1296.80586080586,367.186813186813,292.058608058608,1039.72527472527,415.626373626374,13810.619047619,9727.17582417582,273,28.1997555051976,12.3570665802723,0.898878645829649,0.938144329896907,0.56875,-0.891025105577359,FAHNSCC_15,HN,1,FAHNSCC_15,dendritic cells,,carcinoma_in_situ_FAHNSCC_15_2
43602,49973,14466.5891891892,230.205405405405,82.8432432432432,605.47027027027,208.005405405405,3725.91351351351,471.859459459459,196.383783783784,958.227027027027,5284.20540540541,424.589189189189,168.102702702703,947.081081081081,3656.41081081081,410.572972972973,142.843243243243,972.12972972973,3194.0972972973,536.362162162162,384.654054054054,991.405405405405,2801.81081081081,263.145945945946,1439.35135135135,1970.78378378378,1393.72972972973,330.167567567568,124.875675675676,1010.57297297297,418.048648648649,13965.8486486486,9442.95135135135,185,21.1974427787751,11.1711130425371,0.849863507806006,0.948717948717949,0.642361111111111,-0.726795907196225,FAHNSCC_15,HN,1,FAHNSCC_15,endothelial cells,,carcinoma_in_situ_FAHNSCC_15_2
43605,49976,8611.50236966825,127.21327014218,72.7014218009479,612.715639810427,11.9857819905213,1983.43127962085,461.03317535545,218.184834123223,949.014218009479,3130.64928909953,416.127962085308,2136.08056872038,988.028436018957,2743.12322274882,408.345971563981,128.75355450237,956.649289099526,2239.32227488152,2035.91469194313,409.848341232228,961.454976303318,2132.99526066351,1833.15165876777,3607.23696682464,575.218009478673,1302.16113744076,317.54028436019,124.14691943128,1005.18483412322,423.099526066351,14447.8767772512,8244.76303317536,211,20.6622388169806,13.2717377885047,0.766437846697484,0.925438596491228,0.694078947368421,0.453173326645007,FAHNSCC_15,HN,1,FAHNSCC_15,Ki67+ tumor cells,,carcinoma_in_situ_FAHNSCC_15_2
43615,49986,11902.0365448505,234.445182724253,86.5415282392027,617.023255813954,19.1063122923588,3530.95348837209,581.269102990033,256.102990033223,961.385382059801,5765.70764119601,539.63122923588,557.714285714286,1159.31561461794,4220.77408637874,488.757475083057,173.009966777409,1067.6976744186,3020.7707641196,1270.55481727575,414.106312292359,1079.43853820598,2391.82392026578,6716.3023255814,5230.05980066445,585.498338870432,1194.52159468439,337.289036544851,124.481727574751,1033.85382059801,418.053156146179,14735.584717608,8464.81063122924,301,25.6692475376512,15.0119265855837,0.811162049592565,0.95859872611465,0.7525,-0.273146808210649,FAHNSCC_15,HN,1,FAHNSCC_15,Ki67+ tumor cells,,carcinoma_in_situ_FAHNSCC_15_2
43637,50008,12259.4850746269,264.666666666667,101.0,606.661691542289,205.92039800995,3143.85323383085,625.84328358209,202.888059701492,954.460199004975,4699.18905472637,458.02736318408,272.748756218906,972.644278606965,3210.46019900498,445.353233830846,189.669154228856,1081.82338308458,2336.82089552239,594.6592039801,390.537313432836,959.34328358209,1704.39552238806,349.514925373134,2295.32835820896,1005.8855721393,965.644278606965,310.577114427861,136.922885572139,1018.78109452736,409.228855721393,13914.1766169154,8791.51243781095,402,40.4569121818671,12.7294998940449,0.949209955038246,0.945882352941176,0.447163515016685,0.731994065180632,FAHNSCC_15,HN,1,FAHNSCC_15,stromal cells,,carcinoma_in_situ_FAHNSCC_15_2
43642,50013,17753.7386934673,297.663316582915,114.29648241206,622.412060301508,367.221105527638,4111.65829145729,768.718592964824,239.547738693467,960.376884422111,5961.09547738693,671.256281407035,155.904522613065,959.974874371859,5578.22613065327,501.211055276382,161.517587939699,1305.98994974874,3851.34170854271,678.688442211055,406.773869346734,974.221105527638,3702.70854271357,323.165829145729,10614.8090452261,2278.58793969849,1280.69346733668,346.638190954774,131.582914572864,1029.35175879397,417.185929648241,14726.7085427136,8956.02010050251,199,18.3436893201696,13.9717130903126,0.647973125357276,0.966019417475728,0.737037037037037,-0.43880856347636,FAHNSCC_15,HN,1,FAHNSCC_15,endothelial cells,,carcinoma_in_situ_FAHNSCC_15_2
43650,50021,4248.01886792453,153.858490566038,74.3160377358491,599.504716981132,18.5094339622642,1097.66037735849,373.566037735849,198.5,941.212264150943,1853.81132075472,390.627358490566,750.669811320755,994.981132075472,1314.4858490566,352.014150943396,141.165094339623,1054.49056603774,1145.36320754717,941.339622641509,384.183962264151,953.27358490566,804.028301886792,726.287735849057,3072.5,584.485849056604,799.740566037736,282.561320754717,114.377358490566,1007.58018867925,410.52358490566,13144.0660377358,9138.57075471698,212,19.2898787476894,13.9883962912419,0.688572334996172,0.972477064220184,0.785185185185185,-0.516642037874576,FAHNSCC_15,HN,1,FAHNSCC_15,tumor cells,,carcinoma_in_situ_FAHNSCC_15_2
43661,50033,6532.18289085546,255.784660766962,95.4896755162242,602.678466076696,8.64601769911504,1212.87315634218,506.206489675516,272.11209439528,950.693215339233,1832.08849557522,449.383480825959,2286.46607669617,967.884955752212,1467.69321533923,447.115044247788,153.256637168142,976.870206489676,1122.38643067847,1851.95575221239,415.713864306785,970.079646017699,749.566371681416,457.873156342183,1815.10324483776,572.156342182891,830.911504424779,312.339233038348,117.277286135693,992.938053097345,413.814159292035,13676.215339233,8064.76991150443,339,27.6524775343594,15.7174309188131,0.822758285201726,0.949579831932773,0.616363636363636,-0.903536367622077,FAHNSCC_15,HN,1,FAHNSCC_15,tumor cells,,carcinoma_in_situ_FAHNSCC_15_2
43745,50134,6592.47727272727,166.948051948052,70.8993506493507,598.678571428571,16.5584415584416,1539.50649350649,409.13961038961,212.422077922078,946.168831168831,2450.68506493507,382.25974025974,1390.58766233766,985.327922077922,1731.73376623377,367.896103896104,144.977272727273,995.818181818182,1437.49025974026,1362.36038961039,379.931818181818,962.675324675325,1086.28571428571,335.13961038961,2638.78571428571,579.318181818182,774.86038961039,274.181818181818,109.665584415584,983.415584415584,411.308441558442,13772.8214285714,9167.51298701299,308,25.2001297302977,15.6046625711473,0.785210088715404,0.956521739130435,0.754901960784314,-0.282504243227612,FAHNSCC_15,HN,1,FAHNSCC_15,tumor cells,,carcinoma_in_situ_FAHNSCC_15_2
43758,50148,9012.21678321678,212.36013986014,84.3846153846154,604.975524475525,11.9300699300699,2108.4965034965,568.972027972028,231.437062937063,954.590909090909,3765.33216783217,422.730769230769,2717.85314685315,956.828671328671,2996.61188811189,427.814685314685,176.0,922.468531468532,3115.58041958042,785.115384615385,417.832167832168,962.608391608392,2657.82867132867,357.636363636364,559.283216783217,575.531468531469,1683.96853146853,379.272727272727,134.437062937063,978.181818181818,422.657342657343,13930.7832167832,8397.61188811189,286,28.4387089338008,12.8332850814427,0.892391929582598,0.950166112956811,0.758620689655172,0.105086081537641,FAHNSCC_15,HN,1,FAHNSCC_15,tumor cells,,carcinoma_in_situ_FAHNSCC_15_2
43785,50179,7896.21212121212,125.030303030303,69.9191919191919,604.868686868687,477.343434343434,1870.27272727273,620.262626262626,194.737373737374,958.272727272727,3094.21212121212,438.878787878788,359.474747474747,937.10101010101,2444.37373737374,510.929292929293,458.161616161616,1195.9494949495,2084.9696969697,531.454545454546,391.232323232323,956.080808080808,1416.42424242424,239.313131313131,3121.0202020202,1280.65656565657,850.454545454546,312.080808080808,169.666666666667,1033.34343434343,411.858585858586,13809.5555555556,9633.80808080808,99,11.9503933173577,10.5917776062914,0.463088489389004,0.942857142857143,0.75,-1.26473028829508,FAHNSCC_15,HN,1,FAHNSCC_15,stromal cells,,carcinoma_in_situ_FAHNSCC_15_2
43901,50319,12797.8196721311,206.945355191257,93.5191256830601,606.92349726776,53.0928961748634,3416.86338797814,654.655737704918,204.060109289618,950.20218579235,5044.6174863388,457.819672131148,545.622950819672,937.256830601093,4538.1912568306,439.765027322404,150.20218579235,1084.34972677596,4075.82513661202,590.196721311475,387.967213114754,939.114754098361,4115.79781420765,282.792349726776,5606.99453551913,1780.86885245902,2053.3825136612,363.68306010929,147.803278688525,1036.81967213115,420.245901639344,14243.1803278689,9271.43715846995,183,17.7334532585447,13.221160457892,0.666450681452755,0.963157894736842,0.717647058823529,-0.636095634612499,FAHNSCC_15,HN,1,FAHNSCC_15,endothelial cells,,carcinoma_in_situ_FAHNSCC_15_2
43948,50376,5852.62605042017,151.873949579832,83.3193277310924,595.659663865546,16.5126050420168,1271.47058823529,566.831932773109,206.840336134454,936.109243697479,2089.57142857143,398.09243697479,2229.34033613445,957.752100840336,1779.48739495798,375.966386554622,134.81512605042,1039.96218487395,1276.41176470588,1215.99159663866,389.415966386555,956.365546218487,917.029411764706,470.865546218487,2711.0,573.323529411765,812.260504201681,274.09243697479,112.924369747899,1001.99579831933,411.100840336134,13240.8697478992,8867.59243697479,238,20.4876821870325,14.8102165297194,0.690969465031557,0.948207171314741,0.74375,1.1230451124163,FAHNSCC_15,HN,1,FAHNSCC_15,tumor cells,,carcinoma_in_situ_FAHNSCC_15_2
44002,50434,20453.6164874552,280.89247311828,96.7956989247312,616.240143369176,575.68458781362,5029.67025089606,2635.51971326165,214.329749103943,953.462365591398,8099.76344086022,577.964157706093,660.071684587814,948.010752688172,5732.34408602151,741.709677419355,3538.10752688172,1090.79569892473,4701.32616487455,1282.47670250896,409.26164874552,1018.50537634409,3844.31899641577,386.218637992832,4749.02150537634,688.150537634409,1807.81720430108,350.26523297491,821.060931899642,1030.85304659498,423.132616487455,13889.9032258065,8523.74910394265,279,27.6613113700452,13.2048727065725,0.878698605279236,0.948979591836735,0.577639751552795,-0.845432800618568,FAHNSCC_15,HN,1,FAHNSCC_15,dendritic cells,,carcinoma_in_situ_FAHNSCC_15_2
44027,50460,4302.1511627907,129.418604651163,78.7790697674419,602.773255813954,23.5174418604651,1050.25,394.494186046512,203.494186046512,940.563953488372,1753.47093023256,363.122093023256,640.011627906977,1045.47674418605,1332.99418604651,363.203488372093,132.156976744186,969.540697674419,1177.5523255814,750.947674418605,382.860465116279,945.906976744186,915.895348837209,247.912790697674,3040.62790697674,582.232558139535,818.139534883721,320.982558139535,116.209302325581,999.779069767442,411.325581395349,14037.5058139535,9307.04651162791,172,15.851058661621,13.7945706898518,0.492589500752597,0.971751412429379,0.819047619047619,0.512120537745705,FAHNSCC_15,HN,1,FAHNSCC_15,tumor cells,,carcinoma_in_situ_FAHNSCC_15_2
44056,50491,7302.38626126126,149.617117117117,69.9718468468468,600.182432432432,20.2927927927928,1733.21509009009,440.918918918919,228.259009009009,951.817567567568,2655.23986486487,399.664414414414,1027.5472972973,1041.32995495496,1739.04279279279,380.317567567568,175.202702702703,1057.15202702703,1512.34459459459,735.29954954955,396.31981981982,1101.19594594595,1113.00788288288,293.147522522523,2311.12837837838,580.476351351351,761.963963963964,271.542792792793,109.951576576577,981.506756756757,408.934684684685,13426.2691441441,9584.46171171171,888,40.9528445942539,27.6732392890941,0.737145330200788,0.970491803278689,0.725490196078431,0.928778185286667,FAHNSCC_15,HN,1,FAHNSCC_15,tumor cells,,carcinoma_in_situ_FAHNSCC_15_2
44058,50494,4683.55371900826,106.859504132231,63.8842975206612,603.756198347107,22.7479338842975,1147.54132231405,399.673553719008,175.743801652893,945.842975206612,1870.14049586777,368.45867768595,1421.26859504132,981.727272727273,1498.54545454545,388.847107438017,118.157024793388,1020.26033057851,1380.56198347107,1688.44628099174,373.252066115702,958.425619834711,1200.69834710744,1683.35537190083,3395.56198347107,582.842975206612,842.057851239669,281.367768595041,113.545454545455,1011.53305785124,411.173553719008,14144.0785123967,9150.65702479339,242,21.5121834742676,14.3361855067667,0.745575040485495,0.952755905511811,0.670360110803324,0.70368755628657,FAHNSCC_15,HN,1,FAHNSCC_15,Ki67+ tumor cells,,carcinoma_in_situ_FAHNSCC_15_2
44085,50523,36961.7128712871,514.742574257426,150.019801980198,615.292079207921,251.09900990099,8962.94059405941,843.881188118812,272.480198019802,951.772277227723,12727.7722772277,653.306930693069,202.331683168317,1083.26732673267,11184.4702970297,579.475247524753,214.450495049505,1093.45544554455,6732.59405940594,785.69801980198,447.90099009901,969.331683168317,6170.78712871287,391.069306930693,4836.83663366337,1347.58415841584,2042.57920792079,345.242574257426,162.910891089109,1020.35148514851,423.975247524753,14702.1089108911,8561.9801980198,202,18.0073474823196,14.5743152350232,0.587321390239584,0.966507177033493,0.848739495798319,1.45691185123557,FAHNSCC_15,HN,1,FAHNSCC_15,stromal cells,,carcinoma_in_situ_FAHNSCC_15_2
44104,50543,9805.19090909091,178.524242424242,91.0606060606061,607.139393939394,9.75757575757576,2334.22121212121,550.163636363636,219.366666666667,952.918181818182,4014.02424242424,428.80303030303,2493.42424242424,950.633333333333,3882.86666666667,389.10303030303,141.60303030303,920.030303030303,3031.48787878788,814.50303030303,423.081818181818,968.312121212121,2707.64545454545,368.7,777.021212121212,574.218181818182,1581.67575757576,376.248484848485,130.521212121212,989.175757575758,425.554545454546,14142.596969697,8338.04242424243,330,30.5951652845275,14.0759501197109,0.887882097949527,0.9375,0.669371196754564,-0.285218558462094,FAHNSCC_15,HN,1,FAHNSCC_15,tumor cells,,carcinoma_in_situ_FAHNSCC_15_2
44208,50657,8911.22653061224,174.895918367347,74.1734693877551,606.255102040816,15.6285714285714,2352.31020408163,460.075510204082,234.495918367347,961.84693877551,4063.12448979592,454.381632653061,1192.70204081633,1101.32448979592,2346.84285714286,375.438775510204,154.834693877551,1106.94489795918,2262.73265306122,1389.24693877551,358.902040816327,1002.40612244898,1429.14489795918,428.322448979592,3287.72857142857,575.604081632653,915.963265306122,299.755102040816,118.363265306122,1013.0612244898,414.165306122449,13555.9306122449,8456.0612244898,490,31.301016222397,20.1956548768965,0.76400726330421,0.95703125,0.777777777777778,-1.31638986198397,FAHNSCC_15,HN,1,FAHNSCC_15,tumor cells,,carcinoma_in_situ_FAHNSCC_15_2
44232,50686,14401.5405405405,150.068278805121,69.7837837837838,602.547652916074,22.4637268847795,3619.48079658606,484.423897581792,223.213371266003,954.192034139403,5125.59743954481,478.796586059744,1089.88904694168,998.146514935989,4028.24466571835,420.655761024182,146.305832147937,1071.58605974395,2700.5960170697,1595.7453769559,393.778093883357,975.352773826458,2182.3399715505,1539.58321479374,4001.74822190612,585.364153627312,1147.74964438122,306.615931721195,117.364153627312,1016.30725462304,413.968705547653,14506.6315789474,8563.2560455192,703,43.5952338846711,21.2958943474562,0.872568741041315,0.959072305593452,0.727743271221532,1.34203375198825,FAHNSCC_15,HN,1,FAHNSCC_15,Ki67+ tumor cells,,carcinoma_in_situ_FAHNSCC_15_2
44340,50804,6866.41129032258,133.370967741936,48.4193548387097,598.532258064516,45.5564516129032,1877.67741935484,730.08064516129,162.443548387097,947.129032258064,3060.16935483871,384.032258064516,141.508064516129,939.75,2431.09677419355,315.91935483871,268.491935483871,960.258064516129,2695.29032258065,483.653225806452,375.233870967742,953.225806451613,2589.79838709677,217.782258064516,1305.28225806452,1193.00806451613,1473.17741935484,313.16935483871,165.911290322581,1028.34677419355,418.604838709677,13859.0161290323,9578.75806451613,124,14.8021778596528,10.6960953964441,0.691263459961276,0.953846153846154,0.681318681318681,-0.626999544930897,FAHNSCC_15,HN,1,FAHNSCC_15,stromal cells,,carcinoma_in_situ_FAHNSCC_15_2
44404,50875,9686.95367847411,149.719346049046,67.6348773841962,600.307901907357,21.6566757493188,2473.16621253406,472.108991825613,228.128065395095,948.207084468665,3776.78474114441,435.871934604905,679.970027247956,1095.57765667575,2984.1553133515,425.305177111717,153.773841961853,977.588555858311,2474.1961852861,1315.92098092643,391.465940054496,976.858310626703,2162.44959128065,564.91825613079,2792.77111716621,581.438692098093,1109.80653950954,327.299727520436,121.621253405995,1029.25340599455,416.743869209809,13740.0871934605,9407.71117166213,367,24.5099450975954,19.1721638516575,0.623002581407406,0.95822454308094,0.772631578947368,-0.0274541551308093,FAHNSCC_15,HN,1,FAHNSCC_15,tumor cells,,carcinoma_in_situ_FAHNSCC_15_2
44410,50883,12259.7696737044,143.272552783109,71.5182341650672,605.666026871401,16.9769673704415,2861.32437619962,437.525911708253,198.690978886756,942.404990403071,4317.32629558541,411.612284069098,926.710172744722,1279.30518234165,2673.29558541267,403.451055662188,131.307101727447,1035.61612284069,1647.55086372361,1056.19385796545,383.857965451056,992.512476007678,1044.20537428023,3452.09213051823,2011.54318618042,574.493282149712,753.99424184261,257.007677543186,109.717850287908,996.562380038388,408.804222648752,13702.9136276392,9051.21497120921,521,30.4656379171482,22.1361941947672,0.687065526420144,0.954212454212454,0.715659340659341,0.962303862676893,FAHNSCC_15,HN,1,FAHNSCC_15,Ki67+ tumor cells,,carcinoma_in_situ_FAHNSCC_15_2
44413,50886,11348.5431654676,238.931654676259,72.8525179856115,604.978417266187,216.647482014389,2835.71223021583,491.39928057554,187.10071942446,960.482014388489,4003.82374100719,441.298561151079,164.194244604317,940.68345323741,3285.3381294964,433.208633093525,129.41726618705,1036.76618705036,2923.86330935252,525.928057553957,382.643884892086,958.194244604316,2748.23741007194,218.989208633094,1605.03597122302,789.773381294964,1301.11510791367,304.888489208633,120.395683453237,1004.97482014388,413.10071942446,13975.2841726619,9660.81654676259,278,26.199198346041,13.6935191293514,0.852535456338747,0.948805460750853,0.741333333333333,-1.27354367333247,FAHNSCC_15,HN,1,FAHNSCC_15,stromal cells,,carcinoma_in_situ_FAHNSCC_15_2
44454,50932,7665.95530726257,162.564245810056,78.9944134078212,619.86592178771,18.6983240223464,1980.98324022346,430.77094972067,194.787709497207,942.195530726257,3266.67597765363,382.240223463687,1883.73184357542,968.162011173184,2484.94413407821,383.871508379888,124.005586592179,967.530726256983,2267.24022346369,991.888268156425,381.642458100559,947.184357541899,1976.09497206704,809.039106145251,2104.41899441341,575.435754189944,1212.16759776536,295.826815642458,116.748603351955,1002.40223463687,417.374301675978,13543.9553072626,8820.86033519553,179,19.0022078331014,12.0317073779042,0.774009338950325,0.917948717948718,0.724696356275304,0.0069762485055872,FAHNSCC_15,HN,1,FAHNSCC_15,Ki67+ tumor cells,,carcinoma_in_situ_FAHNSCC_15_2
44457,50935,9358.82197802198,127.279120879121,72.4549450549451,601.213186813187,16.4725274725275,2298.07252747253,420.120879120879,220.89010989011,947.859340659341,3485.77802197802,385.874725274725,1448.76923076923,1087.75384615385,2418.18241758242,358.78021978022,154.925274725275,1035.9956043956,1998.13186813187,650.318681318681,386.140659340659,1085.54065934066,1532.66153846154,326.632967032967,2238.07912087912,579.567032967033,790.21978021978,252.167032967033,108.868131868132,991.428571428571,409.215384615385,13264.5318681319,9459.81098901099,455,28.1231952153881,20.7358376306665,0.675541964170251,0.966029723991507,0.8125,-0.148228445213614,FAHNSCC_15,HN,1,FAHNSCC_15,tumor cells,,carcinoma_in_situ_FAHNSCC_15_2
44486,50970,9423.95779220779,143.662337662338,79.9805194805195,610.86038961039,226.227272727273,2150.16883116883,466.863636363636,186.467532467533,956.451298701299,3161.44480519481,408.133116883117,165.159090909091,942.392857142857,2374.22727272727,431.237012987013,142.288961038961,1096.86038961039,1667.22402597403,521.775974025974,380.470779220779,958.188311688312,1341.31168831169,218.279220779221,971.551948051948,1109.68831168831,797.837662337662,295.775974025974,198.334415584416,1001.96428571429,410.62012987013,14108.7272727273,9625.66233766234,308,28.4409038281634,13.8544147825983,0.873329522896824,0.959501557632399,0.611111111111111,-0.707627185756243,FAHNSCC_15,HN,1,FAHNSCC_15,stromal cells,,carcinoma_in_situ_FAHNSCC_15_2
44503,50987,4131.44712990937,117.247734138973,72.7552870090634,614.894259818731,9.22356495468278,1001.42900302115,428.341389728097,206.356495468278,954.093655589124,1747.29003021148,403.027190332326,2288.87311178248,947.259818731118,1956.51963746224,405.785498489426,127.501510574018,913.181268882175,1630.61027190332,1228.55891238671,415.870090634441,955.2416918429,1413.12084592145,354.36253776435,3446.61329305136,573.761329305136,1312.36555891239,392.238670694864,131.990936555891,1009.05740181269,424.767371601209,14218.7401812689,8124.44410876133,331,25.8126684363078,16.3960315617739,0.772353283084338,0.940340909090909,0.735555555555556,-0.281430635398,FAHNSCC_15,HN,1,FAHNSCC_15,tumor cells,,carcinoma_in_situ_FAHNSCC_15_2
44521,51007,9990.25980392157,149.522058823529,72.2696078431373,601.884803921569,15.2303921568627,2652.87745098039,540.31862745098,224.5,951.789215686274,4522.61519607843,458.950980392157,777.355392156863,1048.39705882353,3396.41176470588,395.014705882353,171.080882352941,1040.61519607843,2601.55147058824,1566.35294117647,403.96568627451,1119.53676470588,2029.77941176471,785.365196078431,2559.73039215686,578.075980392157,1098.71568627451,304.595588235294,120.264705882353,1007.10049019608,414.436274509804,13792.3308823529,8449.51960784314,408,30.5699897133731,17.0831933314319,0.829287397093484,0.964539007092198,0.686868686868687,-0.565162894818792,FAHNSCC_15,HN,1,FAHNSCC_15,Ki67+ tumor cells,,carcinoma_in_situ_FAHNSCC_15_2
44562,51060,8318.6125,233.745833333333,76.8125,603.195833333333,56.3333333333333,2053.89166666667,725.5875,212.75,946.558333333333,3491.49583333333,450.533333333333,1583.15833333333,952.204166666667,3517.02083333333,580.458333333333,136.9,1033.15833333333,2673.70833333333,3099.14166666667,409.8625,960.429166666667,2272.0,3913.35,6014.3875,575.283333333333,1357.33333333333,349.283333333333,147.258333333333,1020.54166666667,420.958333333333,14059.4666666667,8292.52083333333,240,27.8084478078134,11.3372031367776,0.913120767928858,0.9375,0.710059171597633,-1.31738359110166,FAHNSCC_15,HN,1,FAHNSCC_15,Ki67+ tumor cells,,carcinoma_in_situ_FAHNSCC_15_2
44644,51154,7162.26431718062,146.422907488987,75.8546255506608,598.779735682819,21.9339207048458,1536.61674008811,439.916299559471,216.4140969163,949.696035242291,2456.14537444934,481.867841409692,1063.35242290749,1025.66079295154,1960.99559471366,402.511013215859,129.740088105727,1032.03964757709,1397.67400881057,2275.8986784141,390.722466960353,967.233480176211,1038.5154185022,805.837004405286,3652.80176211454,574.127753303965,877.339207048458,296.726872246696,132.863436123348,1020.54625550661,410.95154185022,14495.845814978,8693.42290748899,227,20.3317732303264,14.2678256810758,0.712423100435404,0.953781512605042,0.700617283950617,0.756188412445244,FAHNSCC_15,HN,1,FAHNSCC_15,Ki67+ tumor cells,,carcinoma_in_situ_FAHNSCC_15_2
44664,51179,12094.0755813954,352.78488372093,109.947674418605,606.56976744186,152.744186046512,3104.56976744186,724.18023255814,196.56976744186,1096.98837209302,4476.93604651163,967.290697674419,330.482558139535,952.5,2820.6976744186,559.709302325581,439.162790697674,1289.71511627907,1676.62209302326,525.337209302326,387.720930232558,986.906976744186,1270.8488372093,235.912790697674,5031.86627906977,984.424418604651,756.587209302326,256.982558139535,222.377906976744,1002.11046511628,413.453488372093,14239.5813953488,9204.27906976745,172,17.4614820130752,12.5485255680902,0.695381942161145,0.960893854748603,0.767857142857143,0.633297497398813,FAHNSCC_15,HN,1,FAHNSCC_15,M2 macrophages,,carcinoma_in_situ_FAHNSCC_15_2
44684,51206,22162.1570680628,393.647469458988,124.303664921466,614.636998254799,124.743455497382,5096.11867364747,825.509598603839,269.799301919721,968.717277486911,7809.78184991274,750.307155322862,177.204188481675,965.895287958115,6412.21815008726,534.553228621291,346.692844677138,1393.51832460733,4163.60907504363,787.493891797557,425.235602094241,973.813263525305,3967.69109947644,382.994764397906,10293.15008726,1888.58987783595,1333.05410122164,381.488656195462,145.802792321117,1039.70506108202,422.949389179756,14827.612565445,8669.62827225131,573,33.8451788811901,21.882587681219,0.762871931357425,0.95819397993311,0.702205882352941,1.24809366669904,FAHNSCC_15,HN,1,FAHNSCC_15,endothelial cells,,carcinoma_in_situ_FAHNSCC_15_2
44747,51279,9190.55434782609,231.130434782609,94.0706521739131,605.396739130435,196.864130434783,2182.27717391304,4240.51630434783,182.255434782609,952.244565217391,3192.23913043478,466.141304347826,242.902173913043,944.315217391304,2013.05434782609,543.125,595.125,1000.78260869565,1433.52717391304,602.108695652174,379.907608695652,982.184782608696,982.576086956522,265.614130434783,1210.85869565217,593.972826086957,782.510869565217,273.695652173913,179.532608695652,978.451086956522,405.880434782609,13603.4836956522,9389.77173913043,184,20.8502984554126,11.4166630894127,0.836770387705796,0.953367875647669,0.73015873015873,-1.48534122193195,FAHNSCC_15,HN,1,FAHNSCC_15,M2 macrophages,,carcinoma_in_situ_FAHNSCC_15_2
44766,51301,7697.60754716981,456.675471698113,124.524528301887,621.588679245283,694.581132075472,1709.0641509434,4158.75849056604,198.811320754717,962.139622641509,2576.4641509434,440.147169811321,2978.06037735849,961.343396226415,2279.07547169811,606.011320754717,157.596226415094,1158.69433962264,1680.74339622642,3696.98490566038,406.916981132076,1000.69056603774,1175.21509433962,955.709433962264,2410.87169811321,573.807547169811,729.588679245283,254.31320754717,187.411320754717,997.366037735849,415.501886792453,13481.2754716981,8194.16981132076,265,25.7837749974489,13.1118808041808,0.86104295066476,0.970695970695971,0.669191919191919,-0.957814436601263,FAHNSCC_15,HN,1,FAHNSCC_15,Ki67+ tumor cells,,carcinoma_in_situ_FAHNSCC_15_2
44815,51362,12794.0813953488,296.011627906977,87.8953488372093,608.046511627907,156.232558139535,2843.32558139535,1914.10465116279,217.616279069767,958.843023255814,4437.54651162791,510.401162790698,3260.84302325581,958.360465116279,3213.4476744186,487.883720930233,369.674418604651,919.151162790698,2886.08139534884,937.220930232558,425.593023255814,965.052325581395,1996.63372093023,376.116279069767,1145.71511627907,585.552325581395,1246.9011627907,380.43023255814,156.697674418605,978.627906976744,423.511627906977,13937.6860465116,8366.06976744186,172,27.5175738928518,8.25257066716859,0.953970070050598,0.939890710382514,0.735042735042735,0.136373212228038,FAHNSCC_15,HN,1,FAHNSCC_15,tumor cells,,carcinoma_in_situ_FAHNSCC_15_2
44864,51415,6961.41328413284,220.217712177122,79.7453874538745,600.50184501845,15.8487084870849,2000.61254612546,685.974169741697,215.040590405904,957.907749077491,2988.30627306273,383.221402214022,2802.26568265683,1000.88191881919,2341.09225092251,419.118081180812,117.0036900369,1073.9520295203,2017.56826568266,2025.24354243542,392.712177121771,956.39852398524,1651.23247232472,422.261992619926,2312.09225092251,572.520295202952,1142.93726937269,294.317343173432,119.988929889299,1013.77859778598,412.258302583026,13295.0922509225,8792.14022140222,271,22.72783138384,15.2096813771062,0.743073753977107,0.9644128113879,0.724598930481283,0.473481900251803,FAHNSCC_15,HN,1,FAHNSCC_15,tumor cells,,carcinoma_in_situ_FAHNSCC_15_2
44932,51498,8014.82711864407,160.271186440678,80.5559322033898,594.840677966102,19.2610169491525,1741.38305084746,485.454237288136,212.261016949153,954.230508474576,2843.10508474576,407.877966101695,1268.55254237288,1019.63389830508,2009.86101694915,405.623728813559,155.725423728814,1071.19322033898,1603.5186440678,1252.69152542373,391.494915254237,1013.94576271186,1193.82033898305,525.2,3981.49830508475,578.064406779661,848.742372881356,293.949152542373,125.372881355932,1017.61355932203,412.162711864407,13849.8305084746,8591.90847457627,295,20.9496979490536,18.6486118691308,0.455645401397559,0.924764890282132,0.702380952380952,0.395612545548554,FAHNSCC_15,HN,1,FAHNSCC_15,tumor cells,,carcinoma_in_situ_FAHNSCC_15_2
44937,51506,8524.59217877095,128.939944134078,61.141061452514,602.421787709497,12.8854748603352,2129.99860335196,427.787709497207,228.279329608939,958.791899441341,3671.87290502793,385.912011173184,2697.25558659218,1059.56005586592,2607.53910614525,344.293296089386,159.610335195531,1066.59217877095,1434.82960893855,1366.8812849162,412.892458100559,1053.42597765363,1479.37709497207,417.884078212291,2024.5782122905,571.058659217877,873.769553072626,275.280726256983,109.104748603352,979.33938547486,411.252793296089,13666.3310055866,8447.11312849162,716,39.641419098351,23.2481651486181,0.809977121504845,0.963660834454912,0.819221967963387,-0.0935049037803434,FAHNSCC_15,HN,1,FAHNSCC_15,tumor cells,,carcinoma_in_situ_FAHNSCC_15_2
44964,51535,16679.1694915254,752.279661016949,211.050847457627,612.254237288136,237.559322033898,3548.75423728814,638.237288135593,230.720338983051,956.949152542373,4927.39830508475,503.686440677966,215.033898305085,962.389830508475,4504.50847457627,442.847457627119,140.940677966102,1023.55084745763,3206.20338983051,710.669491525424,421.406779661017,960.974576271186,3060.86440677966,373.432203389831,2543.97457627119,1437.88983050847,1700.8813559322,371.78813559322,157.203389830508,1026.29661016949,423.177966101695,14554.7711864407,8270.31355932203,118,16.7596447008796,9.069885889048,0.840910564348154,0.944,0.77124183006536,0.128711033072857,FAHNSCC_15,HN,1,FAHNSCC_15,CD4+ T cells,,carcinoma_in_situ_FAHNSCC_15_2
44981,51552,13089.3258928571,111.553571428571,57.8169642857143,605.066964285714,108.308035714286,3175.11160714286,597.785714285714,207.46875,961.455357142857,4610.47767857143,545.263392857143,142.169642857143,954.723214285714,3570.27232142857,424.513392857143,142.825892857143,1340.67410714286,2174.90178571429,612.285714285714,392.808035714286,999.232142857143,1794.89285714286,261.316964285714,5080.67410714286,1442.9375,896.160714285714,296.598214285714,118.950892857143,1033.90625,410.825892857143,14619.8392857143,9068.20089285714,224,17.8126332201079,16.3796813937826,0.392963234805748,0.921810699588477,0.691358024691358,0.0120023553574678,FAHNSCC_15,HN,1,FAHNSCC_15,stromal cells,,carcinoma_in_situ_FAHNSCC_15_2
45103,51694,5898.76704545455,159.272727272727,84.4147727272727,650.573863636364,25.7272727272727,1428.05113636364,524.8125,198.5,942.238636363636,2375.26704545455,453.954545454545,1193.59659090909,956.227272727273,2357.04545454545,493.625,126.443181818182,1092.17045454545,1987.23863636364,1356.30113636364,389.3125,953.488636363636,1756.67045454545,586.926136363636,4389.59659090909,588.5,1147.66477272727,304.602272727273,135.3125,1030.19886363636,415.511363636364,14430.5397727273,8852.72727272727,176,16.6159453989812,13.5030118704108,0.582746714056428,0.941176470588235,0.739495798319328,0.008638782369457,FAHNSCC_15,HN,1,FAHNSCC_15,tumor cells,,carcinoma_in_situ_FAHNSCC_15_2
45117,51713,11041.6761904762,268.766666666667,112.614285714286,609.442857142857,219.871428571429,2577.56666666667,495.185714285714,210.580952380952,948.9,4308.92857142857,447.857142857143,325.142857142857,945.309523809524,4386.3,413.385714285714,129.3,966.304761904762,3200.39523809524,788.442857142857,416.914285714286,962.204761904762,2904.37142857143,408.685714285714,2098.85714285714,1507.79523809524,1711.54761904762,376.061904761905,135.957142857143,1004.6,421.680952380952,14007.3,8252.2380952381,210,24.0374940983309,11.1459768694897,0.885996827865362,0.954545454545455,0.795454545454545,0.0680740943213611,FAHNSCC_15,HN,1,FAHNSCC_15,stromal cells,,carcinoma_in_situ_FAHNSCC_15_2
45148,51747,11336.479338843,172.504132231405,70.9338842975207,604.429752066116,265.99173553719,2770.89256198347,489.239669421488,192.867768595041,1051.04958677686,4724.47107438017,440.644628099174,483.876033057851,945.495867768595,3346.56198347107,959.851239669422,301.96694214876,1023.02479338843,3605.57024793388,976.330578512397,388.826446280992,958.851239669422,2954.98347107438,342.495867768595,1756.29752066116,585.388429752066,1811.13223140496,336.02479338843,135.834710743802,1003.97520661157,416.140495867769,13897.3636363636,8824.8347107438,121,14.1055388464333,11.0057062862936,0.625480191328396,0.937984496124031,0.715976331360947,0.713210717445341,FAHNSCC_15,HN,1,FAHNSCC_15,stromal cells,,carcinoma_in_situ_FAHNSCC_15_2
45164,51764,4765.84236453202,136.295566502463,65.9310344827586,603.108374384236,82.4729064039409,1172.1724137931,391.384236453202,191.23645320197,944.07881773399,2218.53694581281,380.448275862069,1510.08866995074,946.635467980296,2334.66502463054,423.536945812808,140.541871921182,968.911330049261,1691.90640394089,2441.15763546798,260.714285714286,992.330049261084,1634.50246305419,409.674876847291,2028.90147783251,578.487684729064,1270.14778325123,321.428571428571,120.251231527094,994.866995073892,418.783251231527,13746.1428571429,8389.10344827586,203,19.0432323735083,13.5940587067795,0.700296103851207,0.948598130841122,0.763157894736842,-0.0604192790689389,FAHNSCC_15,HN,1,FAHNSCC_15,tumor cells,,carcinoma_in_situ_FAHNSCC_15_2
45200,51804,3889.71111111111,147.62962962963,84.2296296296296,605.474074074074,15.9333333333333,1030.01481481481,440.488888888889,206.562962962963,941.355555555556,1707.17037037037,429.851851851852,1552.59259259259,954.57037037037,1417.9037037037,467.4,144.451851851852,1059.51851851852,1240.79259259259,2046.75555555556,403.385185185185,956.340740740741,912.755555555556,534.007407407407,3368.17777777778,575.103703703704,870.762962962963,307.088888888889,118.659259259259,1042.43703703704,409.837037037037,13288.7851851852,8567.42222222222,135,14.6934124421973,11.7054116695462,0.604449433069584,0.944055944055944,0.75,0.0636449508377768,FAHNSCC_15,HN,1,FAHNSCC_15,tumor cells,,carcinoma_in_situ_FAHNSCC_15_2
45326,51946,7657.30183356841,144.406205923836,78.5966149506347,600.403385049365,17.9732016925247,1881.73906911142,409.815232722144,197.521861777151,952.887165021156,2795.02679830748,365.393511988717,2779.86177715092,1005.04936530324,2136.80112834979,364.712270803949,127.472496473907,1026.28631875882,1740.37940761636,760.499294781382,380.526093088858,1004.8053596615,1428.52468265162,280.170662905501,3696.41748942172,579.708039492243,801.143864598025,264.847672778561,109.575458392102,992.928067700987,409.858956276446,13860.7009873061,9197.30042313117,709,36.0353108733488,26.3288971072876,0.682761199706924,0.937830687830688,0.6930596285435,-0.826183291259706,FAHNSCC_15,HN,1,FAHNSCC_15,tumor cells,,carcinoma_in_situ_FAHNSCC_15_2
45346,51966,9842.74440894569,147.555910543131,72.5686900958467,601.97124600639,56.0031948881789,2384.82108626198,560.099041533546,228.351437699681,943.14696485623,3612.07987220447,398.488817891374,832.325878594249,1035.55271565495,2875.00638977636,432.939297124601,164.335463258786,1015.22044728435,2068.17571884984,1168.86900958466,391.984025559105,1140.41533546326,1654.68051118211,401.488817891374,2307.65814696486,575.980830670927,971.884984025559,302.913738019169,143.552715654952,996.952076677316,413.568690095847,13831.7060702875,8815.43769968051,313,23.9178540749021,16.6896063036774,0.716303739160543,0.957186544342508,0.748803827751196,-0.457866969735475,FAHNSCC_15,HN,1,FAHNSCC_15,tumor cells,,carcinoma_in_situ_FAHNSCC_15_2
45363,51986,22183.5633187773,418.965065502183,130.497816593886,610.0,71.7903930131004,5695.48908296943,844.152838427948,245.275109170306,968.637554585153,7858.47598253275,594.288209606987,236.353711790393,952.441048034934,5793.3231441048,477.576419213974,218.262008733624,1175.92139737991,3764.24890829694,610.004366812227,398.353711790393,967.17903930131,3308.76855895197,298.275109170306,6529.93013100437,1231.91703056769,983.56768558952,326.781659388646,138.528384279476,1025.27510917031,412.558951965066,14207.0349344978,9235.1615720524,229,18.1800088804135,16.3205424425823,0.440568151116505,0.966244725738397,0.753289473684211,0.167237175531179,FAHNSCC_15,HN,1,FAHNSCC_15,stromal cells,,carcinoma_in_situ_FAHNSCC_15_2
45377,52002,23527.3843843844,201.327327327327,77.6696696696697,612.534534534535,79.4684684684685,6062.78378378378,623.387387387387,226.234234234234,957.657657657658,8500.37237237237,545.186186186186,159.432432432432,949.45945945946,6573.5945945946,403.942942942943,142.891891891892,1144.86186186186,4599.45645645646,659.174174174174,393.015015015015,959.750750750751,4465.83783783784,295.33033033033,3542.14114114114,814.078078078078,1632.51951951952,323.876876876877,128.432432432432,1018.34534534535,417.843843843844,14626.975975976,8843.99099099099,333,25.5988358006349,17.0529524338359,0.745807743406937,0.940677966101695,0.666,0.519164360166362,FAHNSCC_15,HN,1,FAHNSCC_15,stromal cells,,carcinoma_in_situ_FAHNSCC_15_2
45433,52067,8542.17899761337,140.219570405728,73.9737470167064,599.470167064439,10.3365155131265,1721.6968973747,418.532219570406,231.64200477327,948.525059665871,2546.09307875895,376.033412887828,1766.68257756563,1041.79474940334,2079.69212410501,350.508353221957,152.312649164678,1048.52028639618,1581.52744630072,1549.28639618138,405.045346062053,1053.98090692124,1110.46539379475,455.267303102625,1860.84964200477,573.1861575179,748.412887828162,257.742243436754,110.224343675418,988.954653937948,409.81861575179,13445.4510739857,8340.36515513127,419,30.0423814606729,17.8131263433347,0.805251626585391,0.958810068649886,0.748214285714286,-1.23191933538063,FAHNSCC_15,HN,1,FAHNSCC_15,tumor cells,,carcinoma_in_situ_FAHNSCC_15_2
45492,52136,15217.784,211.112,75.008,601.472,89.792,3356.168,509.696,198.032,946.992,5706.144,426.008,647.392,944.84,3995.216,325.792,168.232,940.248,4489.928,591.432,397.832,952.472,4084.904,323.936,4247.144,1144.968,2543.976,331.152,133.424,1018.944,424.08,14609.48,8512.672,125,14.0129963589273,11.396323488068,0.581889106329022,0.946969696969697,0.744047619047619,1.25896178171608,FAHNSCC_15,HN,1,FAHNSCC_15,tumor cells,,carcinoma_in_situ_FAHNSCC_15_2
45524,52171,18704.5652173913,469.886956521739,103.078260869565,609.260869565217,499.382608695652,4970.75652173913,1858.04347826087,204.95652173913,943.739130434783,7072.92173913044,464.791304347826,307.130434782609,936.339130434783,5084.4,588.078260869565,1028.19130434783,974.652173913044,4495.48695652174,613.55652173913,388.895652173913,958.260869565217,4096.93043478261,279.513043478261,1943.55652173913,608.504347826087,1817.31304347826,304.15652173913,427.121739130435,995.852173913043,416.730434782609,14180.6782608696,9080.27826086956,115,16.856214039688,9.12134926046584,0.840941008686329,0.8984375,0.638888888888889,0.121176500347964,FAHNSCC_15,HN,1,FAHNSCC_15,M1/M0 macrophages,,carcinoma_in_situ_FAHNSCC_15_2
45588,52247,23276.2739018088,219.857881136951,92.56330749354,610.762273901809,212.459948320413,6620.55297157623,685.235142118863,238.940568475452,955.527131782946,9450.86563307494,565.994832041344,178.103359173127,957.444444444444,7565.90697674419,434.529715762274,221.705426356589,1104.8165374677,4830.82687338501,689.21188630491,413.664082687339,966.875968992248,4398.12403100775,350.219638242894,2679.79069767442,1781.04392764858,1802.165374677,334.524547803618,134.679586563307,1016.5142118863,420.74677002584,14681.4082687339,8532.15762273902,387,26.1200121723024,19.0880834588782,0.682608923256762,0.955555555555556,0.767857142857143,0.634610110848289,FAHNSCC_15,HN,1,FAHNSCC_15,endothelial cells,,carcinoma_in_situ_FAHNSCC_15_2
45613,52275,12766.9861591696,278.916955017301,105.103806228374,603.356401384083,14.8096885813149,2647.28373702422,611.508650519031,255.339100346021,955.318339100346,4026.12456747405,479.287197231834,925.60553633218,980.515570934256,3066.0,455.093425605536,161.927335640138,960.304498269896,2418.80276816609,1240.83737024221,421.851211072664,1033.0553633218,2075.94117647059,1033.8615916955,4149.36332179931,575.629757785467,1370.6124567474,386.456747404844,128.038062283737,1004.89273356401,424.003460207613,14417.3737024221,8160.56747404844,289,22.2066066443034,17.0313819728089,0.641705516702941,0.941368078175896,0.724310776942356,-0.545160129703111,FAHNSCC_15,HN,1,FAHNSCC_15,Ki67+ tumor cells,,carcinoma_in_situ_FAHNSCC_15_2
45651,52315,20685.935483871,620.535483870968,891.58064516129,601.058064516129,168.006451612903,4415.12258064516,589.090322580645,213.161290322581,984.8,6646.98064516129,447.948387096774,256.41935483871,948.896774193548,4629.32903225806,494.722580645161,158.425806451613,978.116129032258,3493.56129032258,642.916129032258,409.18064516129,1405.10967741935,2630.18064516129,349.070967741936,663.529032258065,577.258064516129,1239.47741935484,321.6,132.41935483871,984.335483870968,415.709677419355,13256.4,8597.2,155,22.1759056797204,9.15512446984408,0.910803083464506,0.911764705882353,0.506535947712418,0.795823864155515,FAHNSCC_15,HN,1,FAHNSCC_15,regulatory T cells,,carcinoma_in_situ_FAHNSCC_15_2
45715,52386,4541.88269794721,131.460410557185,78.4956011730205,599.073313782991,19.0,1168.36656891496,446.791788856305,203.885630498534,957.457478005865,1832.01173020528,428.381231671554,972.278592375366,956.181818181818,1550.31085043988,397.865102639296,131.718475073314,1066.23167155425,1282.2082111437,1453.21114369501,397.938416422287,1033.31964809384,945.093841642229,501.879765395894,1752.84750733138,573.695014662757,825.853372434018,296.111436950147,116.970674486804,1007.00879765396,412.436950146628,13305.2580645161,8596.30205278592,341,28.1073223214266,15.5687395880197,0.832580983949882,0.944598337950138,0.701646090534979,0.344528104029987,FAHNSCC_15,HN,1,FAHNSCC_15,tumor cells,,carcinoma_in_situ_FAHNSCC_15_2
45734,52405,36160.3861003861,432.250965250965,130.320463320463,612.212355212355,239.447876447876,9016.12741312741,799.389961389961,263.166023166023,966.07722007722,12292.7181467181,680.65250965251,183.030888030888,965.274131274131,8587.81467181467,440.822393822394,148.857142857143,1206.0,6452.29343629344,750.247104247104,414.328185328185,968.679536679537,6359.77606177606,349.752895752896,7097.24324324324,942.722007722008,1643.29343629344,364.277992277992,136.127413127413,1030.10810810811,424.027027027027,14617.9305019305,8857.90347490347,259,19.6953972789038,16.9123367685705,0.512487176483981,0.962825278810409,0.719444444444444,-0.564937204976072,FAHNSCC_15,HN,1,FAHNSCC_15,stromal cells,,carcinoma_in_situ_FAHNSCC_15_2
45740,52411,34301.1890756303,394.058823529412,113.285714285714,609.399159663866,103.344537815126,8829.79831932773,1059.7731092437,270.575630252101,986.584033613445,12815.8403361345,773.155462184874,178.09243697479,973.310924369748,9681.64705882353,521.890756302521,197.798319327731,1438.40336134454,6862.57983193277,774.415966386555,432.571428571429,987.302521008403,7052.68487394958,358.785714285714,10304.2983193277,1643.70168067227,1494.17226890756,352.382352941176,129.138655462185,1022.30672268908,419.193277310924,14730.5168067227,8856.6974789916,238,23.1485079293791,13.2330923298426,0.820490121803521,0.937007874015748,0.721212121212121,1.35707733293849,FAHNSCC_15,HN,1,FAHNSCC_15,endothelial cells,,carcinoma_in_situ_FAHNSCC_15_2
45773,52450,12218.5592417062,354.824644549763,111.592417061611,609.781990521327,196.701421800948,2934.09952606635,684.052132701422,221.805687203791,957.402843601896,4267.91469194313,523.597156398104,178.720379146919,956.251184834123,3529.72985781991,397.260663507109,259.336492890995,1041.0,1776.81516587678,553.687203791469,399.450236966825,947.156398104265,1293.49289099526,269.876777251185,3618.10900473934,651.028436018957,899.151658767773,314.199052132701,122.663507109005,1030.25118483412,409.497630331754,14283.8815165877,9019.36966824644,211,20.5483583877825,13.1573900846557,0.768113726035035,0.95475113122172,0.740350877192982,-0.454455628566079,FAHNSCC_15,HN,1,FAHNSCC_15,stromal cells,,carcinoma_in_situ_FAHNSCC_15_2
45801,52481,2888.25358851675,196.311004784689,100.77990430622,595.976076555024,10.3636363636364,619.732057416268,401.909090909091,196.746411483254,953.205741626794,1153.27751196172,400.655502392345,4131.17224880383,947.818181818182,1348.74162679426,433.038277511962,124.468899521531,987.88995215311,1161.66028708134,2480.81818181818,415.172248803828,957.181818181818,894.488038277512,297.569377990431,1705.73205741627,576.856459330144,917.88038277512,314.583732057416,117.88038277512,1005.21052631579,412.272727272727,13445.2583732057,8152.45933014354,209,22.0046167611474,12.1837554136061,0.832722294476522,0.958715596330275,0.6875,0.973109547259705,FAHNSCC_15,HN,1,FAHNSCC_15,tumor cells,,carcinoma_in_situ_FAHNSCC_15_2
45859,52549,7055.75247524753,192.465346534653,79.2524752475248,605.678217821782,17.9009900990099,1703.75247524753,446.460396039604,196.267326732673,946.341584158416,3006.80693069307,464.549504950495,1277.30693069307,987.688118811881,2521.38118811881,445.806930693069,123.113861386139,1053.4801980198,2223.41584158416,2497.15346534653,389.257425742574,955.163366336634,1887.58415841584,889.262376237624,5845.96534653465,577.608910891089,1237.12871287129,320.762376237624,124.668316831683,1034.09405940594,412.633663366337,14325.1089108911,8699.38118811881,202,19.2416996694849,13.4176904723327,0.716756482835877,0.948356807511737,0.748148148148148,0.315119899865278,FAHNSCC_15,HN,1,FAHNSCC_15,Ki67+ tumor cells,,carcinoma_in_situ_FAHNSCC_15_2
45871,52565,13479.5286624204,238.528662420382,70.968152866242,613.738853503185,207.12101910828,3613.29936305732,585.203821656051,202.764331210191,956.700636942675,5162.02547770701,472.426751592357,172.070063694268,937.458598726115,4198.94904458599,485.178343949045,133.535031847134,1076.87898089172,3439.36942675159,500.382165605096,346.242038216561,955.350318471338,4247.63057324841,269.993630573248,3583.14649681529,1217.78343949045,2146.03821656051,373.108280254777,136.050955414013,1017.14649681529,425.261146496815,13913.5859872611,9690.62420382166,157,16.259478003615,12.3093064689173,0.653352052929378,0.957317073170732,0.817708333333333,1.52778218680613,FAHNSCC_15,HN,1,FAHNSCC_15,stromal cells,,carcinoma_in_situ_FAHNSCC_15_2
45897,52596,15533.6406926407,332.073593073593,110.766233766234,606.34632034632,310.640692640693,3924.82251082251,652.593073593074,229.428571428571,962.25974025974,6349.17316017316,513.12987012987,178.484848484849,949.606060606061,6537.64069264069,442.190476190476,150.900432900433,1148.79653679654,3995.12554112554,671.805194805195,404.774891774892,949.164502164502,3923.0,309.424242424242,3133.90043290043,834.225108225108,1591.46753246753,341.424242424242,128.333333333333,1013.329004329,418.683982683983,14646.0735930736,8743.52380952381,231,20.5738578416032,14.2900337212842,0.719422815671573,0.94672131147541,0.77,0.31710771318522,FAHNSCC_15,HN,1,FAHNSCC_15,stromal cells,,carcinoma_in_situ_FAHNSCC_15_2
45917,52618,14187.9891304348,252.836956521739,86.2101449275362,606.851449275362,204.880434782609,3177.66304347826,698.43115942029,196.134057971015,947.840579710145,4549.5615942029,659.13768115942,516.025362318841,944.760869565217,2786.3768115942,420.13768115942,359.724637681159,1111.92753623188,2060.0,545.025362318841,385.847826086957,968.04347826087,1500.94202898551,268.155797101449,1533.63768115942,586.786231884058,866.641304347826,271.297101449275,165.376811594203,981.094202898551,412.057971014493,14326.2173913043,8869.73550724638,276,27.7366756346674,13.0502346637619,0.882397518719384,0.951724137931034,0.638888888888889,0.37767614571406,FAHNSCC_15,HN,1,FAHNSCC_15,tumor cells,,carcinoma_in_situ_FAHNSCC_15_2
45980,52694,8599.23714285714,198.042857142857,85.4142857142857,604.417142857143,116.351428571429,1953.45714285714,4709.75714285714,186.971428571429,949.874285714286,2877.08857142857,457.311428571429,251.0,947.508571428571,1879.81142857143,501.12,642.64,1013.62,1348.43428571429,643.174285714286,389.288571428571,988.354285714286,844.06,249.857142857143,1168.55142857143,600.6,728.254285714286,269.054285714286,173.62,986.691428571429,413.134285714286,13612.0028571429,9402.41714285714,350,24.572515881067,18.4666897580928,0.659712503686852,0.961538461538462,0.736842105263158,1.38445139218331,FAHNSCC_15,HN,1,FAHNSCC_15,M2 macrophages,,carcinoma_in_situ_FAHNSCC_15_2
45993,52709,11462.3333333333,158.691823899371,71.8553459119497,599.176100628931,195.547169811321,3105.6855345912,525.427672955975,203.566037735849,960.930817610063,4773.32075471698,485.012578616352,165.691823899371,959.490566037736,3983.10691823899,462.74213836478,151.075471698113,1246.1320754717,4243.5534591195,605.427672955975,397.119496855346,994.842767295598,4268.80503144654,303.85534591195,6563.22012578616,938.874213836478,1844.37106918239,400.276729559749,146.679245283019,1036.40251572327,424.301886792453,14017.5911949686,9510.82389937107,159,17.4298934495513,11.7177393781012,0.740298499785544,0.929824561403509,0.719457013574661,-1.15938802345836,FAHNSCC_15,HN,1,FAHNSCC_15,stromal cells,,carcinoma_in_situ_FAHNSCC_15_2
46015,52734,6728.80106809079,121.118825100134,66.8464619492657,597.881174899866,15.5393858477971,1622.4953271028,399.377837116155,245.388518024032,957.841121495327,2582.13484646195,360.854472630174,852.439252336449,1226.0173564753,1708.1909212283,339.267022696929,165.62082777036,1123.41522029373,1413.28838451268,627.288384512684,384.714285714286,1010.8090787717,937.431241655541,240.178905206943,1519.71962616822,575.744993324433,695.202937249666,235.320427236315,109.823765020027,969.162883845127,407.172229639519,13174.085447263,9269.24432576769,749,31.8801684574843,30.1257401758853,0.327162667282162,0.967700258397933,0.755040322580645,-0.737632112132255,FAHNSCC_15,HN,1,FAHNSCC_15,tumor cells,,carcinoma_in_situ_FAHNSCC_15_2
46033,52756,23071.2857142857,279.383928571429,93.9776785714286,605.553571428571,80.84375,5640.08482142857,759.870535714286,246.464285714286,1005.08928571429,8557.41964285714,679.959821428571,164.709821428571,979.486607142857,6706.59821428572,497.491071428571,181.428571428571,1400.93303571429,4010.59821428571,677.540178571429,461.397321428571,1329.84821428571,3838.19642857143,296.660714285714,7542.04464285714,1563.78125,1197.38392857143,315.629464285714,125.142857142857,1045.42410714286,416.415178571429,14769.0044642857,8865.74107142857,224,18.7903935964194,15.4523997152879,0.56897277101742,0.937238493723849,0.693498452012384,0.477622855114465,FAHNSCC_15,HN,1,FAHNSCC_15,stromal cells,,carcinoma_in_situ_FAHNSCC_15_2
46078,52804,18708.3943661972,643.797183098592,472.918309859155,602.70985915493,200.352112676056,4895.13802816901,616.402816901408,202.743661971831,989.811267605634,6910.25352112676,599.614084507042,155.881690140845,1005.87323943662,5088.56338028169,516.481690140845,155.143661971831,1113.3014084507,3754.56901408451,533.149295774648,389.535211267606,971.997183098592,2907.61408450704,221.960563380282,849.492957746479,646.492957746479,812.146478873239,255.895774647887,126.591549295775,988.408450704225,412.318309859155,14466.4507042254,9410.91267605634,355,29.1533974295233,15.5493832140088,0.845885605488303,0.946666666666667,0.682692307692308,-1.06637298615471,FAHNSCC_15,HN,1,FAHNSCC_15,regulatory T cells,,carcinoma_in_situ_FAHNSCC_15_2
46127,52863,13791.8707692308,275.135384615385,95.7723076923077,605.015384615385,8.90461538461539,3118.81230769231,617.803076923077,238.178461538462,956.6,4898.27692307692,462.593846153846,1747.98153846154,974.624615384615,4534.21538461538,411.744615384615,176.141538461538,948.713846153846,3382.53846153846,1042.01846153846,421.883076923077,1039.86153846154,2956.40923076923,377.815384615385,1685.57230769231,575.012307692308,1777.61230769231,376.836923076923,130.030769230769,990.44,427.236923076923,14223.7569230769,8334.12307692308,325,26.7188083395897,15.5060482328621,0.814372823170511,0.961538461538462,0.764705882352941,0.32967369728052,FAHNSCC_15,HN,1,FAHNSCC_15,tumor cells,,carcinoma_in_situ_FAHNSCC_15_2
46155,52896,11635.4289340102,183.718274111675,90.4314720812183,600.505076142132,19.5329949238579,2704.89593908629,594.116751269036,226.299492385787,948.802030456853,4066.98730964467,475.789340101523,793.850253807107,942.619289340102,3859.07868020305,454.494923857868,132.718274111675,960.956852791878,2839.08629441624,1348.81472081218,400.700507614213,948.073604060914,2585.41370558376,997.779187817259,4620.6269035533,588.840101522843,1666.04060913706,371.642131979695,129.748730964467,1012.29695431472,424.593908629442,14791.0126903553,8492.55076142132,394,23.2854847625611,21.6688566706933,0.366104946613873,0.968058968058968,0.815734989648033,0.306120280815629,FAHNSCC_15,HN,1,FAHNSCC_15,Ki67+ tumor cells,,carcinoma_in_situ_FAHNSCC_15_2
46165,52909,17225.25,226.327586206897,91.8275862068966,613.862068965517,79.6724137931034,3654.45689655172,723.560344827586,225.379310344828,957.146551724138,5379.47413793103,638.413793103448,151.172413793103,955.448275862069,3676.20689655172,427.939655172414,182.155172413793,1347.46551724138,2660.70689655172,656.534482758621,407.706896551724,975.991379310345,2399.64655172414,315.939655172414,9794.48275862069,1870.30172413793,969.75,389.913793103448,137.586206896552,1056.16379310345,419.163793103448,14718.7844827586,8996.31896551724,116,14.6062503184578,10.1443163579115,0.719474495380975,0.943089430894309,0.773333333333333,-0.0438024286274123,FAHNSCC_15,HN,1,FAHNSCC_15,endothelial cells,,carcinoma_in_situ_FAHNSCC_15_2
46183,52931,5208.73708920188,110.741784037559,64.8779342723005,597.887323943662,21.1784037558685,1200.78873239437,370.352112676056,192.267605633803,944.708920187793,1813.82159624413,388.830985915493,900.920187793427,975.328638497653,1341.47417840376,357.394366197183,138.230046948357,989.178403755868,1110.69014084507,1128.86384976526,380.178403755869,964.93427230047,845.464788732394,924.328638497653,2424.84507042254,578.558685446009,726.342723004695,278.399061032864,112.450704225352,996.671361502347,409.380281690141,13504.3521126761,9593.7558685446,213,19.2991114079758,14.0917988128548,0.683256292965849,0.942477876106195,0.71,1.34728516193217,FAHNSCC_15,HN,1,FAHNSCC_15,Ki67+ tumor cells,,carcinoma_in_situ_FAHNSCC_15_2
46221,52972,11410.9005235602,181.376963350785,84.4450261780105,614.675392670157,208.146596858639,2766.16753926702,505.13612565445,196.659685863874,945.979057591623,4381.56544502618,457.057591623037,156.465968586387,951.853403141361,2941.98429319372,359.96335078534,203.942408376963,1070.12565445026,2342.86910994764,590.570680628272,401.120418848168,953.094240837696,1858.75392670157,302.162303664921,1476.56020942408,1510.28272251309,875.69109947644,266.03664921466,196.738219895288,1011.7277486911,410.884816753927,14712.7539267016,8636.47643979058,191,16.7989431849762,14.5011641611163,0.504829915256636,0.945544554455446,0.74609375,0.881373951039509,FAHNSCC_15,HN,1,FAHNSCC_15,stromal cells,,carcinoma_in_situ_FAHNSCC_15_2
46299,53063,12574.6234817814,201.603238866397,90.2834008097166,618.093117408907,303.607287449393,2991.36842105263,671.744939271255,193.287449392713,958.777327935223,4506.34817813765,557.157894736842,143.230769230769,997.344129554656,2826.90688259109,412.550607287449,359.064777327935,1207.9028340081,2371.02024291498,536.668016194332,400.578947368421,960.400809716599,1756.65991902834,251.076923076923,1574.59109311741,752.542510121457,920.927125506073,303.902834008097,160.165991902834,1025.38866396761,412.623481781377,14635.4291497976,9176.36437246964,247,22.0286448785499,14.4300561240088,0.755577964917486,0.96484375,0.735119047619048,-1.19546596247084,FAHNSCC_15,HN,1,FAHNSCC_15,stromal cells,,carcinoma_in_situ_FAHNSCC_15_2
46340,53107,15627.2658959538,393.705202312139,88.0809248554913,604.919075144509,283.208092485549,4034.46820809249,564.202312138728,200.890173410405,1038.60115606936,5538.46820809249,575.28323699422,174.393063583815,974.468208092486,4026.61271676301,606.763005780347,144.057803468208,3369.54913294798,2843.06936416185,579.93063583815,387.531791907515,974.797687861272,1951.84393063584,241.364161849711,2667.13294797688,787.630057803468,823.699421965318,307.075144508671,137.196531791908,1010.97687861272,409.589595375723,14009.7861271676,9691.76878612717,173,20.2304020104126,11.018073636646,0.8386767630317,0.935135135135135,0.640740740740741,-0.986135912392026,FAHNSCC_15,HN,1,FAHNSCC_15,effector CD8+ T cells,,carcinoma_in_situ_FAHNSCC_15_2
46355,53122,29620.7302158273,539.205035971223,161.302158273381,609.507194244604,206.363309352518,7290.15107913669,822.341726618705,267.503597122302,966.647482014388,11345.535971223,658.413669064748,207.017985611511,954.820143884892,6831.77697841727,458.924460431655,178.205035971223,1191.81654676259,6902.34532374101,800.039568345324,420.604316546763,961.489208633094,6445.35251798561,373.280575539568,7480.75179856115,3112.37050359712,2297.73741007194,359.848920863309,138.528776978417,1030.02877697842,425.769784172662,14630.4424460432,8736.98201438849,278,20.4876046861888,17.2838726355084,0.536931511893231,0.972027972027972,0.735449735449736,-0.594769458576909,FAHNSCC_15,HN,1,FAHNSCC_15,endothelial cells,,carcinoma_in_situ_FAHNSCC_15_2
46368,53136,13568.5109489051,142.627737226277,71.8722627737226,607.138686131387,304.456204379562,3102.56934306569,700.770072992701,186.036496350365,966.722627737226,4630.39051094891,582.014598540146,165.302919708029,953.751824817518,3591.48905109489,534.058394160584,197.934306569343,1130.94160583942,2889.25912408759,540.094890510949,389.43795620438,973.06204379562,2471.78102189781,218.602189781022,2098.79927007299,665.397810218978,944.806569343066,272.456204379562,129.514598540146,993.583941605839,410.934306569343,13946.302919708,9736.24087591241,274,28.6505686348267,12.2046217306423,0.904731716221975,0.958041958041958,0.570833333333333,-0.927928319567617,FAHNSCC_15,HN,1,FAHNSCC_15,stromal cells,,carcinoma_in_situ_FAHNSCC_15_2
46388,53159,7285.05719557196,143.020295202952,78.2988929889299,603.992619926199,15.8431734317343,1793.10885608856,450.584870848709,234.389298892989,956.70295202952,2721.42804428044,394.99815498155,1132.13284132841,1072.05350553506,1976.4594095941,385.461254612546,153.610701107011,1096.52398523985,1553.10332103321,1297.61439114391,390.970479704797,962.507380073801,1135.65498154982,516.4963099631,1667.08671586716,575.747232472325,864.426199261993,282.870848708487,111.920664206642,998.736162361624,412.023985239852,13320.4575645756,8579.16789667897,542,30.746637185814,22.461329530368,0.682880998151105,0.978339350180505,0.794721407624633,0.055651438801152,FAHNSCC_15,HN,1,FAHNSCC_15,tumor cells,,carcinoma_in_situ_FAHNSCC_15_2
46396,53168,6566.89215686275,135.343137254902,66.3137254901961,598.754901960784,15.7990196078431,1810.46078431373,473.813725490196,214.627450980392,955.348039215686,2555.20098039216,412.230392156863,1240.98039215686,963.661764705882,1950.54901960784,379.75,141.867647058824,1039.62745098039,1432.67647058824,1413.60784313725,398.96568627451,1112.45588235294,1072.0637254902,1475.33823529412,1475.5931372549,572.642156862745,852.75,288.803921568627,112.946078431373,1011.04411764706,414.06862745098,13199.8774509804,8565.45098039216,204,18.1712199584888,14.477791877431,0.604318317862556,0.948837209302326,0.75,-0.925579140956368,FAHNSCC_15,HN,1,FAHNSCC_15,Ki67+ tumor cells,,carcinoma_in_situ_FAHNSCC_15_2
46424,53198,7777.09142857143,213.748571428571,80.6228571428571,603.365714285714,10.8171428571429,1671.77714285714,510.52,234.702857142857,952.16,2681.72,444.925714285714,972.017142857143,1018.49714285714,2255.71428571429,412.691428571429,154.92,950.137142857143,1718.72,1129.23428571429,413.845714285714,962.354285714286,1321.04571428571,565.977142857143,4163.36,577.462857142857,985.72,337.085714285714,120.502857142857,994.011428571429,418.577142857143,14390.5028571429,8178.90857142857,175,23.1981021767614,9.70536850642554,0.908277115551968,0.921052631578947,0.691699604743083,0.185680904155114,FAHNSCC_15,HN,1,FAHNSCC_15,tumor cells,,carcinoma_in_situ_FAHNSCC_15_2
46454,53232,7630.91286307054,234.50622406639,95.8879668049793,599.091286307054,27.1825726141079,1829.07053941909,468.381742738589,192.398340248963,946.817427385892,2969.34854771784,434.9377593361,1204.77178423237,970.402489626556,2622.25726141079,459.211618257261,133.751037344398,1018.68049792531,2216.43153526971,750.302904564315,386.535269709544,956.128630705394,1885.58921161826,1065.9377593361,1703.30705394191,573.834024896266,1170.75933609959,301.547717842324,115.207468879668,997.186721991701,412.008298755187,13573.7925311203,8983.94605809129,241,19.0085116690884,16.4167505861446,0.504087473529753,0.960159362549801,0.787581699346405,0.304277521427925,FAHNSCC_15,HN,1,FAHNSCC_15,Ki67+ tumor cells,,carcinoma_in_situ_FAHNSCC_15_2
46466,53246,18298.6441717791,466.128834355828,146.312883435583,617.196319018405,330.269938650307,4351.89570552147,657.110429447853,223.006134969325,1056.06134969325,6107.39263803681,568.515337423313,173.288343558282,964.82208588957,3949.49079754601,1829.30061349693,219.656441717791,3329.20245398773,2463.30674846626,594.282208588957,396.478527607362,996.883435582822,1676.19018404908,1088.52147239264,1168.94478527607,670.515337423313,858.552147239264,334.901840490798,129.822085889571,1013.11656441718,407.490797546012,14334.3435582822,9601.55828220859,163,15.1593613657153,13.6846374502885,0.430231485873458,0.970238095238095,0.776190476190476,-0.874205536748052,FAHNSCC_15,HN,1,FAHNSCC_15,effector CD8+ T cells,,carcinoma_in_situ_FAHNSCC_15_2
46590,53384,22222.2334494774,340.909407665505,112.379790940767,609.216027874565,68.5853658536585,5206.71080139373,751.317073170732,238.993031358885,977.324041811847,7284.21602787456,614.515679442509,166.763066202091,967.05574912892,6330.71777003484,491.313588850174,181.261324041812,1379.82926829268,3237.67595818815,638.88850174216,401.515679442509,969.362369337979,2634.59581881533,310.09756097561,8664.20905923345,1854.51567944251,941.463414634146,321.993031358885,123.700348432056,1034.21951219512,411.369337979094,14417.4982578397,9066.73170731707,287,19.984752789272,18.3257801632166,0.398914595338247,0.959866220735786,0.755263157894737,-0.90920250307018,FAHNSCC_15,HN,1,FAHNSCC_15,endothelial cells,,carcinoma_in_situ_FAHNSCC_15_2
46591,53385,8372.45543345543,206.71916971917,80.5665445665446,597.371184371184,15.5543345543346,2019.92185592186,455.730158730159,223.550671550672,956.300366300366,3174.47496947497,405.098901098901,2256.93650793651,1008.95970695971,2219.86568986569,384.826617826618,153.997557997558,1045.78754578755,1914.55189255189,901.242979242979,390.003663003663,999.927960927961,1457.30769230769,318.068376068376,1106.8778998779,575.747252747253,878.446886446886,291.775335775336,117.08547008547,1003.05616605617,412.592185592186,13465.0317460317,9108.12942612943,819,36.4546058708724,28.8032106319864,0.612962887044261,0.976162097735399,0.743194192377496,-1.34636931042177,FAHNSCC_15,HN,1,FAHNSCC_15,tumor cells,,carcinoma_in_situ_FAHNSCC_15_2
46605,53399,6388.7247706422,127.220183486239,76.6605504587156,609.119266055046,188.064220183486,1689.64220183486,576.834862385321,194.311926605505,951.633027522936,2877.28440366972,465.009174311927,149.431192660551,946.385321100917,2283.45871559633,388.798165137615,185.339449541284,1134.93577981651,1707.88990825688,583.238532110092,409.743119266055,961.201834862385,1288.74311926606,287.449541284404,1813.97247706422,1230.79816513762,783.651376146789,265.02752293578,153.706422018349,986.440366972477,415.192660550459,14715.0275229358,8617.73394495413,109,12.8245977261387,10.9158440156367,0.52489881663343,0.947826086956522,0.756944444444444,-0.846502993619962,FAHNSCC_15,HN,1,FAHNSCC_15,stromal cells,,carcinoma_in_situ_FAHNSCC_15_2
46722,53533,3796.33185840708,116.659292035398,66.3982300884956,603.212389380531,227.101769911504,954.446902654867,361.738938053097,169.946902654867,938.836283185841,1579.36283185841,338.632743362832,230.898230088496,938.141592920354,1110.96902654867,374.336283185841,148.044247787611,982.849557522124,939.508849557522,585.305309734513,377.619469026549,946.203539823009,715.87610619469,237.353982300885,726.194690265487,575.088495575221,700.955752212389,275.703539823009,119.995575221239,980.026548672566,410.893805309735,13613.6150442478,9262.88495575221,226,22.2598833211106,12.9465783824538,0.813467521447018,0.937759336099585,0.717460317460318,-0.374566201306492,FAHNSCC_15,HN,1,FAHNSCC_15,stromal cells,,carcinoma_in_situ_FAHNSCC_15_2
46739,53556,16703.6197183099,196.230046948357,88.2300469483568,614.460093896714,161.924882629108,4544.21126760563,660.492957746479,215.37558685446,960.990610328638,6281.27699530517,541.12676056338,141.384976525822,994.028169014084,4717.66666666667,463.723004694836,241.859154929577,1701.55868544601,3203.1455399061,570.032863849765,487.877934272301,977.037558685446,2686.62910798122,272.985915492958,3437.24882629108,674.31455399061,1127.35211267606,311.849765258216,134.075117370892,1026.30985915493,414.178403755869,14572.9765258216,9130.69953051643,213,22.7520273525746,12.2274953484284,0.843311912183199,0.955156950672646,0.665625,-0.96819723942703,FAHNSCC_15,HN,1,FAHNSCC_15,effector CD8+ T cells,,carcinoma_in_situ_FAHNSCC_15_2
46812,53644,13447.3361823362,161.894586894587,76.5840455840456,608.62962962963,22.8974358974359,3136.69515669516,490.643874643875,208.783475783476,954.179487179487,4588.60968660969,432.692307692308,1502.8717948718,987.623931623932,3677.49287749288,367.091168091168,129.954415954416,1018.1339031339,2628.80626780627,788.094017094017,389.663817663818,978.116809116809,2334.71794871795,337.148148148148,2804.45584045584,582.452991452992,1122.19658119658,301.478632478633,120.458689458689,1013.36752136752,414.584045584046,14473.0598290598,8831.54985754986,351,27.6383259418232,16.3090774854623,0.80733805981632,0.959016393442623,0.664772727272727,0.729749560532391,FAHNSCC_15,HN,1,FAHNSCC_15,tumor cells,,carcinoma_in_situ_FAHNSCC_15_2
46880,53720,13879.2662116041,447.129692832765,124.645051194539,605.60409556314,164.047781569966,3354.0409556314,1830.69624573379,189.075085324232,1049.17406143345,5445.59385665529,468.361774744027,1832.63822525597,944.293515358362,4187.74061433447,735.965870307167,1640.84300341297,1387.03412969283,3196.56996587031,2191.33447098976,392.563139931741,977.83276450512,2432.53242320819,392.856655290102,2761.28327645051,600.078498293515,1174.37883959044,294.505119453925,300.952218430034,999.542662116041,411.658703071672,13896.1194539249,8580.71672354949,293,24.3007144660728,15.603138158172,0.766632974564507,0.957516339869281,0.7325,-1.52192972938322,FAHNSCC_15,HN,1,FAHNSCC_15,tumor cells,,carcinoma_in_situ_FAHNSCC_15_2
46891,53731,11489.5074183976,303.100890207715,113.816023738872,602.59940652819,8.22551928783383,2097.80415430267,519.442136498516,248.00296735905,957.290801186944,3124.81899109792,415.047477744807,1163.96142433234,1006.30860534125,2775.82789317507,416.424332344214,144.074183976261,979.151335311573,1925.9940652819,1481.15727002967,414.964391691395,1055.81602373887,1430.69732937686,358.047477744807,1641.19287833828,572.902077151335,974.038575667656,319.940652818991,118.715133531157,985.614243323442,417.655786350148,13730.6023738872,8128.43026706232,337,27.4294202723927,15.7615330593193,0.8184193284445,0.946629213483146,0.648076923076923,0.528442642131931,FAHNSCC_15,HN,1,FAHNSCC_15,tumor cells,,carcinoma_in_situ_FAHNSCC_15_2
46922,53764,10667.5270863836,143.931185944363,75.7203513909224,601.093704245974,16.9121522693997,2576.10541727672,450.475841874085,244.03953147877,954.269399707174,3816.88433382138,389.371888726208,792.811127379209,1192.52855051245,2624.52122986823,376.382137628111,168.85944363104,1061.52415812592,2156.03953147877,700.830161054173,389.809663250366,1191.47144948756,1630.88140556369,351.812591508053,1861.22108345534,582.10541727672,749.424597364568,246.412884333821,105.674963396779,974.228404099561,408.645680819912,13284.9619326501,9466.78623718887,683,34.990326834859,25.2047609952305,0.6936262153321,0.96742209631728,0.735991379310345,-0.575774059221645,FAHNSCC_15,HN,1,FAHNSCC_15,tumor cells,,carcinoma_in_situ_FAHNSCC_15_2
46965,53815,5574.19248826291,92.9295774647887,70.7793427230047,594.014084507042,23.7183098591549,1421.9014084507,412.643192488263,178.718309859155,944.178403755868,2268.96713615023,393.478873239437,1775.84507042254,958.323943661972,1892.86384976526,406.760563380282,121.995305164319,1024.08450704225,1755.40375586854,1665.69953051643,379.887323943662,957.549295774648,1581.97183098592,789.953051643193,3818.41314553991,579.694835680751,943.769953051643,286.380281690141,113.089201877934,1026.25352112676,409.417840375587,14117.6291079812,9110.70892018779,213,17.8837245840911,15.2400450767687,0.523258518560209,0.955156950672646,0.739583333333333,0.657811034385321,FAHNSCC_15,HN,1,FAHNSCC_15,Ki67+ tumor cells,,carcinoma_in_situ_FAHNSCC_15_2
47018,53871,3877.53714285714,250.92,85.04,603.605714285714,16.4171428571429,932.28,417.942857142857,197.811428571429,945.977142857143,1622.47428571429,422.64,1340.69714285714,959.005714285714,1186.88571428571,383.931428571429,144.777142857143,982.097142857143,1120.13142857143,792.171428571429,389.0,938.8,844.017142857143,264.011428571429,2906.40571428571,581.691428571429,830.142857142857,315.165714285714,113.0,1008.86857142857,412.297142857143,13226.3942857143,9441.88571428571,175,16.7759147006011,13.2952531132699,0.609845520426281,0.956284153005464,0.777777777777778,-0.681614830801741,FAHNSCC_15,HN,1,FAHNSCC_15,tumor cells,,carcinoma_in_situ_FAHNSCC_15_2
47123,53990,9687.0,288.798780487805,118.506097560976,607.628048780488,97.2987804878049,2277.60365853659,590.451219512195,222.34756097561,965.201219512195,3494.82317073171,590.067073170732,171.707317073171,951.530487804878,3432.84146341463,480.475609756098,166.530487804878,1297.88414634146,2508.57317073171,661.628048780488,403.25,975.146341463415,2462.43292682927,310.121951219512,11024.4451219512,1444.25,1119.62195121951,366.158536585366,134.69512195122,1043.09756097561,416.676829268293,14214.5914634146,9173.03048780488,164,18.1930383452118,11.5436076974526,0.772917227267242,0.937142857142857,0.683333333333333,-0.845933365130753,FAHNSCC_15,HN,1,FAHNSCC_15,stromal cells,,carcinoma_in_situ_FAHNSCC_15_2
47271,54161,7281.1065830721,138.984326018809,75.8746081504702,600.003134796238,109.272727272727,1783.73981191223,958.153605015674,193.084639498433,953.495297805643,2902.3605015674,400.501567398119,1691.91536050157,1020.05956112853,2114.63009404389,407.887147335423,130.808777429467,1038.63636363636,1843.24451410658,1988.84012539185,389.003134796238,964.263322884012,1482.96551724138,2668.94984326019,3274.38244514107,576.307210031348,956.57053291536,280.047021943574,126.451410658307,998.316614420063,409.64263322884,13999.2664576803,8553.0,319,26.5726960936789,15.5264067578745,0.811538274281458,0.935483870967742,0.638,0.570959106850038,FAHNSCC_15,HN,1,FAHNSCC_15,Ki67+ tumor cells,,carcinoma_in_situ_FAHNSCC_15_2
47287,54177,10547.0268817204,241.596774193548,93.8172043010753,605.838709677419,80.8387096774194,2296.93010752688,4999.15053763441,191.118279569892,955.360215053764,3300.62903225806,493.489247311828,234.059139784946,952.844086021505,1890.28494623656,483.661290322581,464.725806451613,982.456989247312,1461.04838709677,678.225806451613,383.311827956989,974.489247311828,1054.44086021505,300.569892473118,1313.21505376344,591.284946236559,829.978494623656,281.629032258065,157.387096774194,995.994623655914,411.155913978495,13621.5913978495,9389.35483870968,186,16.630018704446,14.6251975439328,0.47599932309048,0.889952153110048,0.683823529411765,1.26021513530649,FAHNSCC_15,HN,1,FAHNSCC_15,M2 macrophages,,carcinoma_in_situ_FAHNSCC_15_2
47301,54194,20783.94,386.112,140.668,616.948,1384.22,4995.748,663.88,222.524,958.196,6880.348,508.4,168.304,943.768,5463.236,461.348,160.66,1001.188,4747.304,594.936,392.82,962.948,4869.564,263.16,1305.268,659.276,2069.044,353.496,131.716,1020.792,423.056,13823.396,9690.992,250,28.8212135412537,11.5396520748875,0.916345946266391,0.919117647058824,0.506072874493927,-1.00366259721464,FAHNSCC_15,HN,1,FAHNSCC_15,stromal cells,,carcinoma_in_situ_FAHNSCC_15_2
47348,54247,3321.41758241758,161.769230769231,65.2637362637363,628.082417582418,11.6648351648352,905.087912087912,410.115384615385,187.774725274725,942.252747252747,1719.86813186813,414.802197802198,3477.57692307692,944.038461538462,1378.01648351648,507.648351648352,120.302197802198,1034.31318681319,1512.58241758242,3448.4010989011,403.43956043956,958.620879120879,1190.42857142857,362.258241758242,3619.15384615385,572.598901098901,1000.25824175824,316.021978021978,117.065934065934,1003.67582417582,414.78021978022,13291.3516483516,8458.75274725275,182,17.1888278159077,13.6085247610318,0.610900282327672,0.94300518134715,0.713725490196078,-0.437288086918715,FAHNSCC_15,HN,1,FAHNSCC_15,tumor cells,,carcinoma_in_situ_FAHNSCC_15_2
47359,54258,7963.37089201878,138.333333333333,78.7183098591549,600.87323943662,19.2253521126761,1801.92488262911,891.145539906103,211.610328638498,957.723004694836,2828.71830985916,433.43661971831,1711.64788732394,967.098591549296,2505.96244131455,396.239436619718,138.553990610329,962.18779342723,2071.77464788732,1201.42723004695,410.910798122066,967.906103286385,1815.20187793427,649.197183098592,3803.57746478873,577.521126760563,1332.09389671362,340.859154929577,123.915492957746,1010.66666666667,418.342723004695,14437.1877934272,8168.89671361502,213,20.5218817926153,13.6038881691713,0.748710849386535,0.93421052631579,0.659442724458204,1.01247335131079,FAHNSCC_15,HN,1,FAHNSCC_15,tumor cells,,carcinoma_in_situ_FAHNSCC_15_2
47370,54271,10790.4359756098,231.463414634146,101.801829268293,608.356707317073,199.368902439024,2328.81402439024,527.509146341463,221.786585365854,960.298780487805,3392.3506097561,448.326219512195,512.90243902439,956.670731707317,3023.78353658537,384.774390243902,147.728658536585,1010.70426829268,2067.43597560976,793.463414634146,422.871951219512,973.594512195122,1476.86890243902,312.850609756098,893.487804878049,574.338414634146,944.567073170732,331.887195121951,122.231707317073,993.414634146341,415.914634146342,13410.4695121951,8180.73170731707,328,32.3291517624931,13.0440478255949,0.914990078159923,0.947976878612717,0.622390891840607,0.369668821432005,FAHNSCC_15,HN,1,FAHNSCC_15,tumor cells,,carcinoma_in_situ_FAHNSCC_15_2
47372,54273,5138.55194805195,117.308441558442,74.4967532467532,599.551948051948,19.2207792207792,1032.3538961039,512.142857142857,199.152597402597,944.188311688312,1833.71103896104,400.305194805195,1213.79545454545,958.373376623377,1617.80519480519,386.837662337662,139.850649350649,1055.62662337662,1193.00324675325,2340.99675324675,388.607142857143,959.685064935065,890.428571428571,1436.01948051948,2672.81168831169,580.545454545455,826.00974025974,292.042207792208,120.957792207792,1008.64935064935,412.961038961039,13976.737012987,8737.48376623377,308,26.8143427200718,14.6822520381646,0.836771534485983,0.959501557632399,0.78974358974359,0.0006382128440716,FAHNSCC_15,HN,1,FAHNSCC_15,Ki67+ tumor cells,,carcinoma_in_situ_FAHNSCC_15_2
47383,54284,9237.76470588235,216.986425339367,87.0633484162896,606.41628959276,260.9592760181,2423.74208144796,692.886877828054,187.746606334842,954.565610859728,3775.14479638009,636.095022624434,141.366515837104,953.067873303167,2845.19909502262,431.443438914027,227.004524886878,1077.84615384615,2462.0,525.511312217195,386.122171945701,967.153846153846,2152.41628959276,224.099547511312,1335.18099547511,653.89592760181,1039.56561085973,303.352941176471,138.122171945701,1008.78733031674,413.837104072398,14415.7013574661,9290.24886877828,221,23.9124617198201,11.9107809872246,0.86711998287739,0.940425531914894,0.619047619047619,-0.96746755923984,FAHNSCC_15,HN,1,FAHNSCC_15,stromal cells,,carcinoma_in_situ_FAHNSCC_15_2
47429,54338,14006.9769230769,318.269230769231,92.9,628.353846153846,793.015384615385,2919.93076923077,5703.72307692308,219.076923076923,964.723076923077,3689.39230769231,907.315384615385,179.692307692308,945.6,2192.96923076923,1043.34615384615,2351.41538461538,1150.96923076923,1198.47692307692,531.692307692308,389.7,982.092307692308,931.246153846154,238.046153846154,1841.72307692308,749.053846153846,795.669230769231,345.153846153846,156.115384615385,1011.13846153846,414.207692307692,13785.0538461538,9660.56153846154,130,19.6137080879746,8.51397559800986,0.900872922305231,0.948905109489051,0.577777777777778,-0.772509026779186,FAHNSCC_15,HN,1,FAHNSCC_15,M2 macrophages,,carcinoma_in_situ_FAHNSCC_15_2
47435,54345,10121.7154471545,264.658536585366,153.219512195122,609.024390243902,214.837398373984,2775.31707317073,554.292682926829,189.739837398374,1012.54471544715,3934.87804878049,424.658536585366,373.447154471545,945.016260162602,3001.47967479675,684.829268292683,228.731707317073,1248.06504065041,1847.36585365854,538.926829268293,413.520325203252,1020.54471544715,1262.08943089431,230.79674796748,2903.64227642276,875.918699186992,800.650406504065,286.130081300813,127.089430894309,1000.66666666667,412.292682926829,13621.7235772358,9634.85365853658,123,13.1676237897153,12.0544033630117,0.402414080129688,0.924812030075188,0.675824175824176,1.35051217474514,FAHNSCC_15,HN,1,FAHNSCC_15,stromal cells,,carcinoma_in_situ_FAHNSCC_15_2
47447,54357,28915.4312267658,383.289962825279,114.591078066914,603.602230483271,186.115241635688,6671.08921933086,650.546468401487,226.769516728624,958.334572490706,9903.44981412639,539.081784386617,205.851301115242,956.118959107807,8068.13011152416,423.524163568773,225.460966542751,1032.53531598513,6064.52788104089,627.687732342007,395.7843866171,943.542750929368,5286.63940520446,314.970260223048,1635.45353159851,861.594795539034,2176.42379182156,347.468401486989,137.557620817844,1004.99628252788,423.308550185874,14315.029739777,8819.3717472119,269,24.4927255684874,14.1134566039106,0.817287194907518,0.953900709219858,0.730978260869565,0.389392192253732,FAHNSCC_15,HN,1,FAHNSCC_15,stromal cells,,carcinoma_in_situ_FAHNSCC_15_2
47455,54365,7405.14341085271,121.53488372093,70.8759689922481,602.678294573643,16.2209302325581,1173.70930232558,491.953488372093,192.558139534884,913.670542635659,3120.58527131783,384.178294573643,882.825581395349,1013.07751937985,2466.65503875969,354.251937984496,138.945736434109,1042.66279069767,1650.21317829457,1437.84496124031,395.143410852713,1022.3023255814,1199.89147286822,2693.11627906977,1824.64341085271,575.03488372093,813.996124031008,278.158914728682,112.608527131783,996.062015503876,412.43023255814,13242.1434108527,8633.20930232558,258,21.1730788145007,15.9175507461051,0.659411122522508,0.962686567164179,0.716666666666667,-0.893938768812383,FAHNSCC_15,HN,1,FAHNSCC_15,Ki67+ tumor cells,,carcinoma_in_situ_FAHNSCC_15_2
47463,54375,12929.3745318352,299.312734082397,117.241573033708,610.880149812734,943.28277153558,3318.27528089888,544.956928838951,201.895131086142,948.651685393258,4884.78277153558,499.380149812734,139.573033707865,952.368913857678,4094.15543071161,407.722846441948,160.567415730337,1039.20037453184,3466.16666666667,585.943820224719,392.265917602996,952.870786516854,3272.38576779026,254.011235955056,1009.49438202247,598.760299625468,1582.40262172285,348.76404494382,136.62734082397,1015.66853932584,419.670411985019,14808.9269662921,9185.68539325843,534,42.6015340311402,16.2520600411499,0.924372957820273,0.946808510638298,0.549382716049383,-1.02201534671082,FAHNSCC_15,HN,1,FAHNSCC_15,stromal cells,,carcinoma_in_situ_FAHNSCC_15_2
47521,54441,12209.1132376396,172.296650717703,75.133971291866,604.511961722488,198.448165869219,2862.78309409888,3405.91387559809,189.384370015949,953.271132376396,4535.99043062201,460.462519936204,524.732057416268,997.918660287081,3492.5629984051,617.547049441786,164.979266347687,1304.84529505582,2373.99681020734,1761.25837320574,390.417862838916,1055.11961722488,1767.84688995215,471.159489633174,4342.2312599681,579.234449760766,837.186602870813,258.393939393939,605.925039872408,996.432216905901,409.988835725678,13825.2153110048,8770.45614035088,627,39.0120088575345,20.6575030248551,0.8482996280473,0.955792682926829,0.765567765567766,1.4252339113754,FAHNSCC_15,HN,1,FAHNSCC_15,M1/M0 macrophages,,carcinoma_in_situ_FAHNSCC_15_2
47535,54457,19062.124137931,333.241379310345,104.0,604.110344827586,61.0620689655172,3864.80689655172,667.806896551724,227.689655172414,948.655172413793,5618.17931034483,483.358620689655,215.868965517241,951.8,5568.11724137931,377.158620689655,165.144827586207,918.8,3595.95862068966,697.11724137931,417.089655172414,956.055172413793,3112.27586206897,374.034482758621,923.179310344828,683.88275862069,1525.68275862069,324.558620689655,126.544827586207,986.648275862069,421.213793103448,14538.2275862069,8291.93793103448,145,21.5713375674058,8.86959895175196,0.911556338474884,0.889570552147239,0.545112781954887,0.525749428593334,FAHNSCC_15,HN,1,FAHNSCC_15,stromal cells,,carcinoma_in_situ_FAHNSCC_15_2
47554,54478,17531.1498470948,153.220183486239,66.4403669724771,609.259938837921,193.119266055046,4348.39755351682,602.559633027523,210.039755351682,955.003058103976,6323.02752293578,480.253822629969,143.440366972477,961.957186544343,3895.67278287462,404.654434250765,160.636085626911,1181.08256880734,3085.57798165138,585.048929663609,387.990825688073,975.373088685015,2599.13149847095,256.981651376147,2541.62691131498,1497.67584097859,1074.99694189602,307.850152905199,197.559633027523,1033.23547400612,415.155963302752,14567.9633027523,9084.16819571865,327,30.1163012401012,13.9876188776474,0.885597554071463,0.958944281524927,0.592391304347826,-0.83306328905618,FAHNSCC_15,HN,1,FAHNSCC_15,stromal cells,,carcinoma_in_situ_FAHNSCC_15_2
47565,54489,19186.6290322581,185.5,74.1666666666667,603.779569892473,63.2043010752688,4674.94623655914,651.811827956989,216.623655913979,968.188172043011,7139.76344086022,558.747311827957,155.876344086022,946.983870967742,4893.70430107527,386.41935483871,125.682795698925,1183.85483870968,4586.55913978495,663.424731182796,398.5,968.037634408602,4418.25268817204,322.784946236559,8777.82795698925,2432.80107526882,1579.79569892473,353.994623655914,128.913978494624,1035.70430107527,414.47311827957,14552.8870967742,8918.01612903226,186,18.0899639622235,13.1536384920584,0.686506641660171,0.953846153846154,0.781512605042017,-0.426840440040677,FAHNSCC_15,HN,1,FAHNSCC_15,endothelial cells,,carcinoma_in_situ_FAHNSCC_15_2
47589,54515,4335.26254826255,300.428571428571,110.888030888031,599.169884169884,17.6332046332046,1038.81467181467,505.239382239382,222.131274131274,950.482625482626,1780.40154440154,423.683397683398,1243.78378378378,971.177606177606,1512.43629343629,412.293436293436,142.258687258687,991.061776061776,1284.64092664093,828.057915057915,396.142857142857,1038.17760617761,941.548262548262,335.513513513514,3016.83011583012,578.277992277992,904.583011583012,337.656370656371,122.131274131274,986.563706563706,415.830115830116,13860.6293436293,8953.49034749035,259,22.3398797457306,15.0128769576606,0.740531738877999,0.973684210526316,0.719444444444444,0.918525793135603,FAHNSCC_15,HN,1,FAHNSCC_15,tumor cells,,carcinoma_in_situ_FAHNSCC_15_2
47604,54531,8858.10379746836,325.448101265823,115.726582278481,605.544303797468,9.7746835443038,1946.12911392405,546.610126582278,247.296202531646,951.886075949367,3037.85316455696,435.207594936709,1175.15443037975,963.701265822785,2842.44556962025,404.496202531646,152.924050632911,961.607594936709,2068.47088607595,1017.16202531646,419.891139240506,998.192405063291,1710.90126582278,362.822784810127,1739.8835443038,573.288607594937,1179.92911392405,338.098734177215,121.574683544304,992.878481012658,418.648101265823,14175.0582278481,8276.31139240506,395,33.3470776127709,15.5886079550347,0.8840113213392,0.931603773584906,0.704099821746881,-0.118624472565428,FAHNSCC_15,HN,1,FAHNSCC_15,tumor cells,,carcinoma_in_situ_FAHNSCC_15_2
47626,54554,27641.845124283,319.206500956023,108.474187380497,612.611854684512,186.692160611855,6974.92543021033,831.441682600382,256.143403441683,975.65965583174,9802.02294455067,700.879541108987,164.126195028681,972.12810707457,7637.19502868069,482.588910133843,177.288718929254,1269.65200764818,4493.4378585086,683.110898661568,435.143403441683,981.460803059273,4241.23518164436,335.258126195029,11884.4588910134,2327.88527724665,1091.5086042065,320.642447418738,124.969407265774,1018.53919694073,414.133843212237,14755.5984703633,8953.37284894838,523,34.7215096909488,19.7811902312367,0.821845819186347,0.935599284436494,0.668797953964194,-0.341373732918635,FAHNSCC_15,HN,1,FAHNSCC_15,endothelial cells,,carcinoma_in_situ_FAHNSCC_15_2
47659,54596,8379.14388489209,165.870503597122,81.294964028777,600.172661870504,17.2302158273381,1906.20863309353,453.755395683453,217.41726618705,960.338129496403,3169.58992805755,442.187050359712,864.388489208633,1009.25179856115,2785.0071942446,395.769784172662,144.618705035971,1097.61151079137,1615.47482014389,1244.21582733813,401.978417266187,995.26618705036,1177.43165467626,4363.62589928058,2532.30215827338,575.122302158273,901.352517985612,304.928057553957,117.611510791367,1019.30215827338,415.10071942446,13536.4676258993,8621.1582733813,139,13.5141938497438,13.2121345229653,0.210244978005649,0.926666666666667,0.709183673469388,-1.55243054050986,FAHNSCC_15,HN,1,FAHNSCC_15,Ki67+ tumor cells,,carcinoma_in_situ_FAHNSCC_15_2
47838,54799,13438.5223880597,347.630597014925,106.641791044776,609.835820895522,336.451492537313,3345.52985074627,624.910447761194,214.858208955224,975.578358208955,4577.85447761194,519.432835820896,182.350746268657,963.787313432836,3349.42164179104,501.973880597015,198.425373134328,1157.80970149254,2219.20895522388,569.451492537314,404.089552238806,964.503731343284,1617.27611940299,242.876865671642,4400.32089552239,866.30223880597,819.014925373134,310.69776119403,134.544776119403,1031.26492537313,411.059701492537,13821.1492537313,9574.03731343284,268,24.9413904008808,13.7307471027719,0.834821634797317,0.957142857142857,0.728260869565217,-1.22859425855433,FAHNSCC_15,HN,1,FAHNSCC_15,stromal cells,,carcinoma_in_situ_FAHNSCC_15_2
47898,54866,27301.6302816901,365.830985915493,126.43661971831,613.394366197183,240.197183098592,6438.02816901409,823.433098591549,265.806338028169,972.003521126761,9763.34507042254,655.971830985916,378.637323943662,965.577464788732,6945.14788732394,468.116197183099,216.281690140845,1146.5,4970.54577464789,782.922535211268,427.200704225352,972.056338028169,4311.33450704225,378.485915492958,6152.76408450704,2802.95070422535,1377.18309859155,345.397887323944,157.806338028169,1035.52464788732,420.37676056338,14659.235915493,8496.94718309859,284,21.3029962403282,17.1063584949115,0.595975705083658,0.953020134228188,0.717171717171717,-0.104373388608768,FAHNSCC_15,HN,1,FAHNSCC_15,endothelial cells,,carcinoma_in_situ_FAHNSCC_15_2
47918,54888,14584.0128205128,303.217948717949,100.401709401709,602.730769230769,136.004273504274,3758.17948717949,3429.99145299145,211.205128205128,960.611111111111,5659.79914529915,533.662393162393,223.952991452991,948.512820512821,4448.97863247863,710.512820512821,1089.25641025641,967.371794871795,3568.05555555556,579.833333333333,392.923076923077,965.688034188034,3275.47008547009,259.205128205128,2549.94871794872,659.029914529915,1424.67521367521,345.615384615385,395.029914529915,1018.53846153846,418.858974358974,13926.4102564103,9446.4358974359,234,24.2593080730031,12.2903232980186,0.862167699200746,0.951219512195122,0.615789473684211,-0.695913398296227,FAHNSCC_15,HN,1,FAHNSCC_15,M1/M0 macrophages,,carcinoma_in_situ_FAHNSCC_15_2
47919,54889,4250.49152542373,166.033898305085,79.9943502824859,600.220338983051,16.4406779661017,1116.87570621469,419.197740112994,194.254237288136,945.389830508475,1967.70056497175,418.887005649718,1937.99435028249,947.858757062147,1813.93785310734,419.322033898305,124.480225988701,990.581920903955,1703.38983050847,3593.74576271186,396.418079096045,956.864406779661,1360.1581920904,388.920903954802,4514.72881355932,577.632768361582,1139.10734463277,312.627118644068,120.265536723164,1008.49717514124,415.338983050847,14431.0225988701,8536.0,177,15.1960229873376,14.8251333360696,0.219586746435885,0.967213114754098,0.786666666666667,0.375214163492296,FAHNSCC_15,HN,1,FAHNSCC_15,tumor cells,,carcinoma_in_situ_FAHNSCC_15_2
47928,54898,5952.40069686411,105.780487804878,71.9686411149826,597.198606271777,16.5400696864112,1422.06271777003,406.411149825784,197.905923344948,954.449477351916,2402.14982578397,425.839721254355,1350.0,958.08362369338,1918.70034843206,410.344947735192,136.459930313589,1093.99651567944,1445.83972125436,1937.22996515679,393.473867595819,1020.48432055749,1037.44599303136,428.742160278746,3499.20905923345,578.344947735192,845.250871080139,285.94425087108,113.578397212544,1017.73170731707,411.421602787457,13593.5818815331,8598.40069686411,287,26.3785846015588,13.9911369495731,0.847749035216924,0.950331125827814,0.7175,-1.26721432202826,FAHNSCC_15,HN,1,FAHNSCC_15,tumor cells,,carcinoma_in_situ_FAHNSCC_15_2
47950,54922,14523.5384615385,216.682692307692,80.2644230769231,610.855769230769,86.7403846153846,3766.90384615385,630.995192307692,203.389423076923,970.793269230769,5441.05769230769,491.514423076923,213.610576923077,958.774038461539,4113.62019230769,461.850961538462,200.192307692308,998.552884615385,2914.24038461538,595.413461538462,395.769230769231,960.908653846154,2153.30769230769,260.653846153846,3729.93269230769,1855.16826923077,770.548076923077,282.774038461538,113.451923076923,1008.53846153846,408.259615384615,13641.2692307692,9524.3125,208,18.3550013824737,14.4749959271022,0.614889631868558,0.97196261682243,0.825396825396825,-0.0256763502246295,FAHNSCC_15,HN,1,FAHNSCC_15,endothelial cells,,carcinoma_in_situ_FAHNSCC_15_2
48023,55003,10877.9057971015,396.351449275362,101.626811594203,604.800724637681,314.427536231884,2945.51449275362,4186.74637681159,203.007246376812,960.13768115942,4217.77898550725,2485.77536231884,400.239130434783,956.503623188406,2949.19927536232,576.380434782609,564.141304347826,1114.72101449275,2437.69927536232,584.061594202899,408.315217391304,989.278985507246,2135.07246376812,240.760869565217,2786.57246376812,707.402173913044,992.905797101449,318.728260869565,593.166666666667,1018.75724637681,412.605072463768,13644.6884057971,9664.33333333333,276,25.2255619714466,14.3210828319249,0.823220988413144,0.9419795221843,0.71875,-1.19431684811958,FAHNSCC_15,HN,1,FAHNSCC_15,M2 macrophages,,carcinoma_in_situ_FAHNSCC_15_2
48041,55022,4934.45508982036,276.814371257485,107.940119760479,606.401197604791,10.0359281437126,1181.8502994012,477.263473053892,234.281437125749,952.40119760479,1945.55688622755,404.724550898204,3185.33532934132,951.047904191617,1777.86826347305,374.820359281437,159.161676646707,960.976047904192,1326.75449101796,948.341317365269,480.473053892216,1013.71856287425,968.658682634731,415.305389221557,2331.25149700599,576.137724550898,917.622754491018,343.329341317365,124.850299401198,998.922155688623,417.185628742515,14227.497005988,8231.55688622755,167,21.1691227680793,10.0755605263682,0.879469360956302,0.938202247191011,0.627819548872181,0.561648919403867,FAHNSCC_15,HN,1,FAHNSCC_15,tumor cells,,carcinoma_in_situ_FAHNSCC_15_2
48114,55105,29965.5020408163,358.865306122449,125.804081632653,617.889795918367,156.555102040816,7915.51020408163,964.216326530612,274.012244897959,964.310204081633,11503.0326530612,677.616326530612,178.269387755102,958.702040816326,8696.02040816327,478.359183673469,193.771428571429,1191.98367346939,6008.68163265306,786.334693877551,421.640816326531,988.579591836735,5768.25714285714,360.742857142857,7473.48979591837,2513.10204081633,1615.67346938776,364.102040816327,142.775510204082,1044.54285714286,421.530612244898,14752.9795918367,8740.78775510204,245,22.2900624497309,14.337946371704,0.765661350821581,0.894160583941606,0.696022727272727,-1.2864188238992,FAHNSCC_15,HN,1,FAHNSCC_15,endothelial cells,,carcinoma_in_situ_FAHNSCC_15_2
48130,55122,21374.8928571429,511.530612244898,122.959183673469,612.816326530612,209.836734693878,5659.17346938776,1028.77040816327,213.647959183673,962.668367346939,7357.05102040816,704.418367346939,345.637755102041,962.015306122449,4374.57142857143,381.948979591837,155.40306122449,967.331632653061,4417.86734693878,544.34693877551,388.673469387755,952.102040816326,3980.60714285714,231.0,517.923469387755,651.826530612245,1750.27040816327,304.836734693878,136.535714285714,995.061224489796,415.204081632653,14160.0663265306,9635.11224489796,196,19.941520622994,12.7400425112868,0.769314575504573,0.946859903381642,0.793522267206478,-1.44800977476105,FAHNSCC_15,HN,1,FAHNSCC_15,stromal cells,,carcinoma_in_situ_FAHNSCC_15_2
48164,55159,10489.8136645963,550.950310559006,157.546583850932,633.776397515528,82.5900621118013,2247.37888198758,658.149068322981,229.484472049689,966.167701863354,4351.32298136646,467.621118012422,212.770186335404,952.701863354037,2885.88819875776,369.726708074534,134.888198757764,1077.0248447205,2354.11180124224,687.037267080745,420.490683229814,968.633540372671,1935.60869565217,352.937888198758,2261.5652173913,1499.85093167702,1072.18633540373,305.900621118012,118.546583850932,1009.29192546584,415.304347826087,14596.0683229814,8347.34782608696,161,16.3184402582006,12.7243574061309,0.626086905866991,0.941520467836257,0.766666666666667,-0.914267100090994,FAHNSCC_15,HN,1,FAHNSCC_15,CD4+ T cells,,carcinoma_in_situ_FAHNSCC_15_2
48178,55176,8438.95260663507,201.701421800948,85.4881516587678,601.63981042654,278.132701421801,2087.62559241706,517.943127962085,191.037914691943,950.924170616114,3366.92890995261,452.597156398104,178.815165876777,951.251184834123,2043.5971563981,315.412322274882,161.635071090047,961.445497630332,1724.8009478673,566.279620853081,387.142180094787,944.014218009479,1230.73933649289,282.184834123223,2473.50236966825,652.658767772512,864.161137440758,295.061611374408,139.293838862559,985.658767772512,411.521327014218,14576.7914691943,8720.62559241706,211,27.0776755797524,10.0167240495908,0.929061401073458,0.921397379912664,0.71043771043771,-0.0978535057491717,FAHNSCC_15,HN,1,FAHNSCC_15,stromal cells,,carcinoma_in_situ_FAHNSCC_15_2
48227,55235,8927.29181494662,282.932384341637,85.6548042704626,600.330960854093,190.565836298932,1787.01779359431,6650.23487544484,196.451957295374,948.220640569395,2541.25622775801,625.782918149466,397.935943060498,946.156583629893,1994.49822064057,483.32384341637,1353.0640569395,1009.21708185053,1449.46619217082,667.512455516014,410.231316725979,972.327402135231,903.654804270463,302.0,2293.08185053381,626.298932384342,710.402135231317,262.758007117438,263.003558718861,983.131672597865,410.473309608541,13477.5017793594,8345.54804270463,281,28.6905341946298,12.6431125841355,0.897668237840798,0.942953020134228,0.650462962962963,0.34290643283998,FAHNSCC_15,HN,1,FAHNSCC_15,M1/M0 macrophages,,carcinoma_in_situ_FAHNSCC_15_2
48254,55267,12960.091383812,148.250652741514,81.9451697127937,598.088772845953,19.2402088772846,3408.48041775457,470.052219321149,206.644908616188,946.120104438642,5348.45169712794,468.783289817232,1408.34464751958,983.56135770235,3795.75718015666,388.986945169713,132.44908616188,1011.67624020888,3072.06788511749,1366.50130548303,393.783289817232,956.929503916449,2670.42036553525,1617.57180156658,5020.25326370757,579.44908616188,1448.00783289817,328.23498694517,124.159268929504,1021.3315926893,416.302872062663,14191.2819843342,8638.70757180157,383,29.2003308843458,16.7927140377488,0.818092658713256,0.950372208436724,0.709259259259259,-0.392987228713723,FAHNSCC_15,HN,1,FAHNSCC_15,Ki67+ tumor cells,,carcinoma_in_situ_FAHNSCC_15_2
48328,55353,26862.8655462185,334.071428571429,119.159663865546,606.689075630252,174.046218487395,6831.77731092437,1572.20168067227,259.571428571429,958.714285714286,9918.29411764706,923.457983193277,178.764705882353,965.436974789916,9367.10504201681,562.831932773109,382.142857142857,1290.1974789916,5944.3487394958,754.390756302521,413.352941176471,984.617647058824,6095.31092436975,347.936974789916,7325.9243697479,966.558823529412,1775.39075630252,371.147058823529,190.016806722689,1032.63025210084,421.831932773109,14559.3865546219,8955.31092436975,238,22.0152849840408,14.3659753821352,0.757749534162494,0.894736842105263,0.659279778393352,-0.582440756709913,FAHNSCC_15,HN,1,FAHNSCC_15,M2 macrophages,,carcinoma_in_situ_FAHNSCC_15_2
48341,55366,6551.48987854251,147.400809716599,82.5060728744939,602.854251012146,11.8663967611336,1393.61538461538,435.987854251012,210.51012145749,955.17004048583,2283.48987854251,399.886639676113,2558.78947368421,962.744939271255,2176.44939271255,357.453441295547,124.688259109312,964.927125506073,1651.03238866397,1348.91093117409,408.514170040486,1001.79352226721,1247.33198380567,559.63967611336,2507.52226720648,575.287449392713,1013.004048583,326.866396761134,120.283400809717,1010.75708502024,415.214574898785,13784.2834008097,8237.51417004049,247,24.2072892161882,13.0215584751999,0.842996591398672,0.932075471698113,0.643229166666667,0.356395858226583,FAHNSCC_15,HN,1,FAHNSCC_15,tumor cells,,carcinoma_in_situ_FAHNSCC_15_2
48368,55399,7193.22388059702,245.641791044776,112.522388059702,604.589552238806,162.380597014925,1690.17164179104,474.432835820896,194.776119402985,952.753731343284,2843.23880597015,419.84328358209,213.955223880597,950.544776119403,2443.08208955224,396.014925373134,138.014925373134,1090.35820895522,2131.50746268657,583.320895522388,385.55223880597,948.880597014925,1884.25373134328,362.828358208955,8984.86567164179,1271.75373134328,1172.82835820896,323.425373134328,129.708955223881,1010.12686567164,416.664179104478,13894.6791044776,8768.05970149254,134,19.5970957363097,8.98647261813461,0.888662701726312,0.899328859060403,0.705263157894737,0.177130069940768,FAHNSCC_15,HN,1,FAHNSCC_15,stromal cells,,carcinoma_in_situ_FAHNSCC_15_2
48391,55425,21202.9549180328,365.868852459016,109.66393442623,613.860655737705,202.655737704918,4950.94672131148,773.463114754098,238.696721311475,965.877049180328,7372.47131147541,626.422131147541,158.979508196721,949.004098360656,6502.65983606557,462.229508196721,167.696721311475,1631.45081967213,5082.5,652.135245901639,421.159836065574,963.213114754099,5331.80737704918,321.77868852459,6988.11475409836,2064.81967213115,1617.7868852459,345.151639344262,127.389344262295,1033.26639344262,417.885245901639,14415.7131147541,9048.76229508197,244,21.0747898220362,14.8365807677417,0.710203323923696,0.968253968253968,0.755417956656347,-0.6401868342842,FAHNSCC_15,HN,1,FAHNSCC_15,endothelial cells,,carcinoma_in_situ_FAHNSCC_15_2
48401,55436,27166.9480968858,405.145328719723,137.615916955017,613.16955017301,214.121107266436,6577.43252595156,864.78892733564,236.916955017301,966.051903114187,9823.8615916955,582.134948096886,182.9723183391,949.989619377163,8754.13494809689,530.346020761246,172.913494809689,1097.36678200692,5795.52941176471,670.975778546713,405.034602076125,982.128027681661,5586.99307958478,319.058823529412,6426.3598615917,2159.25259515571,1775.10380622837,366.304498269896,140.01384083045,1028.19723183391,421.757785467128,14276.9965397924,9225.56747404845,289,21.5668848162029,17.1595577751699,0.605764784449862,0.950657894736842,0.764550264550265,1.30905680552537,FAHNSCC_15,HN,1,FAHNSCC_15,endothelial cells,,carcinoma_in_situ_FAHNSCC_15_2
48434,55474,21877.8632478632,382.452991452991,114.581196581197,593.905982905983,224.119658119658,1196.92307692308,589.324786324786,184.153846153846,980.418803418804,8381.04273504273,549.589743589744,300.632478632479,938.57264957265,4704.04273504274,404.213675213675,255.91452991453,939.0,5401.59829059829,652.837606837607,406.393162393162,958.290598290598,4565.93162393162,341.333333333333,923.487179487179,593.059829059829,2376.80341880342,357.803418803419,231.521367521368,977.145299145299,415.74358974359,13263.2564102564,8703.00854700855,117,19.6480621108155,7.63559142150025,0.921398945969552,0.936,0.52,-0.764386689564144,FAHNSCC_15,HN,1,FAHNSCC_15,stromal cells,,carcinoma_in_situ_FAHNSCC_15_2
48442,55483,5358.69767441861,163.093023255814,88.8139534883721,600.897674418605,18.2279069767442,1141.75348837209,716.637209302326,182.083720930233,936.53023255814,2015.15813953488,368.688372093023,1575.26046511628,945.851162790698,1577.1023255814,502.986046511628,137.697674418605,1052.19069767442,1453.04651162791,2472.46511627907,380.4,965.925581395349,1125.13488372093,2002.4,2037.69302325581,576.269767441861,869.646511627907,274.362790697674,125.567441860465,995.609302325581,407.786046511628,13984.223255814,8650.41395348837,215,22.445705881689,12.3197669817277,0.835907946523211,0.955555555555556,0.778985507246377,-0.0194258468194554,FAHNSCC_15,HN,1,FAHNSCC_15,Ki67+ tumor cells,,carcinoma_in_situ_FAHNSCC_15_2
48537,55588,14153.5531914894,275.515957446809,90.5186170212766,612.731382978723,253.683510638298,3548.35372340426,1698.86170212766,204.409574468085,953.015957446809,5253.44414893617,865.882978723404,202.446808510638,957.579787234043,3850.82446808511,612.585106382979,645.103723404255,1050.67021276596,3147.89095744681,581.095744680851,403.638297872341,984.19414893617,2871.89893617021,256.646276595745,1965.55319148936,647.441489361702,1389.84840425532,328.577127659574,331.56914893617,1014.01861702128,416.263297872341,13574.9840425532,9666.70744680851,376,33.534917397938,14.5891861867763,0.900408883838226,0.94,0.626666666666667,-0.430284320500262,FAHNSCC_15,HN,1,FAHNSCC_15,M1/M0 macrophages,,carcinoma_in_situ_FAHNSCC_15_2
48603,55666,12407.0181818182,274.409090909091,96.2818181818182,604.754545454546,67.7454545454546,2993.17272727273,689.036363636364,200.118181818182,983.354545454546,4608.30909090909,680.9,166.936363636364,956.954545454546,4159.79090909091,481.154545454545,319.809090909091,1679.48181818182,2936.18181818182,573.9,400.790909090909,965.563636363636,2800.13636363636,263.663636363636,3802.81818181818,1449.11818181818,998.5,314.745454545455,201.490909090909,1039.8,410.381818181818,13835.7454545455,9608.78181818182,110,15.3353193464562,9.17568906395616,0.801244548961018,0.94017094017094,0.654761904761905,-0.91702628951815,FAHNSCC_15,HN,1,FAHNSCC_15,effector CD8+ T cells,,carcinoma_in_situ_FAHNSCC_15_2
48618,55681,5701.77956989247,148.387096774194,71.0161290322581,607.215053763441,15.3655913978495,1404.95161290323,453.956989247312,207.478494623656,942.655913978495,2148.86559139785,452.887096774194,815.037634408602,1023.27419354839,1717.17204301075,367.145161290323,139.935483870968,953.827956989247,1347.90860215054,1269.85483870968,404.951612903226,967.838709677419,936.198924731183,4572.74731182796,1829.2311827957,575.989247311828,876.983870967742,320.295698924731,118.204301075269,1008.76344086022,413.247311827957,13139.0860215054,8516.01075268817,186,20.1849832991319,11.9863259821489,0.804595020903528,0.939393939393939,0.715384615384615,-0.170656854854409,FAHNSCC_15,HN,1,FAHNSCC_15,Ki67+ tumor cells,,carcinoma_in_situ_FAHNSCC_15_2
48645,55710,7267.20866141732,191.334645669291,95.7874015748032,617.96062992126,857.905511811024,1749.13385826772,607.326771653543,174.783464566929,944.44094488189,2678.14566929134,488.405511811024,138.905511811024,951.574803149606,2352.39763779528,466.248031496063,119.905511811024,1083.22834645669,2265.38582677165,511.700787401575,375.185039370079,960.106299212598,2024.64566929134,212.700787401575,1014.00393700787,595.452755905512,1308.66535433071,310.767716535433,124.496062992126,1010.46456692913,414.704724409449,14751.5118110236,9353.22047244095,254,24.808043957932,13.0583747419695,0.850251513567718,0.951310861423221,0.636591478696742,-0.897171695644394,FAHNSCC_15,HN,1,FAHNSCC_15,stromal cells,,carcinoma_in_situ_FAHNSCC_15_2
48646,55711,16398.7882352941,276.188235294118,111.247058823529,601.44705882353,113.105882352941,3929.35294117647,538.352941176471,203.505882352941,954.741176470588,6803.6,408.176470588235,324.117647058824,944.541176470588,4252.2,434.482352941177,193.823529411765,892.835294117647,5322.8,641.576470588235,406.023529411765,950.223529411765,4488.30588235294,536.6,810.717647058824,581.529411764706,2507.48235294118,300.682352941177,123.517647058824,991.847058823529,422.788235294118,14011.0117647059,8442.64705882353,85,13.0514294260895,8.42930193505232,0.763461977310188,0.913978494623656,0.726495726495727,0.160783584553099,FAHNSCC_15,HN,1,FAHNSCC_15,stromal cells,,carcinoma_in_situ_FAHNSCC_15_2
48650,55715,5560.5,134.653153153153,75.7837837837838,605.418918918919,419.333333333333,1396.56306306306,406.932432432433,178.036036036036,940.932432432432,2387.04954954955,466.923423423423,205.193693693694,944.743243243243,1497.5990990991,376.477477477478,128.941441441441,1038.84684684685,1299.65315315315,612.887387387387,393.545045045045,968.243243243243,892.896396396396,337.945945945946,2945.17567567568,588.436936936937,790.108108108108,283.31981981982,118.783783783784,1007.28378378378,412.058558558559,14527.6216216216,8503.2027027027,222,22.2606802098424,12.7639878045234,0.819284557029934,0.956896551724138,0.720779220779221,-0.313793637738459,FAHNSCC_15,HN,1,FAHNSCC_15,stromal cells,,carcinoma_in_situ_FAHNSCC_15_2
48732,55803,9174.0030816641,143.33281972265,70.7580893682589,597.513097072419,20.9460708782743,2388.20030816641,428.82126348228,215.620955315871,949.728813559322,3728.31895223421,418.768875192604,625.257318952234,1046.11402157165,2704.09553158706,374.171032357473,149.121725731895,1006.16949152542,2174.35593220339,940.486902927581,385.942989214176,1010.54853620955,1807.40369799692,1524.31278890601,2111.73189522342,577.009244992296,926.007704160247,286.246533127889,115.394453004622,1006.43605546995,412.309707241911,13670.782742681,9230.39445300463,649,31.2263478864827,27.326484420843,0.483924334286547,0.957227138643068,0.745977011494253,1.16855816332787,FAHNSCC_15,HN,1,FAHNSCC_15,Ki67+ tumor cells,,carcinoma_in_situ_FAHNSCC_15_2
48831,55915,12368.2607655502,196.22009569378,93.6076555023924,602.318181818182,22.9138755980861,2956.67464114833,525.61004784689,208.502392344498,946.555023923445,4393.6028708134,473.545454545455,1918.48325358852,962.736842105263,3082.43062200957,395.576555023923,129.260765550239,1018.11722488038,2556.88516746412,706.789473684211,390.925837320574,967.275119617225,2212.2990430622,493.267942583732,2637.03110047847,579.909090909091,1157.16746411483,327.22966507177,123.99043062201,1002.22009569378,416.069377990431,14496.2894736842,8786.07655502392,418,26.4834657241958,20.4336988789202,0.636151242709472,0.963133640552995,0.765567765567766,-0.110296830170275,FAHNSCC_15,HN,1,FAHNSCC_15,tumor cells,,carcinoma_in_situ_FAHNSCC_15_2
48911,56009,13230.4834123223,134.990521327014,64.521327014218,613.298578199052,171.815165876777,3545.10900473934,459.995260663507,191.336492890995,954.052132701422,5137.89336492891,441.857819905213,140.161137440758,935.338862559242,3547.52606635071,460.481042654029,125.331753554502,1144.41943127962,3049.2654028436,540.386255924171,381.023696682465,971.350710900474,2663.9336492891,241.627962085308,603.490521327014,3400.47156398104,928.582938388626,295.590047393365,291.488151658768,1038.58293838863,413.9336492891,14479.1658767773,9311.09952606635,422,34.6852533624041,15.9636098725899,0.887793509127652,0.941964285714286,0.558201058201058,-0.811331245565039,FAHNSCC_15,HN,1,FAHNSCC_15,endothelial cells,,carcinoma_in_situ_FAHNSCC_15_2
48950,56051,11915.3180661578,316.239185750636,112.727735368957,602.010178117048,17.8320610687023,2684.49109414758,571.234096692112,240.709923664122,947.030534351145,4176.68956743003,474.839694656489,1434.17302798982,1006.00254452926,2725.85750636132,405.455470737914,151.363867684478,986.142493638677,2412.62595419847,1140.76844783715,400.793893129771,971.913486005089,2028.34351145038,550.099236641221,3000.02544529262,581.666666666667,1177.20356234097,334.142493638677,123.826972010178,998.437659033079,417.386768447837,14224.8066157761,8569.96692111959,393,35.2198075145708,14.3552768640731,0.913164590744288,0.949275362318841,0.524,-0.681222358776563,FAHNSCC_15,HN,1,FAHNSCC_15,tumor cells,,carcinoma_in_situ_FAHNSCC_15_2
48995,56100,6289.09951456311,113.825242718447,61.1723300970874,599.844660194175,24.2087378640777,1465.32281553398,401.888349514563,202.252427184466,946.009708737864,2245.80097087379,413.43932038835,826.660194174757,982.776699029126,1692.01699029126,407.368932038835,141.655339805825,1024.68689320388,1397.18203883495,1387.11650485437,393.555825242718,997.752427184466,1209.46116504854,1044.22330097087,2393.12378640777,582.859223300971,908.330097087379,317.93932038835,119.815533980583,1016.18689320388,412.854368932039,13507.3373786408,9626.18446601942,412,32.8384578733826,16.0220767926261,0.872896241892178,0.953703703703704,0.653968253968254,1.12790525454599,FAHNSCC_15,HN,1,FAHNSCC_15,Ki67+ tumor cells,,carcinoma_in_situ_FAHNSCC_15_2
49071,56184,8697.65384615385,249.524038461538,84.7932692307692,608.216346153846,138.759615384615,2143.82211538462,1445.98557692308,209.302884615385,949.043269230769,3838.25,495.807692307692,1365.85576923077,946.25,3169.43269230769,560.350961538462,358.471153846154,948.701923076923,3085.74038461538,2035.25961538462,418.951923076923,950.100961538462,2526.50480769231,387.423076923077,2764.52884615385,600.548076923077,1443.63942307692,375.129807692308,208.870192307692,1006.98557692308,420.254807692308,13949.9615384615,8403.09134615385,208,27.6907363423567,9.78561464365827,0.935476286390035,0.932735426008969,0.554666666666667,0.455600897291781,FAHNSCC_15,HN,1,FAHNSCC_15,tumor cells,,carcinoma_in_situ_FAHNSCC_15_2
49127,56253,7542.72325581395,130.841860465116,73.7325581395349,601.090697674419,21.4302325581395,2009.93953488372,449.881395348837,227.006976744186,954.204651162791,2977.98837209302,394.806976744186,839.755813953488,1051.64418604651,2170.44418604651,408.427906976744,161.111627906977,1062.96511627907,1671.35813953488,1044.62558139535,377.148837209302,984.379069767442,1276.63720930233,359.693023255814,4085.58139534884,582.888372093023,798.960465116279,291.93023255814,114.386046511628,1006.58604651163,409.172093023256,13987.7558139535,9337.06279069768,430,28.6990009046478,19.6485753730999,0.728878391662891,0.959821428571429,0.706075533661741,-0.28535169712083,FAHNSCC_15,HN,1,FAHNSCC_15,tumor cells,,carcinoma_in_situ_FAHNSCC_15_2
49133,56260,5790.10280373832,158.119626168224,67.9869158878505,603.014953271028,19.2803738317757,1408.60186915888,397.839252336449,219.880373831776,959.291588785047,2214.23738317757,383.499065420561,1137.43364485981,1029.65046728972,1506.50841121495,367.108411214953,144.970093457944,1080.48224299065,1239.2953271028,666.069158878505,381.936448598131,1019.75700934579,917.899065420561,240.142056074766,3116.80934579439,577.097196261682,767.768224299065,282.63738317757,110.190654205607,984.624299065421,409.403738317757,13955.8224299065,9275.22429906542,535,32.0117079270556,21.7858089150537,0.732694647708942,0.960502692998205,0.743055555555556,-1.21475728138827,FAHNSCC_15,HN,1,FAHNSCC_15,tumor cells,,carcinoma_in_situ_FAHNSCC_15_2
49135,56262,8302.14928909953,172.917061611374,75.9763033175355,607.135071090047,11.0829383886256,1853.68483412322,462.798578199052,242.841232227488,960.68009478673,2899.63033175355,406.952606635071,1717.58767772512,970.850710900474,2497.50236966825,370.571090047393,173.5663507109,989.492890995261,1895.86255924171,968.701421800948,417.002369668246,1140.37203791469,1542.13981042654,403.554502369668,2777.80331753555,574.931279620853,1019.11374407583,311.791469194313,116.208530805687,990.60663507109,417.175355450237,14393.9407582938,8133.48815165877,422,29.0068728064322,18.5370844337728,0.769158253072925,0.972350230414747,0.703333333333333,0.789361935015903,FAHNSCC_15,HN,1,FAHNSCC_15,tumor cells,,carcinoma_in_situ_FAHNSCC_15_2
49146,56275,11411.8,157.326829268293,76.1073170731707,604.975609756098,233.858536585366,2836.33658536585,456.487804878049,197.546341463415,940.814634146342,4300.21463414634,412.790243902439,241.117073170732,936.980487804878,3204.56585365854,363.790243902439,122.60487804878,1055.10731707317,2899.19024390244,667.59512195122,389.90243902439,955.229268292683,2514.29268292683,334.4,1653.59024390244,623.634146341463,1352.43414634146,317.185365853659,126.321951219512,1000.90731707317,419.078048780488,14557.6780487805,8620.35609756098,205,28.1407461543899,9.33084859162996,0.943427855204132,0.923423423423423,0.606508875739645,0.315452536505507,FAHNSCC_15,HN,1,FAHNSCC_15,stromal cells,,carcinoma_in_situ_FAHNSCC_15_2
49160,56291,13329.1418439716,183.347517730497,81.3191489361702,607.524822695036,88.2198581560284,3443.65957446809,562.141843971631,204.609929078014,972.390070921986,4471.06382978723,527.36170212766,169.021276595745,958.553191489362,3767.95035460993,425.702127659574,170.503546099291,1013.53191489362,2578.15602836879,580.758865248227,403.851063829787,964.794326241135,2445.2695035461,253.397163120567,2558.68794326241,778.872340425532,1070.75886524823,359.375886524823,155.007092198582,1032.29787234043,417.014184397163,13967.0,9498.63120567376,141,15.6348527543793,11.6137322755041,0.669501762625198,0.927631578947368,0.723076923076923,-0.939646620154472,FAHNSCC_15,HN,1,FAHNSCC_15,stromal cells,,carcinoma_in_situ_FAHNSCC_15_2
49171,56304,6009.26164874552,152.810035842294,73.258064516129,600.394265232975,19.5304659498208,1507.95698924731,423.032258064516,185.584229390681,942.139784946236,2648.35842293907,424.397849462366,1676.23297491039,945.322580645161,2510.82795698925,412.777777777778,117.903225806452,1028.72401433692,2105.68458781362,2099.32258064516,388.512544802867,962.451612903226,1892.15770609319,752.086021505376,4264.84229390681,578.225806451613,1246.34408602151,311.795698924731,120.476702508961,1035.83870967742,413.982078853047,14237.770609319,8679.42652329749,279,26.8945888247191,13.2441950817067,0.870341687044063,0.939393939393939,0.738095238095238,-0.0528188014777303,FAHNSCC_15,HN,1,FAHNSCC_15,Ki67+ tumor cells,,carcinoma_in_situ_FAHNSCC_15_2
49273,56419,12318.3278688525,174.939890710383,84.5300546448087,616.524590163935,327.29781420765,3032.50546448087,466.327868852459,192.989071038251,955.75956284153,4453.74043715847,425.718579234973,167.420765027322,943.74043715847,3124.46994535519,471.437158469945,146.57650273224,1139.8825136612,2604.72404371585,576.732240437159,390.03825136612,984.254098360656,2020.6393442623,235.144808743169,841.625683060109,3588.22404371585,851.325136612022,295.218579234973,192.338797814208,1028.56284153005,411.948087431694,14139.9426229508,9607.86885245902,366,31.2379121072896,14.9985957509247,0.877191440450155,0.943298969072165,0.586538461538462,-0.706356015745437,FAHNSCC_15,HN,1,FAHNSCC_15,endothelial cells,,carcinoma_in_situ_FAHNSCC_15_2
49293,56440,4694.56476683938,157.145077720207,62.9326424870466,597.186528497409,10.2487046632124,964.217616580311,434.212435233161,213.761658031088,952.481865284974,1632.55958549223,437.450777202073,3842.58549222798,970.238341968912,1680.23316062176,429.357512953368,129.424870466321,982.917098445596,1333.21243523316,1545.54404145078,413.621761658031,966.139896373057,989.025906735751,350.559585492228,1476.30051813472,574.911917098446,870.782383419689,315.652849740933,117.79274611399,1011.37305699482,414.694300518135,13596.9948186528,8077.66321243523,193,19.1827091805208,12.8680481610575,0.741624769389393,0.965,0.824786324786325,-0.234318164806202,FAHNSCC_15,HN,1,FAHNSCC_15,tumor cells,,carcinoma_in_situ_FAHNSCC_15_2
49306,56454,8854.85620915033,172.058823529412,85.4575163398693,618.673202614379,904.366013071895,2128.54901960784,478.509803921569,187.006535947712,941.83660130719,3566.0522875817,394.705882352941,275.228758169935,948.640522875817,2939.54901960784,369.712418300654,272.150326797386,991.169934640523,2430.17647058824,656.777777777778,452.875816993464,966.83660130719,2008.87581699346,330.633986928105,1916.69934640523,579.830065359477,1168.65359477124,291.705882352941,127.954248366013,993.457516339869,415.869281045752,14029.1241830065,8348.01960784314,153,17.7914627810202,11.0929750374044,0.781823439556201,0.938650306748466,0.772727272727273,0.0566713783200728,FAHNSCC_15,HN,1,FAHNSCC_15,stromal cells,,carcinoma_in_situ_FAHNSCC_15_2
49347,56500,15051.6965317919,258.265895953757,101.127167630058,611.684971098266,488.728323699422,3499.67630057804,657.852601156069,223.815028901734,957.35838150289,5359.81502890173,570.780346820809,145.817919075145,958.222543352601,5570.20809248555,463.956647398844,154.28612716763,1233.31791907514,3019.28034682081,656.083815028902,399.812138728324,966.138728323699,3069.26589595376,293.592485549133,4569.65895953757,686.167630057803,1214.01734104046,317.815028901734,124.265895953757,1020.19075144509,414.575144508671,14882.9739884393,8815.14739884393,346,26.9186851521906,16.3974282231142,0.793057562939952,0.969187675070028,0.782805429864253,-1.25321067843386,FAHNSCC_15,HN,1,FAHNSCC_15,stromal cells,,carcinoma_in_situ_FAHNSCC_15_2
49359,56514,12372.1241830065,181.915032679739,88.718954248366,604.065359477124,112.202614379085,2982.67320261438,532.287581699346,199.320261437909,965.209150326797,4202.7385620915,462.058823529412,177.771241830065,955.764705882353,3255.32026143791,403.921568627451,153.790849673203,1011.81699346405,1867.21568627451,539.542483660131,386.830065359477,974.718954248366,1195.92810457516,214.235294117647,1905.81699346405,865.823529411765,770.183006535948,279.013071895425,119.915032679739,997.124183006536,406.516339869281,14039.091503268,9685.42483660131,153,17.5570804250278,11.1388324524656,0.772975929466825,0.950310559006211,0.75,-1.30791550742545,FAHNSCC_15,HN,1,FAHNSCC_15,stromal cells,,carcinoma_in_situ_FAHNSCC_15_2
49366,56522,7187.30120481928,240.987951807229,121.831325301205,618.265060240964,227.915662650602,1845.90361445783,552.253012048193,209.433734939759,946.939759036145,2766.95180722892,415.819277108434,202.313253012048,951.638554216867,1899.86746987952,401.879518072289,141.060240963855,1019.0843373494,1375.39759036145,606.710843373494,397.915662650602,955.963855421687,950.168674698795,331.795180722892,603.614457831325,2261.65060240964,907.144578313253,348.734939759036,142.819277108434,997.421686746988,417.048192771084,13330.686746988,8645.86746987952,83,15.0284025350042,7.13093732934687,0.880256925709876,0.943181818181818,0.79047619047619,1.47823078142452,FAHNSCC_15,HN,1,FAHNSCC_15,endothelial cells,,carcinoma_in_situ_FAHNSCC_15_2
49446,56609,4709.93046776233,168.472819216182,80.6396965865992,602.541087231353,9.2819216182048,1049.78255372946,449.730720606827,228.738305941846,960.859671302149,1803.46144121365,390.152970922883,1954.65739570164,996.134007585335,1626.82300884956,383.489254108723,168.723135271808,1030.65613147914,1268.54614412137,1023.84702907712,414.112515802781,966.322376738306,914.016434892541,344.730720606827,4119.48293299621,574.700379266751,862.542351453856,316.677623261694,118.376738305942,991.179519595449,416.87610619469,13897.2895069532,8251.61567635904,791,43.0899070395581,23.4808065415195,0.838484203359563,0.964634146341463,0.665264928511354,0.425492244646599,FAHNSCC_15,HN,1,FAHNSCC_15,tumor cells,,carcinoma_in_situ_FAHNSCC_15_2
49450,56614,12961.5645933014,275.325358851675,92.1148325358852,610.679425837321,197.172248803828,3223.38755980861,4652.93779904306,214.531100478469,961.909090909091,4679.25358851675,845.157894736842,165.674641148325,938.062200956938,2798.45933014354,685.813397129187,1042.60765550239,1173.36842105263,2205.52153110048,596.488038277512,387.315789473684,954.765550239234,1845.05263157895,307.942583732057,3951.25837320574,768.21052631579,979.081339712919,270.033492822967,171.636363636364,1003.91387559809,412.368421052632,14594.5837320574,8818.11961722488,209,19.574040408771,14.1244992336713,0.692317052672092,0.933035714285714,0.683006535947712,0.626575348362026,FAHNSCC_15,HN,1,FAHNSCC_15,M2 macrophages,,carcinoma_in_situ_FAHNSCC_15_2
49465,56631,12535.0300187617,129.448405253283,64.4090056285178,599.838649155722,20.7842401500938,3409.23452157599,463.217636022514,230.427767354597,949.84052532833,5119.41275797373,403.701688555347,822.570356472796,1078.58724202627,3690.29643527205,394.812382739212,158.020637898687,1011.36022514071,2975.47842401501,951.846153846154,384.365853658537,984.551594746717,2670.14821763602,1590.2851782364,2631.95497185741,579.990619136961,1169.65853658537,298.615384615385,117.37148217636,1009.42589118199,415.649155722326,13858.4953095685,9396.89305816135,533,35.3533140496845,19.3618936500394,0.836695465298767,0.950089126559715,0.746498599439776,-0.23806402489664,FAHNSCC_15,HN,1,FAHNSCC_15,Ki67+ tumor cells,,carcinoma_in_situ_FAHNSCC_15_2
49481,56652,23603.3244444444,301.524444444444,98.8222222222222,598.826666666667,100.546666666667,6223.16,662.462222222222,226.897777777778,968.271111111111,8872.29777777778,507.12,169.502222222222,947.737777777778,6998.82222222222,451.813333333333,184.697777777778,1083.02666666667,5967.58222222222,617.386666666667,387.186666666667,951.0,6085.12,281.626666666667,3897.15555555556,782.031111111111,2130.36444444444,349.173333333333,173.657777777778,1018.35111111111,418.253333333333,14192.4533333333,9239.67555555556,225,19.0313754036332,15.1642456227705,0.60423996325077,0.965665236051502,0.78125,-0.461024346237319,FAHNSCC_15,HN,1,FAHNSCC_15,stromal cells,,carcinoma_in_situ_FAHNSCC_15_2
49567,56751,16256.5862068966,100.35632183908,64.7068965517241,593.965517241379,40.1724137931034,4302.14367816092,477.074712643678,188.172413793103,957.120689655172,6364.93103448276,437.655172413793,153.988505747126,942.787356321839,3827.52298850575,316.942528735632,110.977011494253,993.126436781609,3813.08045977012,546.603448275862,381.166666666667,940.568965517241,3574.74712643678,256.005747126437,2369.81609195402,837.82183908046,1413.27586206897,282.775862068966,127.959770114943,997.471264367816,413.040229885058,14592.2126436782,8870.73563218391,174,20.7193555820342,10.7571909047446,0.854661523942048,0.956043956043956,0.763157894736842,-0.325493164975947,FAHNSCC_15,HN,1,FAHNSCC_15,stromal cells,,carcinoma_in_situ_FAHNSCC_15_2
49638,56824,11697.9585062241,188.647302904564,79.0995850622407,604.875518672199,20.1991701244813,2742.32780082988,454.199170124481,196.448132780083,941.282157676349,4652.96680497925,398.717842323651,1210.45643153527,975.082987551867,3476.93360995851,376.842323651452,138.709543568465,1009.77178423237,3079.35269709544,1114.38174273859,385.630705394191,967.103734439834,2700.07053941909,2257.29460580913,2122.63070539419,575.016597510374,1489.83402489627,299.842323651452,120.966804979253,1008.66390041494,415.215767634855,13535.2614107884,8807.67634854772,241,26.9213780324679,11.5419633942501,0.903433356465444,0.94140625,0.772435897435898,-0.130964149211003,FAHNSCC_15,HN,1,FAHNSCC_15,Ki67+ tumor cells,,carcinoma_in_situ_FAHNSCC_15_2
49649,56838,4368.90128755365,158.811158798283,80.7811158798283,609.969957081545,13.7124463519313,1178.82403433476,478.18025751073,207.557939914163,949.742489270386,1969.15879828326,428.982832618026,1194.7339055794,947.18025751073,1882.37339055794,407.952789699571,126.047210300429,939.716738197425,1624.12446351931,1215.14592274678,406.751072961373,948.781115879828,1392.07725321888,875.8669527897,6484.60515021459,583.321888412017,1100.09871244635,348.545064377682,125.763948497854,1019.65665236052,421.278969957082,14680.9356223176,8382.15879828326,233,22.0150534284962,13.5031645034458,0.789803063383019,0.970833333333333,0.853479853479853,0.0132622328573232,FAHNSCC_15,HN,1,FAHNSCC_15,Ki67+ tumor cells,,carcinoma_in_situ_FAHNSCC_15_2
49691,56888,13150.2761904762,311.804761904762,102.657142857143,607.161904761905,55.7333333333333,3487.59523809524,658.871428571429,231.171428571429,974.485714285714,5565.68571428571,578.061904761905,162.647619047619,948.704761904762,4856.59047619048,390.852380952381,138.095238095238,1171.04285714286,3877.87142857143,651.261904761905,401.42380952381,955.938095238095,3746.17619047619,315.695238095238,9147.55714285714,1575.96666666667,1895.62380952381,365.680952380952,132.252380952381,1032.97619047619,420.066666666667,14658.1523809524,8813.21428571429,210,19.0594682941584,14.1465788545245,0.670141177853391,0.950226244343891,0.736842105263158,-0.0148804975310605,FAHNSCC_15,HN,1,FAHNSCC_15,stromal cells,,carcinoma_in_situ_FAHNSCC_15_2
49787,57001,6592.42016806723,328.823529411765,507.613445378151,602.36974789916,278.714285714286,1771.93277310924,2739.82352941177,184.848739495798,1024.2268907563,2684.2268907563,3135.25210084034,618.890756302521,953.689075630252,2113.60504201681,725.72268907563,537.394957983193,1171.8487394958,1539.28571428571,534.504201680672,388.983193277311,976.478991596639,1253.42016806723,228.563025210084,3531.99159663866,810.235294117647,762.529411764706,287.848739495798,545.403361344538,1025.09243697479,410.55462184874,13661.7478991597,9664.31092436975,119,15.0810071377019,10.0711535775568,0.744337363695572,0.922480620155039,0.721212121212121,-0.237939155629769,FAHNSCC_15,HN,1,FAHNSCC_15,M2 macrophages,,carcinoma_in_situ_FAHNSCC_15_2
49814,57037,20018.7678571429,298.543367346939,97.1734693877551,607.40306122449,151.25,5093.35969387755,715.834183673469,222.301020408163,957.742346938776,7369.36479591837,523.510204081633,215.206632653061,967.418367346939,5530.71428571429,500.540816326531,185.339285714286,1166.04846938776,4520.40306122449,602.543367346939,399.466836734694,979.890306122449,4070.13775510204,274.19387755102,4251.64030612245,1431.52551020408,1715.61734693878,351.364795918367,134.688775510204,1030.74489795918,419.076530612245,13704.5153061224,9562.89285714286,392,33.0902189839787,15.8369558109589,0.878033430553071,0.942307692307692,0.583333333333333,-0.852333244528123,FAHNSCC_15,HN,1,FAHNSCC_15,stromal cells,,carcinoma_in_situ_FAHNSCC_15_2
49852,57081,6669.2987012987,187.863636363636,80.5714285714286,608.058441558442,9.53896103896104,1449.63852813853,475.952380952381,257.874458874459,953.725108225108,2277.27489177489,412.997835497836,1111.37445887446,952.718614718615,1912.78571428571,354.606060606061,169.865800865801,1001.37878787879,1537.75324675325,784.233766233766,409.151515151515,1014.96103896104,1145.0670995671,327.5670995671,2918.86796536797,572.112554112554,948.580086580087,343.852813852814,121.997835497836,1000.70346320346,416.426406926407,13837.7316017316,8170.51082251082,462,29.1853655306093,20.248547742318,0.720176275221963,0.960498960498961,0.740384615384615,0.618777788963167,FAHNSCC_15,HN,1,FAHNSCC_15,tumor cells,,carcinoma_in_situ_FAHNSCC_15_2
49873,57111,9087.41048034935,270.64192139738,110.720524017467,614.423580786026,607.187772925764,2391.15720524018,501.46288209607,186.558951965066,975.689956331878,3590.16593886463,470.794759825328,139.454148471616,941.475982532751,3230.83406113537,555.122270742358,145.995633187773,2070.37991266376,3190.94323144105,534.812227074236,386.650655021834,959.61135371179,3097.21397379913,246.82096069869,1081.33187772926,595.449781659389,1863.39737991266,314.947598253275,140.71615720524,1011.01310043668,419.043668122271,14699.9301310044,9307.50218340611,229,22.8857757546363,12.7312404104001,0.830984946049581,0.96218487394958,0.669590643274854,-0.82772013384235,FAHNSCC_15,HN,1,FAHNSCC_15,effector CD8+ T cells,,carcinoma_in_situ_FAHNSCC_15_2
49934,57184,7797.86821705426,140.313953488372,67.9573643410853,593.077519379845,14.9341085271318,1021.65891472868,297.817829457364,180.166666666667,986.976744186046,2960.33333333333,385.914728682171,781.472868217054,989.705426356589,2405.72480620155,344.228682170543,139.116279069767,1031.34496124031,1670.21317829457,1321.5503875969,396.918604651163,960.437984496124,1284.4496124031,821.100775193798,1808.44573643411,574.821705426357,885.693798449612,291.918604651163,115.748062015504,998.360465116279,410.914728682171,13148.4534883721,8829.41472868217,258,25.0786926002719,13.1087168537736,0.852514632608614,0.95910780669145,0.671875,0.464137812346034,FAHNSCC_15,HN,1,FAHNSCC_15,Ki67+ tumor cells,,carcinoma_in_situ_FAHNSCC_15_2
50015,57277,7551.55813953488,120.302325581395,63.2364341085271,591.364341085271,17.0426356589147,1974.00775193798,399.166666666667,188.453488372093,948.976744186046,3055.73643410853,406.492248062016,1054.18217054264,969.93023255814,2552.23255813954,371.108527131783,122.755813953488,974.697674418605,2281.06589147287,1191.00775193798,384.062015503876,1026.09302325581,1986.67829457364,1040.18604651163,2066.2984496124,574.682170542636,1065.86046511628,284.864341085271,115.050387596899,1003.91472868217,412.271317829457,13679.0968992248,9185.9496124031,258,20.7029074735074,15.975912367696,0.636017275271808,0.962686567164179,0.758823529411765,-0.294145493274561,FAHNSCC_15,HN,1,FAHNSCC_15,Ki67+ tumor cells,,carcinoma_in_situ_FAHNSCC_15_2
50224,57519,12102.7931034483,164.494252873563,96.7758620689655,605.988505747126,79.7413793103448,3138.70114942529,803.436781609195,238.367816091954,962.362068965517,4991.59770114943,584.729885057471,157.701149425287,944.132183908046,4440.33908045977,467.091954022989,189.022988505747,1399.81034482759,3601.27586206897,715.01724137931,409.16091954023,969.270114942529,3787.94827586207,334.896551724138,12207.0344827586,1512.29885057471,1642.76436781609,368.701149425287,135.287356321839,1057.31609195402,419.626436781609,14775.4712643678,8738.34482758621,174,17.8261388208939,12.5355754607779,0.710979076810864,0.950819672131148,0.73109243697479,-1.22705240151091,FAHNSCC_15,HN,1,FAHNSCC_15,stromal cells,,carcinoma_in_situ_FAHNSCC_15_2
50240,57536,12396.1272727273,212.013636363636,86.2636363636364,609.190909090909,475.545454545455,3160.37727272727,484.931818181818,197.595454545455,957.059090909091,4875.02272727273,398.281818181818,180.281818181818,949.863636363636,3839.4,425.136363636364,311.672727272727,955.013636363636,3423.99545454545,568.622727272727,393.390909090909,961.804545454545,3288.48181818182,254.790909090909,2317.8,777.1,1509.94090909091,344.2,160.390909090909,1024.53181818182,420.168181818182,13913.9363636364,9467.74090909091,220,24.3763980153601,11.5395609851775,0.880852548130942,0.94017094017094,0.61624649859944,-0.956634296234865,FAHNSCC_15,HN,1,FAHNSCC_15,stromal cells,,carcinoma_in_situ_FAHNSCC_15_2
50393,57714,16498.731884058,581.0,202.557971014493,636.021739130435,2323.05072463768,3039.13768115942,746.391304347826,219.536231884058,948.478260869565,3889.58695652174,605.876811594203,183.376811594203,950.014492753623,2564.58695652174,529.869565217391,214.275362318841,1053.70289855072,1593.13768115942,542.920289855073,392.384057971015,946.289855072464,1225.73188405797,247.246376811594,1083.94202898551,601.768115942029,794.130434782609,323.739130434783,126.384057971015,994.601449275362,415.427536231884,14198.8260869565,9735.55797101449,138,17.8971389989283,9.85229704017756,0.834838036443746,0.965034965034965,0.676470588235294,-1.08810991817851,FAHNSCC_15,HN,1,FAHNSCC_15,CD4+ T cells,,carcinoma_in_situ_FAHNSCC_15_2
50402,57723,11868.6051660517,220.612546125461,85.2878228782288,606.055350553506,213.239852398524,2975.56457564576,514.907749077491,198.391143911439,953.841328413284,4493.9704797048,448.848708487085,189.649446494465,951.848708487085,3337.0258302583,436.583025830258,149.39852398524,1065.68634686347,2681.69372693727,569.963099630996,403.276752767528,971.062730627306,2298.07011070111,261.627306273063,974.782287822878,1194.46494464945,1139.91512915129,326.612546125461,130.675276752768,1016.71586715867,413.014760147602,14038.0848708487,9377.26937269373,271,28.1569673202227,12.3230392138435,0.899142952320934,0.937716262975779,0.570526315789474,-1.04155745474189,FAHNSCC_15,HN,1,FAHNSCC_15,stromal cells,,carcinoma_in_situ_FAHNSCC_15_2
50414,57737,4257.36666666667,166.244444444444,77.0777777777778,601.977777777778,177.144444444444,1177.2,498.588888888889,193.988888888889,944.288888888889,2166.97777777778,411.055555555556,191.455555555556,940.344444444444,1699.9,384.366666666667,186.211111111111,921.255555555556,1917.47777777778,617.511111111111,402.144444444445,956.811111111111,1596.11111111111,334.455555555556,620.911111111111,630.788888888889,1276.46666666667,359.244444444444,136.433333333333,993.622222222222,418.655555555556,13306.0,8648.54444444444,90,11.4088913695825,10.014713259384,0.479029166829385,0.978260869565217,0.818181818181818,1.01902610664756,FAHNSCC_15,HN,1,FAHNSCC_15,stromal cells,,carcinoma_in_situ_FAHNSCC_15_2
50416,57739,9256.44602272727,108.588068181818,79.0738636363636,602.866477272727,20.5823863636364,2116.64772727273,419.159090909091,194.625,950.383522727273,3740.42613636364,395.639204545455,989.09375,961.769886363636,2829.55113636364,411.551136363636,128.869318181818,1068.20738636364,2403.69602272727,1802.09943181818,389.232954545455,964.227272727273,1926.82670454545,392.954545454545,2688.01136363636,572.400568181818,1190.35795454545,292.335227272727,115.372159090909,1012.09659090909,414.380681818182,13605.2727272727,8686.48011363636,352,31.51881139303,14.7711306291975,0.883386634118597,0.909560723514212,0.564102564102564,-0.872018847238184,FAHNSCC_15,HN,1,FAHNSCC_15,tumor cells,,carcinoma_in_situ_FAHNSCC_15_2
50428,57756,6922.37971014493,148.191304347826,64.404347826087,600.513043478261,19.9565217391304,1652.06811594203,398.289855072464,233.58115942029,955.402898550725,2499.89130434783,373.095652173913,863.23768115942,1064.21014492754,1834.95942028986,358.365217391304,159.724637681159,1075.03188405797,1394.89710144928,594.311594202899,374.749275362319,1052.01739130435,998.433333333333,230.74347826087,2835.04492753623,575.626086956522,710.144927536232,250.147826086957,106.392753623188,983.079710144928,408.269565217391,13959.2304347826,9298.96811594203,690,35.6000690534518,24.9960216621049,0.712044757364627,0.959666203059805,0.751633986928105,-1.22211068062117,FAHNSCC_15,HN,1,FAHNSCC_15,tumor cells,,carcinoma_in_situ_FAHNSCC_15_2
50472,57802,26344.0428571429,276.009523809524,93.5238095238095,628.319047619048,56.2428571428571,6061.44761904762,855.238095238095,248.490476190476,968.638095238095,8277.89523809524,676.028571428572,157.095238095238,975.695238095238,6669.43333333333,522.376190476191,173.4,1319.58095238095,3910.26666666667,653.757142857143,410.890476190476,975.285714285714,3480.58571428571,305.138095238095,8814.33333333333,1230.50476190476,1229.21428571429,346.033333333333,123.204761904762,1048.7,418.133333333333,14523.7047619048,9021.8380952381,210,18.7124371601703,14.559963644586,0.62815258331842,0.945945945945946,0.777777777777778,1.39399947950458,FAHNSCC_15,HN,1,FAHNSCC_15,stromal cells,,carcinoma_in_situ_FAHNSCC_15_2
50474,57804,6806.71428571429,159.142857142857,62.8571428571429,598.25,202.285714285714,1785.55357142857,2759.41964285714,176.223214285714,942.366071428571,2934.02678571429,473.160714285714,887.160714285714,952.446428571429,2044.33928571429,730.4375,553.919642857143,1204.63392857143,1939.91071428571,2854.77678571429,385.6875,985.035714285714,1505.05357142857,380.991071428571,2397.91071428571,583.830357142857,925.4375,268.857142857143,227.008928571429,1021.0,413.428571428571,13095.5,8940.875,112,14.5527703366556,9.82539078612076,0.737674943422264,0.941176470588235,0.717948717948718,0.71184195495708,FAHNSCC_15,HN,1,FAHNSCC_15,tumor cells,,carcinoma_in_situ_FAHNSCC_15_2
50493,57823,6695.71848739496,241.474789915966,95.9957983193277,609.497899159664,516.105042016807,1674.60504201681,685.483193277311,191.628151260504,952.621848739496,2515.46848739496,733.105042016807,134.834033613445,948.428571428571,1898.32983193277,399.995798319328,212.981092436975,1287.63865546219,1390.68487394958,539.243697478992,388.936974789916,959.873949579832,987.985294117647,227.68487394958,1442.12605042017,644.560924369748,825.340336134454,296.63025210084,165.436974789916,1010.2731092437,411.615546218487,14830.1323529412,9071.64075630252,476,35.6724313340228,17.3260293456228,0.874126667732592,0.952,0.586206896551724,-0.797241079567033,FAHNSCC_15,HN,1,FAHNSCC_15,stromal cells,,carcinoma_in_situ_FAHNSCC_15_2
50501,57832,5194.5117370892,136.084507042254,81.7840375586854,609.446009389671,15.7276995305164,1278.76525821596,368.413145539906,179.50234741784,953.220657276995,2136.27230046948,343.446009389671,2062.60563380282,975.342723004695,1675.49765258216,379.539906103286,120.173708920188,1001.39436619718,1629.03286384977,2020.14084507042,385.169014084507,958.098591549296,1388.98591549296,314.647887323944,2389.40845070423,577.173708920188,971.615023474178,282.075117370892,117.549295774648,997.755868544601,412.366197183099,13225.2441314554,9120.95305164319,213,21.8575003128523,13.1692758003852,0.79811432792652,0.880165289256198,0.605113636363636,-0.518368111319465,FAHNSCC_15,HN,1,FAHNSCC_15,tumor cells,,carcinoma_in_situ_FAHNSCC_15_2
50521,57856,15656.0522088353,294.526104417671,117.686746987952,613.0,20.8313253012048,3501.80722891566,697.570281124498,278.975903614458,951.839357429719,5138.95180722892,527.305220883534,823.935742971888,1028.12449799197,5417.16465863454,475.004016064257,167.281124497992,992.497991967872,2964.9718875502,1322.10441767068,409.012048192771,988.971887550201,2653.93574297189,2464.61044176707,4095.97991967872,588.85140562249,1466.52208835341,377.156626506024,131.903614457831,1011.45381526104,424.232931726908,14789.140562249,8510.30522088353,249,21.9472977127985,15.420589584404,0.711566204362025,0.876760563380282,0.636828644501279,0.654721005196326,FAHNSCC_15,HN,1,FAHNSCC_15,Ki67+ tumor cells,,carcinoma_in_situ_FAHNSCC_15_2
50567,57910,21780.3044871795,447.560897435897,142.445512820513,609.391025641026,92.7564102564103,5092.8717948718,839.041666666667,237.753205128205,966.048076923077,7147.90384615385,672.961538461539,155.820512820513,981.958333333333,5155.3108974359,444.714743589744,192.887820512821,1280.42307692308,2408.84294871795,589.951923076923,510.169871794872,969.192307692308,1512.13461538462,285.875,10453.5480769231,1122.97756410256,871.538461538462,338.875,135.0,1050.28205128205,415.73717948718,14517.1666666667,9056.41025641026,312,21.8778794728483,18.1860881083699,0.555891876130689,0.96594427244582,0.78,0.738147777475891,FAHNSCC_15,HN,1,FAHNSCC_15,stromal cells,,carcinoma_in_situ_FAHNSCC_15_2
50604,57955,6977.28618421053,134.345394736842,88.0625,607.578947368421,207.101973684211,1699.14473684211,470.661184210526,188.230263157895,952.848684210526,2591.50657894737,426.4375,158.940789473684,939.236842105263,2064.4375,431.266447368421,140.394736842105,1063.43421052632,1406.79934210526,524.940789473684,383.292763157895,950.065789473684,1126.55592105263,251.848684210526,702.832236842105,2323.15789473684,755.503289473684,304.240131578947,182.884868421053,1001.72697368421,412.717105263158,14190.6973684211,9593.75,304,29.0764603077999,13.6107302061483,0.883674787407848,0.926829268292683,0.592592592592593,-0.992188889060634,FAHNSCC_15,HN,1,FAHNSCC_15,endothelial cells,,carcinoma_in_situ_FAHNSCC_15_2
50659,58016,9545.06640625,186.546875,79.3359375,608.0234375,159.04296875,2061.84375,502.65234375,191.48828125,985.60546875,3485.5078125,476.8984375,327.2734375,941.609375,3511.95703125,441.61328125,153.890625,1217.984375,2304.81640625,523.34765625,384.09375,951.78125,2283.7734375,243.453125,4969.15234375,642.33984375,1103.28125,296.61328125,119.0546875,1005.03125,414.5078125,14380.9921875,9208.22265625,256,20.4156482948328,17.0027825737015,0.553527511381411,0.901408450704225,0.711111111111111,1.4560295266577,FAHNSCC_15,HN,1,FAHNSCC_15,stromal cells,,carcinoma_in_situ_FAHNSCC_15_2
50727,58091,7877.78548895899,141.92429022082,71.1324921135647,607.309148264984,377.84858044164,1876.95583596215,793.132492113565,177.984227129338,960.227129337539,2931.21766561514,423.321766561514,159.05047318612,967.681388012618,2266.23028391167,535.943217665615,827.01261829653,1112.18927444795,1938.79179810726,527.782334384858,386.198738170347,974.94952681388,1701.32807570978,230.447949526814,2952.65299684543,689.930599369085,869.526813880126,285.340694006309,156.198738170347,1018.54574132492,410.763406940063,13793.5362776025,9610.80126182965,317,27.5571366614863,14.7556901578385,0.844561836823305,0.951951951951952,0.717194570135747,-1.26337293142276,FAHNSCC_15,HN,1,FAHNSCC_15,stromal cells,,carcinoma_in_situ_FAHNSCC_15_2
50732,58097,12181.4027777778,247.270833333333,90.5694444444444,603.236111111111,96.6111111111111,3106.69444444444,2756.79861111111,192.979166666667,943.833333333333,4421.41666666667,460.604166666667,193.020833333333,937.659722222222,3076.51388888889,489.375,686.465277777778,956.368055555556,2643.23611111111,548.3125,384.534722222222,968.451388888889,2283.89583333333,242.777777777778,1470.625,647.291666666667,1061.33333333333,311.958333333333,241.979166666667,996.756944444444,410.458333333333,13916.9166666667,9442.31944444444,144,21.5206366919506,8.81958252295655,0.912166514759049,0.905660377358491,0.505263157894737,-0.90321753858058,FAHNSCC_15,HN,1,FAHNSCC_15,M1/M0 macrophages,,carcinoma_in_situ_FAHNSCC_15_2
50789,58163,15552.3903903904,172.630630630631,78.9399399399399,616.015015015015,484.114114114114,3911.14714714715,519.564564564565,196.6996996997,958.882882882883,5237.77777777778,455.102102102102,170.171171171171,937.642642642643,4229.33933933934,471.708708708709,141.318318318318,1731.52552552553,2949.85885885886,555.168168168168,388.924924924925,972.522522522522,2329.15615615616,236.264264264264,1554.85885885886,2010.42942942943,833.903903903904,282.96996996997,150.015015015015,1000.87987987988,406.990990990991,14014.4114114114,9673.61861861862,333,30.2174185506279,14.1539641400763,0.883514321170912,0.968023255813954,0.603260869565217,-0.798075308473869,FAHNSCC_15,HN,1,FAHNSCC_15,endothelial cells,,carcinoma_in_situ_FAHNSCC_15_2
50846,58225,14731.9159663866,230.705882352941,77.8865546218488,606.046218487395,191.445378151261,3390.45798319328,733.168067226891,198.542016806723,952.714285714286,4915.47058823529,462.126050420168,162.647058823529,948.109243697479,3781.10504201681,459.008403361345,393.428571428571,1037.13445378151,2934.66806722689,542.03781512605,385.689075630252,951.340336134454,2650.16806722689,243.235294117647,1057.01680672269,1379.14705882353,1211.81092436975,323.319327731092,211.693277310924,1019.18907563025,414.936974789916,14062.525210084,9480.91596638655,238,29.9192837879248,10.1885101682238,0.940232483670252,0.963562753036437,0.476,-0.881431573777882,FAHNSCC_15,HN,1,FAHNSCC_15,stromal cells,,carcinoma_in_situ_FAHNSCC_15_2
50922,58316,24269.1893203884,460.757281553398,143.23786407767,621.247572815534,692.155339805825,5036.90291262136,703.199029126214,214.014563106796,954.529126213592,7052.91262135922,500.155339805825,188.830097087379,961.495145631068,3965.67475728155,415.854368932039,186.276699029126,1093.44660194175,3100.13106796117,547.985436893204,388.723300970874,949.495145631068,2196.47087378641,358.907766990291,1282.14563106796,609.747572815534,1084.45631067961,288.436893203883,116.699029126214,981.398058252427,410.009708737864,14295.5776699029,8989.44660194175,206,18.8681713808647,14.2531026851352,0.65525869083805,0.953703703703704,0.72280701754386,1.38196534758671,FAHNSCC_15,HN,1,FAHNSCC_15,stromal cells,,carcinoma_in_situ_FAHNSCC_15_2
50969,58369,6493.54833333333,110.506666666667,62.3316666666667,600.238333333333,18.51,1684.50833333333,393.77,200.296666666667,949.641666666667,2642.33,375.11,735.45,989.206666666667,1901.925,364.138333333333,146.328333333333,1021.37833333333,1621.13166666667,1176.355,382.923333333333,1015.63333333333,1263.37,727.975,2205.78,577.691666666667,816.593333333333,277.665,111.136666666667,1006.775,410.028333333333,13669.695,9168.60166666667,600,34.931870801607,21.9175110628174,0.778668187259568,0.961538461538462,0.714285714285714,-0.678057609812863,FAHNSCC_15,HN,1,FAHNSCC_15,tumor cells,,carcinoma_in_situ_FAHNSCC_15_2
51026,58432,13294.7935779817,146.128440366972,83.9495412844037,599.926605504587,211.738532110092,3405.38990825688,468.288990825688,191.587155963303,949.58256880734,5814.48165137615,375.133027522936,288.490825688073,945.623853211009,4458.18348623853,320.284403669725,119.004587155963,934.339449541284,4663.70183486239,595.899082568807,388.243119266055,943.325688073394,4624.72935779817,341.004587155963,1276.54587155963,699.146788990826,2721.80275229358,326.550458715596,126.064220183486,1000.42201834862,424.793577981651,13876.2889908257,8771.26605504587,218,25.4636244699722,11.2060421232682,0.897958372494803,0.947826086956522,0.756944444444444,0.168281476862833,FAHNSCC_15,HN,1,FAHNSCC_15,stromal cells,,carcinoma_in_situ_FAHNSCC_15_2
51043,58455,3657.1170212766,195.11170212766,82.8617021276596,596.026595744681,17.3670212765957,980.872340425532,379.803191489362,180.558510638298,948.414893617021,1707.39893617021,376.313829787234,2132.60106382979,943.797872340426,1467.0585106383,455.478723404255,123.760638297872,1040.8829787234,1511.42021276596,2385.14893617021,385.271276595745,946.441489361702,1312.40957446809,462.765957446809,2882.6329787234,574.015957446809,997.739361702128,290.824468085106,118.5,1016.45744680851,412.223404255319,13871.1542553191,9004.15957446809,188,16.7060633810359,14.3524091115303,0.511784650321806,0.94949494949495,0.783333333333333,0.957171321443098,FAHNSCC_15,HN,1,FAHNSCC_15,tumor cells,,carcinoma_in_situ_FAHNSCC_15_2
51119,58537,10324.1704347826,154.561739130435,85.4591304347826,610.448695652174,12.6973913043478,2773.5547826087,527.384347826087,229.215652173913,955.813913043478,4000.26260869565,455.914782608696,1464.85913043478,1000.4452173913,3284.54782608696,428.608695652174,142.099130434783,983.553043478261,2408.15652173913,1163.4052173913,422.433043478261,1011.48173913043,2187.20347826087,2603.81739130435,6051.25217391304,578.55652173913,1198.46434782609,347.299130434783,124.989565217391,1018.14956521739,421.306086956522,14677.0469565217,8337.88869565218,575,37.5969452789075,19.8231230771131,0.849708001687701,0.948844884488449,0.619612068965517,-0.759578274344669,FAHNSCC_15,HN,1,FAHNSCC_15,Ki67+ tumor cells,,carcinoma_in_situ_FAHNSCC_15_2
51180,58601,10725.8532608696,187.58152173913,87.179347826087,600.652173913044,243.298913043478,2276.3152173913,611.103260869565,216.336956521739,956.869565217391,3656.76630434783,608.847826086957,142.076086956522,943.375,3193.96195652174,391.119565217391,175.505434782609,1320.66304347826,1778.94565217391,607.097826086957,404.04347826087,972.092391304348,1517.86413043478,278.690217391304,5004.05434782609,816.342391304348,886.032608695652,301.853260869565,135.201086956522,1016.83695652174,417.054347826087,14868.9456521739,8799.82608695652,184,19.9065966966658,11.8935733316457,0.801892049764529,0.943589743589744,0.707692307692308,-0.26343407305946,FAHNSCC_15,HN,1,FAHNSCC_15,stromal cells,,carcinoma_in_situ_FAHNSCC_15_2
51181,58602,5468.93303571429,190.102678571429,73.7633928571429,608.200892857143,249.776785714286,1389.22321428571,509.294642857143,188.267857142857,960.116071428571,2146.38839285714,574.696428571429,159.866071428571,943.191964285714,1397.92410714286,507.9375,163.165178571429,1200.49553571429,1215.16071428571,543.482142857143,390.071428571429,953.433035714286,933.357142857143,232.566964285714,3455.87946428571,634.098214285714,865.879464285714,343.754464285714,152.5625,1037.77678571429,412.90625,14361.2633928571,9293.25446428571,224,24.1414454347922,11.8340426905003,0.871612168207681,0.937238493723849,0.649275362318841,-1.15270146176869,FAHNSCC_15,HN,1,FAHNSCC_15,stromal cells,,carcinoma_in_situ_FAHNSCC_15_2
51208,58636,40132.8115942029,452.648550724638,276.199275362319,611.724637681159,113.775362318841,9289.98913043478,1264.09057971015,259.521739130435,986.213768115942,13749.4963768116,1123.78623188406,186.731884057971,961.471014492754,11539.7608695652,734.253623188406,381.213768115942,1171.68115942029,8004.51811594203,692.840579710145,417.789855072464,981.003623188406,8650.92028985507,339.615942028986,4750.82608695652,2080.30797101449,2269.6268115942,368.163043478261,225.673913043478,1037.99637681159,425.039855072464,14396.3369565217,9132.19927536232,276,22.0171436684235,16.3719197290506,0.668626167433732,0.926174496644295,0.73015873015873,1.30903259587366,FAHNSCC_15,HN,1,FAHNSCC_15,endothelial cells,,carcinoma_in_situ_FAHNSCC_15_2
51230,58662,14228.3594771242,247.901960784314,82.5359477124183,602.307189542484,110.43137254902,3543.30718954248,546.398692810458,200.326797385621,951.424836601307,5119.96732026144,418.56862745098,175.02614379085,954.686274509804,3560.84967320261,405.183006535948,212.862745098039,1013.57516339869,3406.88235294118,557.300653594771,387.143790849673,953.418300653595,3045.3660130719,245.18954248366,1330.32679738562,823.692810457516,1574.86274509804,324.601307189542,142.248366013072,1017.99346405229,418.607843137255,14009.3986928105,9485.64052287582,153,22.997792218323,8.53331555198346,0.92861315390831,0.927272727272727,0.53125,-0.723729054830118,FAHNSCC_15,HN,1,FAHNSCC_15,stromal cells,,carcinoma_in_situ_FAHNSCC_15_2
51258,58695,13426.1157894737,212.680701754386,72.3122807017544,609.870175438596,51.9929824561404,3762.21754385965,532.442105263158,205.750877192982,957.729824561404,5732.2,462.764912280702,156.985964912281,950.701754385965,3724.53684210526,347.094736842105,167.912280701754,1020.25263157895,3572.5649122807,606.99298245614,389.378947368421,959.228070175439,3095.33333333333,281.424561403509,1396.47719298246,1350.05614035088,1374.37192982456,311.364912280702,167.582456140351,1016.54385964912,417.41052631579,14669.2807017544,8760.34035087719,285,28.9334013692763,12.6223261509296,0.89982332887809,0.94059405940594,0.6,-0.60268696686687,FAHNSCC_15,HN,1,FAHNSCC_15,stromal cells,,carcinoma_in_situ_FAHNSCC_15_2
51273,58713,4355.68924302789,185.378486055777,70.7091633466136,603.362549800797,43.3266932270916,936.231075697211,820.091633466136,203.470119521912,947.721115537849,1595.08764940239,493.756972111554,1435.80876494024,1056.77290836653,1400.06374501992,739.9203187251,150.107569721116,1059.78087649402,1208.72509960159,2930.43426294821,401.972111553785,964.103585657371,949.211155378486,1112.01992031873,6469.7609561753,576.067729083665,868.258964143426,305.9203187251,160.856573705179,1009.203187251,414.354581673307,14419.4541832669,8367.92430278884,251,22.4548284212973,15.3365314715474,0.730423217952824,0.886925795053004,0.629072681704261,-0.967682681668358,FAHNSCC_15,HN,1,FAHNSCC_15,Ki67+ tumor cells,,carcinoma_in_situ_FAHNSCC_15_2
51336,58789,3485.59534883721,156.33488372093,69.0511627906977,603.753488372093,15.6511627906977,857.706976744186,372.26511627907,175.372093023256,948.753488372093,1571.51162790698,358.851162790698,2163.81860465116,942.311627906977,1323.53953488372,399.506976744186,119.455813953488,1003.20465116279,1377.66976744186,1185.09302325581,383.753488372093,964.53488372093,1165.99534883721,397.325581395349,2210.11627906977,575.697674418605,921.423255813954,281.967441860465,115.088372093023,1007.95813953488,411.288372093023,13542.4651162791,9128.72558139535,215,18.7258296941168,14.6610657910892,0.622106318186189,0.977272727272727,0.796296296296296,1.13107015108619,FAHNSCC_15,HN,1,FAHNSCC_15,tumor cells,,carcinoma_in_situ_FAHNSCC_15_2
51403,58863,4647.92682926829,172.286585365854,66.0640243902439,602.170731707317,263.515243902439,1077.18902439024,1606.69817073171,191.051829268293,942.134146341463,1845.87804878049,431.439024390244,2119.57926829268,952.685975609756,1553.94512195122,424.143292682927,146.274390243902,1069.04268292683,1312.46341463415,2343.68902439024,378.725609756098,958.661585365854,1027.34756097561,372.213414634146,3765.2012195122,578.103658536585,863.103658536585,276.103658536585,242.0,1004.82926829268,410.317073170732,13989.3353658537,8591.42073170732,328,30.6604621618803,13.7392761035137,0.893978158792733,0.947976878612717,0.755760368663594,-0.111114076393369,FAHNSCC_15,HN,1,FAHNSCC_15,tumor cells,,carcinoma_in_situ_FAHNSCC_15_2
51457,58919,11728.380794702,139.251655629139,67.2814569536424,608.162251655629,173.119205298013,3012.32119205298,495.122516556291,192.970198675497,949.986754966887,4513.56291390728,403.87417218543,185.102649006623,943.198675496689,3528.28145695364,421.701986754967,178.609271523179,1036.3178807947,3043.40397350993,538.082781456954,382.135761589404,946.990066225166,2922.51324503311,243.546357615894,980.996688741722,2274.60264900662,1412.41059602649,315.32119205298,228.238410596026,1015.64569536424,416.996688741722,14055.1026490066,9469.25496688742,302,28.1769162924501,13.8250068726127,0.871356687426064,0.94375,0.604,-0.620092066161742,FAHNSCC_15,HN,1,FAHNSCC_15,endothelial cells,,carcinoma_in_situ_FAHNSCC_15_2
51491,58955,16836.125,352.671052631579,112.309210526316,618.473684210526,131.453947368421,3793.9802631579,645.223684210526,216.75,963.269736842105,5107.70394736842,496.269736842105,175.625,954.493421052632,3864.96710526316,526.25,245.289473684211,962.743421052632,2506.70394736842,564.019736842105,398.348684210526,1381.57894736842,2144.22368421053,320.638157894737,908.236842105263,641.315789473684,1137.14473684211,364.473684210526,302.592105263158,1033.29605263158,416.921052631579,13977.2960526316,9551.29605263158,152,21.0135689099521,9.30443877654501,0.896629094733095,0.944099378881988,0.690909090909091,-1.22696048343036,FAHNSCC_15,HN,1,FAHNSCC_15,stromal cells,,carcinoma_in_situ_FAHNSCC_15_2
51521,58987,6868.58848614073,211.035181236674,81.4413646055437,605.858208955224,401.896588486141,1805.28358208955,433.735607675906,172.533049040512,960.081023454158,2661.53091684435,450.656716417911,144.959488272921,959.558635394456,2168.55223880597,400.924307036247,152.199360341151,1157.35181236674,1793.45628997868,514.475479744137,378.288912579957,964.430703624734,1482.91791044776,194.952025586354,900.819829424307,604.159914712154,802.990405117271,261.82302771855,119.891257995736,995.711087420043,410.16631130064,14571.1215351812,9443.1407249467,938,57.3360500270935,20.9938228111668,0.930554277973646,0.955193482688391,0.557338086749851,-1.08097328585178,FAHNSCC_15,HN,1,FAHNSCC_15,stromal cells,,carcinoma_in_situ_FAHNSCC_15_2
51560,59032,5148.71264367816,235.195402298851,90.1264367816092,602.488505747126,16.2873563218391,1272.03448275862,419.580459770115,190.494252873563,946.775862068966,2415.19540229885,397.764367816092,2146.67816091954,954.626436781609,1844.99425287356,350.804597701149,117.235632183908,964.695402298851,1899.53448275862,871.885057471264,387.637931034483,950.35632183908,1581.65517241379,355.293103448276,3265.09195402299,577.195402298851,1122.58045977011,299.086206896552,117.465517241379,985.344827586207,413.241379310345,13550.8965517241,8744.77586206897,174,19.8211298448504,11.2233628606175,0.824245742569176,0.945652173913044,0.639705882352941,0.653276281683268,FAHNSCC_15,HN,1,FAHNSCC_15,tumor cells,,carcinoma_in_situ_FAHNSCC_15_2
51592,59067,13938.1464872945,166.530642750374,84.8684603886398,603.216741405082,17.1718983557549,3420.53064275037,503.484304932735,262.276532137519,950.878923766816,5047.31390134529,428.0822122571,794.122571001495,1107.7399103139,4091.63228699552,382.284005979073,168.826606875934,1065.31390134529,2846.03736920777,984.726457399103,386.995515695067,997.421524663677,2346.33482810164,944.618834080718,1890.87443946188,579.002989536622,1031.88191330344,286.72047832586,114.986547085202,995.363228699552,413.405082212257,13957.9880418535,8923.26756352765,669,36.3806723841671,23.9161150567586,0.753554721398857,0.963976945244957,0.735164835164835,1.29072717086701,FAHNSCC_15,HN,1,FAHNSCC_15,Ki67+ tumor cells,,carcinoma_in_situ_FAHNSCC_15_2
51617,59098,5483.56684491979,111.032085561497,58.2245989304813,592.005347593583,19.7967914438503,1295.12299465241,389.320855614973,181.994652406417,943.358288770054,2244.47058823529,373.411764705882,1149.24064171123,941.160427807487,1831.10160427807,397.133689839572,123.989304812834,945.508021390374,1898.21390374332,2202.3743315508,379.149732620321,947.68449197861,1761.96256684492,438.802139037433,2900.40106951872,577.51871657754,1115.74331550802,301.818181818182,117.828877005348,1000.4385026738,411.588235294118,13736.1229946524,9344.59893048129,187,20.0033188977696,11.9268328965772,0.802804235805287,0.944444444444444,0.779166666666667,-0.117800094397605,FAHNSCC_15,HN,1,FAHNSCC_15,tumor cells,,carcinoma_in_situ_FAHNSCC_15_2
51771,59269,16845.1313131313,469.282828282828,146.707070707071,616.010101010101,456.686868686869,3520.17171717172,699.242424242424,222.79797979798,951.454545454546,4535.52525252525,568.242424242424,182.454545454545,1061.25252525253,2998.77777777778,488.232323232323,142.0,948.242424242424,2139.15151515152,564.666666666667,391.10101010101,949.89898989899,1658.0,249.030303030303,1382.12121212121,596.020202020202,914.343434343434,327.959595959596,125.828282828283,1002.31313131313,413.434343434343,14123.0707070707,9757.24242424242,99,12.1936424557277,10.8819112168993,0.451195790730978,0.883928571428571,0.6875,0.0983593132309976,FAHNSCC_15,HN,1,FAHNSCC_15,stromal cells,,carcinoma_in_situ_FAHNSCC_15_2
51909,59423,5364.78472222222,190.208333333333,83.6875,596.0625,12.9097222222222,1165.13888888889,434.527777777778,203.8125,942.3125,2034.82638888889,416.854166666667,2508.17361111111,961.763888888889,2086.33333333333,438.097222222222,123.569444444444,1032.9375,1752.6875,1728.15277777778,416.229166666667,965.444444444444,1409.03472222222,419.486111111111,3398.03472222222,568.833333333333,1041.85416666667,314.006944444444,119.194444444444,1021.15277777778,419.180555555556,13465.2222222222,8257.48611111111,144,16.9578700620267,10.9581876935614,0.763167505150465,0.947368421052632,0.685714285714286,-0.858941054367353,FAHNSCC_15,HN,1,FAHNSCC_15,tumor cells,,carcinoma_in_situ_FAHNSCC_15_2
51917,59432,4023.05517241379,144.731034482759,77.3218390804598,603.737931034483,16.6620689655172,1036.27586206897,421.51724137931,234.241379310345,953.255172413793,1654.27356321839,402.689655172414,1516.79310344828,1011.50574712644,1268.85977011494,360.032183908046,151.586206896552,1054.54482758621,1050.95172413793,804.386206896552,385.813793103448,955.066666666667,757.197701149425,236.487356321839,2984.33793103448,576.186206896552,805.990804597701,303.537931034483,117.285057471264,1002.35862068966,409.997701149425,13303.4252873563,9387.08735632184,435,32.977576310447,20.2167906875408,0.790046757531392,0.765845070422535,0.535714285714286,0.682523406307721,FAHNSCC_15,HN,1,FAHNSCC_15,tumor cells,,carcinoma_in_situ_FAHNSCC_15_2
51979,59504,9433.60869565217,296.347826086957,322.634782608696,595.095652173913,40.4347826086957,2350.46956521739,740.782608695652,178.730434782609,983.330434782609,3424.28695652174,416.921739130435,503.382608695652,951.321739130435,2332.35652173913,434.486956521739,500.252173913043,940.017391304348,1899.77391304348,532.330434782609,380.252173913043,987.939130434783,1392.79130434783,242.521739130435,1405.78260869565,606.286956521739,790.678260869565,285.947826086957,385.782608695652,1003.06086956522,413.017391304348,14127.4173913043,9291.52173913043,115,16.2559134032491,9.07039189366723,0.829857815909465,0.92741935483871,0.631868131868132,-0.758347356406822,FAHNSCC_15,HN,1,FAHNSCC_15,other APCs,,carcinoma_in_situ_FAHNSCC_15_2
52003,59531,6686.38888888889,103.098290598291,70.1880341880342,604.790598290598,104.807692307692,1650.58974358974,534.111111111111,189.632478632479,943.098290598291,2629.44871794872,423.423076923077,785.688034188034,950.282051282051,2092.64957264957,342.820512820513,119.653846153846,974.324786324786,1875.4358974359,997.978632478632,383.316239316239,946.051282051282,1615.39316239316,1411.0,2775.70085470085,577.239316239316,1075.05555555556,295.628205128205,125.021367521368,1010.38461538462,417.153846153846,14089.4102564103,8708.22222222222,234,20.2896857233495,14.8436095382355,0.681751306472168,0.962962962962963,0.764705882352941,-0.670421398317673,FAHNSCC_15,HN,1,FAHNSCC_15,Ki67+ tumor cells,,carcinoma_in_situ_FAHNSCC_15_2
52014,59543,8043.456,173.32,75.728,604.544,272.672,1873.12,481.136,182.952,961.016,2979.84,428.272,129.2,962.688,2172.384,394.632,211.616,1094.472,1909.104,499.304,478.808,938.808,1513.112,221.712,1037.616,650.152,915.392,271.568,127.448,998.464,411.936,14671.568,9181.312,125,14.0284491878004,11.4711431594807,0.57563647697762,0.932835820895522,0.744047619047619,-0.0356604451686237,FAHNSCC_15,HN,1,FAHNSCC_15,stromal cells,,carcinoma_in_situ_FAHNSCC_15_2
52029,59563,12224.1636726547,171.614770459082,91.2315369261477,604.13373253493,26.7345309381238,3040.49700598802,678.654690618763,282.87624750499,965.978043912176,4514.10978043912,473.50499001996,772.834331337325,1238.89221556886,3314.01996007984,414.245508982036,192.64870259481,1128.05988023952,2157.50299401198,1594.25548902196,397.161676646707,1154.9620758483,1606.50698602794,902.640718562874,3198.37724550898,576.694610778443,897.912175648703,275.890219560878,146.904191616766,1005.68263473054,410.003992015968,14018.620758483,8543.94810379242,501,31.8172665685561,20.154886906192,0.773777464830606,0.963461538461538,0.745535714285714,0.249616243898087,FAHNSCC_15,HN,1,FAHNSCC_15,Ki67+ tumor cells,,carcinoma_in_situ_FAHNSCC_15_2
52156,59708,5138.94134897361,106.762463343109,64.5982404692082,600.551319648094,121.049853372434,1293.24046920821,397.715542521994,172.812316715543,939.17008797654,2126.85923753666,355.281524926686,154.099706744868,944.609970674487,2003.20527859238,358.671554252199,194.8357771261,978.618768328446,1908.3431085044,518.844574780059,383.375366568915,951.906158357771,1759.67741935484,231.199413489736,1131.72727272727,599.325513196481,998.457478005865,304.879765395894,123.469208211144,1001.96480938416,412.243401759531,14065.2580645161,9563.61876832845,341,33.3215058363757,13.1260106578094,0.919144689810818,0.926630434782609,0.688888888888889,-1.40905217839432,FAHNSCC_15,HN,1,FAHNSCC_15,stromal cells,,carcinoma_in_situ_FAHNSCC_15_2
52308,59886,14260.1388888889,172.487847222222,78.84375,601.708333333333,28.1909722222222,3414.06770833333,721.385416666667,233.953125,959.057291666667,5125.71354166667,524.958333333333,597.086805555556,1059.63715277778,4220.53298611111,626.777777777778,161.774305555556,1122.38194444444,2655.95486111111,1526.49305555556,384.732638888889,976.350694444444,2376.6875,2066.03993055556,3720.515625,581.847222222222,1140.00868055556,285.770833333333,218.336805555556,1009.85069444444,413.119791666667,14415.0972222222,8837.61979166667,576,33.1310347692407,22.2400621969383,0.741207654485417,0.979591836734694,0.793388429752066,-0.0569044164529003,FAHNSCC_15,HN,1,FAHNSCC_15,Ki67+ tumor cells,,carcinoma_in_situ_FAHNSCC_15_2
52317,59895,11369.8488372093,111.860465116279,72.2713178294574,596.906976744186,139.108527131783,2879.35271317829,584.56976744186,188.658914728682,991.217054263566,4325.62403100775,537.236434108527,180.736434108527,951.5,3622.86434108527,465.554263565891,174.56976744186,1443.11240310078,3050.45736434109,539.720930232558,382.914728682171,968.329457364341,3006.92248062016,235.023255813953,891.352713178295,695.573643410853,1111.20542635659,295.480620155039,132.007751937985,988.286821705426,412.771317829457,14093.3682170543,9623.0968992248,258,25.6174772714855,12.9841471341594,0.862035901658783,0.924731182795699,0.623188405797101,-0.522368666423708,FAHNSCC_15,HN,1,FAHNSCC_15,stromal cells,,carcinoma_in_situ_FAHNSCC_15_2
52327,59907,6224.17045454546,176.903409090909,90.9488636363636,602.443181818182,34.0625,1397.72727272727,828.903409090909,188.193181818182,950.0,2422.80113636364,422.545454545455,1056.76704545455,960.431818181818,2284.68181818182,458.318181818182,131.204545454545,1053.77272727273,1856.875,1426.91477272727,388.852272727273,953.261363636364,1562.47727272727,1469.85795454545,2944.84090909091,577.880681818182,1065.65909090909,303.039772727273,165.403409090909,999.295454545454,412.732954545455,13846.9659090909,8762.96590909091,176,15.470698683529,14.5377978004952,0.342003021309327,0.956521739130435,0.733333333333333,0.723541061539753,FAHNSCC_15,HN,1,FAHNSCC_15,Ki67+ tumor cells,,carcinoma_in_situ_FAHNSCC_15_2
52331,59912,12135.3765586035,269.159600997506,93.7032418952618,606.658354114713,17.4862842892768,3131.92019950125,600.648379052369,265.351620947631,958.633416458853,5333.85037406484,536.468827930175,704.326683291771,1021.53117206983,4431.04738154614,508.399002493766,178.256857855362,1052.10224438903,2783.29925187032,1457.99501246883,421.650872817955,1094.95012468828,2277.88029925187,4973.78054862843,6440.54364089776,585.478802992519,1115.94763092269,347.97506234414,126.825436408978,1026.04488778055,418.177057356609,14727.536159601,8447.9102244389,401,27.6189927017619,18.5204334380162,0.741847390150903,0.970944309927361,0.729090909090909,-0.576393139611988,FAHNSCC_15,HN,1,FAHNSCC_15,Ki67+ tumor cells,,carcinoma_in_situ_FAHNSCC_15_2
52355,59938,7763.12634408602,133.215053763441,65.5940860215054,600.58064516129,17.2365591397849,2094.22311827957,401.258064516129,187.33064516129,945.126344086022,3302.64247311828,392.809139784946,991.833333333333,977.704301075269,2494.24462365591,363.131720430108,123.569892473118,958.137096774194,2354.50537634409,1055.40053763441,387.879032258065,1012.16935483871,2130.95430107527,900.387096774194,1830.81182795699,579.295698924731,1131.21505376344,297.787634408602,115.994623655914,1012.68548387097,412.948924731183,13681.5537634409,9249.89516129032,372,31.5824188011665,15.0585133261118,0.879011533278121,0.951406649616368,0.603896103896104,-0.584877745896095,FAHNSCC_15,HN,1,FAHNSCC_15,Ki67+ tumor cells,,carcinoma_in_situ_FAHNSCC_15_2
52374,59959,7670.47867298578,157.810426540284,74.8862559241706,607.78672985782,50.1848341232228,1601.2654028436,486.488151658768,236.39336492891,955.985781990521,2589.28909952607,413.251184834123,1161.71090047393,973.587677725118,1950.76777251185,366.635071090047,156.985781990521,954.208530805687,1584.62085308057,1340.68720379147,411.473933649289,1008.14691943128,1224.51658767773,810.123222748815,3163.96208530806,570.654028436019,933.654028436019,298.502369668246,117.232227488152,1002.07109004739,419.36018957346,14278.8246445498,8214.58767772512,211,20.1391576552561,14.7496743272708,0.680887685828226,0.850806451612903,0.620588235294118,0.740044686623278,FAHNSCC_15,HN,1,FAHNSCC_15,Ki67+ tumor cells,,carcinoma_in_situ_FAHNSCC_15_2
52711,60355,8168.67405063291,155.620253164557,66.6518987341772,616.006329113924,165.5,2298.51582278481,483.806962025316,197.509493670886,952.705696202532,3789.2753164557,452.389240506329,160.21835443038,954.303797468354,3067.63607594937,398.322784810127,134.348101265823,1079.54746835443,2649.52215189873,569.661392405063,391.03164556962,949.787974683544,2406.66455696203,270.810126582279,2149.37658227848,1790.53481012658,1298.06329113924,308.594936708861,158.905063291139,1007.30063291139,413.193037974684,14659.6202531646,8790.30696202532,316,30.4964643380125,13.3340278609406,0.899348787872972,0.943283582089552,0.557319223985891,-0.68775878582946,FAHNSCC_15,HN,1,FAHNSCC_15,endothelial cells,,carcinoma_in_situ_FAHNSCC_15_2
52747,60397,12045.565,291.68,101.04,617.33,174.475,2912.12,555.695,198.565,951.985,4428.945,521.385,161.655,943.685,2135.54,467.6,146.28,1101.62,2389.395,543.44,395.13,954.51,2019.54,234.275,1890.035,632.7,1199.64,335.775,133.16,1012.82,414.365,14582.845,9181.18,200,27.5251561386832,9.3006977986122,0.941182701718815,0.925925925925926,0.533333333333333,-1.09997467357724,FAHNSCC_15,HN,1,FAHNSCC_15,stromal cells,,carcinoma_in_situ_FAHNSCC_15_2
52776,60429,12550.3608562691,173.259938837921,89.0122324159022,597.966360856269,16.7767584097859,3416.77370030581,484.31498470948,205.51376146789,951.186544342508,5363.37920489297,467.694189602447,1220.18960244648,956.501529051988,4165.05810397554,430.978593272171,123.085626911315,1005.01529051988,3406.03975535168,1803.2874617737,392.721712538226,965.996941896024,3085.34250764526,909.767584097859,4305.47706422018,575.464831804281,1705.5993883792,327.706422018349,126.266055045872,1012.26605504587,419.596330275229,14206.7125382263,8644.19877675841,327,29.4894148380138,14.274007359552,0.875046791278657,0.942363112391931,0.598901098901099,-0.606456101212917,FAHNSCC_15,HN,1,FAHNSCC_15,Ki67+ tumor cells,,carcinoma_in_situ_FAHNSCC_15_2
52781,60434,4293.84020618557,147.670103092784,80.7577319587629,593.984536082474,25.0412371134021,1041.4381443299,415.463917525773,192.989690721649,949.020618556701,1879.98453608247,453.757731958763,1356.85051546392,961.046391752577,1850.24226804124,444.690721649485,119.525773195876,1087.00515463918,1534.76804123711,1726.90206185567,383.175257731959,974.252577319588,1256.37113402062,413.948453608247,4607.28350515464,583.092783505155,912.70618556701,295.020618556701,125.969072164948,1021.74742268041,414.912371134021,14543.2628865979,8706.66494845361,194,17.8904280692568,13.8325687930848,0.634183389632594,0.96039603960396,0.76078431372549,0.549407887135653,FAHNSCC_15,HN,1,FAHNSCC_15,tumor cells,,carcinoma_in_situ_FAHNSCC_15_2
52809,60466,9063.63461538462,202.519230769231,73.6730769230769,607.721153846154,143.586538461538,2280.84615384615,525.115384615385,193.384615384615,956.038461538462,3472.14423076923,412.759615384615,168.240384615385,946.894230769231,2678.57692307692,425.403846153846,183.798076923077,979.278846153846,1869.54807692308,571.173076923077,406.144230769231,998.942307692308,1742.13461538462,256.644230769231,4212.98076923077,1304.29807692308,928.346153846154,329.365384615385,129.894230769231,1024.23076923077,411.875,13777.2596153846,9509.31730769231,104,13.729007339494,9.66645710563492,0.710110722535687,0.945454545454545,0.722222222222222,-0.762292876402531,FAHNSCC_15,HN,1,FAHNSCC_15,stromal cells,,carcinoma_in_situ_FAHNSCC_15_2
52843,60505,22698.4040697674,225.613372093023,82.2645348837209,603.316860465116,84.1598837209302,5476.47965116279,748.078488372093,223.28488372093,959.732558139535,7481.84011627907,551.665697674419,149.302325581395,948.334302325581,5469.86046511628,520.037790697674,241.622093023256,1305.58720930233,3601.88953488372,600.921511627907,417.688953488372,1000.54069767442,2943.9011627907,1870.74418604651,4195.94186046512,929.781976744186,1086.65988372093,313.790697674419,211.476744186047,1022.7761627907,412.34011627907,14556.7151162791,9127.4738372093,344,23.7201496754387,18.6908355441669,0.615709900219591,0.974504249291785,0.780045351473923,-0.754448543836007,FAHNSCC_15,HN,1,FAHNSCC_15,stromal cells,,carcinoma_in_situ_FAHNSCC_15_2
52883,60550,9863.484375,237.9296875,97.96875,616.640625,130.515625,2119.5859375,557.25,212.9609375,959.6875,2901.703125,483.453125,166.4375,946.1640625,2248.5546875,460.671875,147.2109375,1080.09375,1458.0078125,619.703125,398.4375,963.53125,1156.3046875,324.046875,4069.7421875,3357.1953125,897.796875,300.4765625,146.1015625,1036.78125,412.3359375,14643.0,8483.765625,128,16.2700830648725,10.1071999491525,0.783641134878664,0.948148148148148,0.711111111111111,0.566654160446767,FAHNSCC_15,HN,1,FAHNSCC_15,endothelial cells,,carcinoma_in_situ_FAHNSCC_15_2
52900,60570,25096.7477477477,182.324324324324,78.6306306306306,607.243243243243,117.144144144144,5538.91891891892,702.522522522523,218.990990990991,949.198198198198,7783.31531531532,572.477477477478,167.936936936937,952.279279279279,4869.3963963964,392.063063063063,137.612612612613,1092.40540540541,3318.15315315315,618.441441441442,395.864864864865,959.576576576577,2825.40540540541,292.0,6163.46846846847,965.558558558558,1006.51351351351,303.603603603604,127.396396396396,1019.10810810811,414.648648648649,14564.6036036036,8901.43243243243,111,13.4497933500026,11.7685136341001,0.484130382664243,0.86046511627907,0.656804733727811,1.53327248572216,FAHNSCC_15,HN,1,FAHNSCC_15,stromal cells,,carcinoma_in_situ_FAHNSCC_15_2
53007,60688,13226.2482269504,215.645390070922,74.2269503546099,606.234042553191,141.737588652482,3249.3829787234,554.368794326241,196.368794326241,961.375886524823,5008.87943262411,454.524822695036,162.085106382979,952.971631205674,4201.7304964539,485.524822695036,140.822695035461,1565.67375886525,3637.90070921986,562.390070921986,391.964539007092,951.886524822695,3630.38297872341,279.0,8867.58156028369,664.460992907801,1466.53191489362,326.723404255319,122.716312056738,1034.13475177305,415.624113475177,14230.5815602837,9061.14184397163,141,14.7744560014456,12.2008839545273,0.563949387939336,0.946308724832215,0.774725274725275,-0.915287904951053,FAHNSCC_15,HN,1,FAHNSCC_15,stromal cells,,carcinoma_in_situ_FAHNSCC_15_2
53032,60713,27391.7133333333,362.666666666667,121.883333333333,614.406666666667,245.356666666667,7283.82,770.103333333333,247.83,964.583333333333,11134.3433333333,615.28,182.086666666667,970.416666666667,8496.97333333333,483.99,187.45,1157.25666666667,5907.24,672.226666666667,407.443333333333,969.186666666667,5278.95333333333,321.32,5531.18666666667,823.796666666667,1381.98666666667,349.456666666667,132.42,1039.84666666667,417.17,14304.0533333333,9032.04666666667,300,22.6155760118536,17.1744587327573,0.650614216932973,0.949367088607595,0.717703349282297,-0.640218117972496,FAHNSCC_15,HN,1,FAHNSCC_15,stromal cells,,carcinoma_in_situ_FAHNSCC_15_2
53053,60737,11906.1878172589,204.502538071066,80.9796954314721,601.106598984772,143.137055837563,3073.03045685279,517.284263959391,201.710659898477,950.812182741117,4507.04568527919,406.649746192893,169.583756345178,940.355329949239,3220.80203045685,396.532994923858,154.340101522843,951.274111675127,2877.24873096447,538.111675126904,387.629441624366,945.197969543147,2731.94923857868,242.147208121827,811.111675126904,1165.13197969543,1498.07106598985,356.456852791878,200.92385786802,1025.67005076142,419.421319796954,14033.4517766497,9478.10152284264,197,24.0613928173962,10.5731461759547,0.898279920131022,0.929245283018868,0.746212121212121,-1.44570402375076,FAHNSCC_15,HN,1,FAHNSCC_15,stromal cells,,carcinoma_in_situ_FAHNSCC_15_2
53057,60741,23570.4191616766,329.544910179641,107.982035928144,603.934131736527,111.922155688623,5435.02994011976,795.904191616766,216.263473053892,942.095808383234,8886.80239520958,492.071856287425,361.538922155689,957.844311377246,6062.40119760479,481.718562874252,179.395209580838,936.48502994012,5309.47904191617,650.820359281437,410.22754491018,959.550898203593,4573.54491017964,542.395209580838,866.784431137725,610.694610778443,2412.5748502994,358.544910179641,641.011976047904,989.059880239521,425.700598802395,13830.9341317365,8646.90419161677,167,23.9388637545543,8.92460911673571,0.927908351425267,0.917582417582418,0.695833333333333,0.139054642393957,FAHNSCC_15,HN,1,FAHNSCC_15,other APCs,,carcinoma_in_situ_FAHNSCC_15_2
53079,60763,7627.26372155288,212.285140562249,79.4457831325301,616.733601070951,781.647925033467,1978.8969210174,484.187416331995,172.862115127175,952.740294511379,2918.18875502008,469.001338688086,143.961178045515,963.686746987952,2351.93574297189,422.892904953146,238.746987951807,1070.68005354752,1767.64926372155,511.232931726908,379.59437751004,964.377510040161,1237.88085676037,189.799196787149,1160.23962516734,592.100401606426,719.911646586345,261.338688085676,126.775100401606,987.322623828648,407.368139223561,14491.3614457831,9643.46050870147,747,57.7293740641702,16.5678792730044,0.957932923036146,0.944374209860936,0.448379351740696,-1.03525012034804,FAHNSCC_15,HN,1,FAHNSCC_15,stromal cells,,carcinoma_in_situ_FAHNSCC_15_2
53131,60825,14943.1766917293,154.462406015038,72.4398496240601,609.642857142857,234.740601503759,3685.2030075188,657.996240601504,218.372180451128,972.34962406015,5639.14661654135,615.03007518797,144.586466165414,965.533834586466,4864.18045112782,468.714285714286,209.112781954887,1407.25563909774,2761.94360902256,642.605263157895,663.488721804511,978.857142857143,2494.42857142857,283.338345864662,6436.18421052632,1565.46616541353,997.018796992481,312.281954887218,122.894736842105,1030.59022556391,413.665413533835,14708.6541353383,9021.62030075188,266,22.107164392618,15.5689089614898,0.709954829376027,0.95,0.711229946524064,-0.255926077778677,FAHNSCC_15,HN,1,FAHNSCC_15,stromal cells,,carcinoma_in_situ_FAHNSCC_15_2
53137,60833,8150.45275590551,166.07874015748,75.6574803149606,607.625984251969,178.362204724409,2192.17716535433,463.307086614173,185.614173228347,950.551181102362,3307.22047244095,419.822834645669,133.716535433071,942.082677165354,3029.48031496063,381.244094488189,134.362204724409,984.0,2886.23622047244,531.913385826772,387.606299212598,943.744094488189,2783.2874015748,244.027559055118,1387.22440944882,618.027559055118,1748.16929133858,327.220472440945,132.055118110236,1003.43700787402,419.38188976378,14609.2834645669,9154.88976377953,254,24.2630379136481,13.480743156509,0.831444233103147,0.933823529411765,0.607655502392344,-0.951312796028129,FAHNSCC_15,HN,1,FAHNSCC_15,stromal cells,,carcinoma_in_situ_FAHNSCC_15_2
53172,60877,8452.45263157895,353.0,501.831578947368,606.010526315789,236.947368421053,1816.42105263158,725.442105263158,184.094736842105,975.505263157895,2833.83157894737,461.463157894737,199.673684210526,948.894736842105,1943.65263157895,741.242105263158,901.484210526316,1086.88421052632,1464.06315789474,576.294736842105,381.042105263158,961.378947368421,982.421052631579,301.8,1564.38947368421,634.0,838.315789473684,299.778947368421,390.294736842105,1008.71578947368,417.41052631579,14017.7052631579,8862.62105263158,95,14.7429124153428,8.32567676674603,0.825279819912571,0.931372549019608,0.703703703703704,0.0966098299033526,FAHNSCC_15,HN,1,FAHNSCC_15,other APCs,,carcinoma_in_situ_FAHNSCC_15_2
53243,60952,15344.0909090909,307.349090909091,94.2654545454546,610.861818181818,633.454545454546,4110.01818181818,3073.98181818182,212.694545454545,957.909090909091,6178.09454545455,666.538181818182,185.029090909091,943.149090909091,4393.62909090909,897.28,892.501818181818,1120.90545454545,3558.53818181818,593.625454545455,395.632727272727,985.214545454546,3172.25090909091,448.425454545455,2887.74909090909,861.847272727273,1124.51636363636,307.425454545455,216.294545454545,1010.01454545455,414.050909090909,13677.8654545455,9594.4,275,26.4816990376641,13.3010243641771,0.864709499439567,0.941780821917808,0.647058823529412,-1.17133476997447,FAHNSCC_15,HN,1,FAHNSCC_15,M2 macrophages,,carcinoma_in_situ_FAHNSCC_15_2
53282,60995,8439.30208333333,200.026041666667,92.4010416666667,605.729166666667,307.609375,2120.86979166667,658.78125,188.734375,949.255208333333,3161.38020833333,465.536458333333,148.265625,936.338541666667,2605.046875,471.875,177.067708333333,1197.640625,2260.14583333333,540.072916666667,388.036458333333,964.953125,2054.90104166667,241.359375,2881.90104166667,616.052083333333,1178.36979166667,337.885416666667,141.880208333333,1033.72916666667,416.088541666667,14379.4739583333,9285.390625,192,22.7570000531777,11.8848653744399,0.852791840549006,0.884792626728111,0.556521739130435,-1.11527784100669,FAHNSCC_15,HN,1,FAHNSCC_15,stromal cells,,carcinoma_in_situ_FAHNSCC_15_2
53288,61006,18171.6144578313,246.686746987952,97.5240963855422,613.915662650602,358.0,4636.30722891566,626.024096385542,227.078313253012,971.939759036145,6652.70481927711,521.403614457831,175.55421686747,955.542168674699,5802.06626506024,528.132530120482,219.921686746988,1168.57831325301,3495.18072289157,594.632530120482,395.379518072289,969.849397590362,3141.1265060241,268.487951807229,3669.18674698795,790.259036144578,1156.72289156627,343.295180722892,171.518072289157,1029.42771084337,416.222891566265,14026.0722891566,9517.89156626506,166,19.0137224560836,11.2384610313232,0.806619492369936,0.937853107344633,0.697478991596639,-1.0268224556006,FAHNSCC_15,HN,1,FAHNSCC_15,stromal cells,,carcinoma_in_situ_FAHNSCC_15_2
53294,61014,13930.029787234,128.753191489362,76.2723404255319,611.744680851064,234.404255319149,3661.45106382979,748.995744680851,202.672340425532,950.893617021277,5295.78723404255,437.331914893617,154.765957446809,947.008510638298,4282.36170212766,458.578723404255,565.11914893617,1106.83404255319,3134.69361702128,554.944680851064,378.165957446809,954.370212765958,3208.59574468085,245.353191489362,1134.05531914894,1235.87659574468,1363.24255319149,304.514893617021,195.276595744681,1011.29787234043,415.621276595745,14212.3744680851,9277.78723404255,235,21.2481795837716,14.1703209919535,0.745151016756218,0.936254980079681,0.687134502923977,-0.876848392119563,FAHNSCC_15,HN,1,FAHNSCC_15,stromal cells,,carcinoma_in_situ_FAHNSCC_15_2
53297,61019,21239.0622568093,379.673151750973,122.36186770428,617.330739299611,75.3579766536965,5224.81322957198,880.019455252918,244.544747081712,964.972762645914,8082.04280155642,606.949416342412,167.474708171206,958.035019455253,6895.39688715953,478.031128404669,162.852140077821,1092.1439688716,3440.70817120623,629.268482490272,400.525291828794,960.964980544747,3321.67704280156,305.24513618677,7016.92607003891,1496.91050583658,1351.28793774319,363.533073929961,130.972762645914,1052.75875486381,417.902723735409,14446.8754863813,9164.79377431907,257,20.0644277239955,16.4141423621594,0.575116111426554,0.937956204379562,0.713888888888889,-1.16168762624141,FAHNSCC_15,HN,1,FAHNSCC_15,stromal cells,,carcinoma_in_situ_FAHNSCC_15_2
53391,61127,19630.0875,548.3625,195.2125,611.3,709.7875,4540.55,802.075,223.7625,966.6375,6131.4125,517.3875,167.1375,962.0375,5598.025,487.4875,195.8625,957.325,3953.125,553.05,388.825,950.0875,2612.275,237.7625,702.5875,594.1625,1348.125,302.575,121.3125,972.725,416.9625,14253.45,9319.4,80,14.8527686339486,7.07073291154408,0.87941557652703,0.952380952380952,0.634920634920635,-1.06089542400903,FAHNSCC_15,HN,1,FAHNSCC_15,CD4+ T cells,,carcinoma_in_situ_FAHNSCC_15_2
53411,61149,6960.25951557093,178.484429065744,79.80276816609,601.311418685121,23.6055363321799,1697.30795847751,425.923875432526,188.463667820069,941.702422145329,2741.61591695502,388.941176470588,1626.66089965398,950.352941176471,2428.95155709343,376.204152249135,119.664359861592,1020.6124567474,1990.62975778547,1272.58823529412,380.480968858131,945.23875432526,1705.08650519031,1290.37024221453,2470.42560553633,579.840830449827,1134.38062283737,294.965397923875,122.207612456747,1007.84775086505,413.311418685121,14300.169550173,8878.8615916955,289,23.923968395233,15.6624792566283,0.755908473755544,0.938311688311688,0.698067632850242,0.386102841372567,FAHNSCC_15,HN,1,FAHNSCC_15,Ki67+ tumor cells,,carcinoma_in_situ_FAHNSCC_15_2
53429,61169,4313.57534246575,137.746575342466,76.0342465753425,601.486301369863,12.9109589041096,997.801369863014,416.465753424658,225.630136986301,955.965753424658,1752.79109589041,423.037671232877,1886.97260273973,955.904109589041,1546.72602739726,436.38698630137,145.623287671233,1005.97260273973,1548.84931506849,2232.58561643836,317.767123287671,968.47602739726,853.924657534247,428.085616438356,3018.59246575342,571.849315068493,850.702054794521,305.184931506849,116.530821917808,1012.8801369863,414.900684931507,13765.9965753425,8366.95890410959,292,26.5293803122001,14.1421493091115,0.846067992791648,0.948051948051948,0.632034632034632,-0.846427890957455,FAHNSCC_15,HN,1,FAHNSCC_15,tumor cells,,carcinoma_in_situ_FAHNSCC_15_2
53468,61213,19606.021875,206.490625,77.8,612.4875,145.978125,5202.83125,645.003125,226.8625,964.65,7960.9375,534.1375,162.11875,974.484375,5527.34375,409.240625,163.071875,1095.9625,3735.10625,659.134375,394.74375,990.328125,3172.31875,284.43125,3471.171875,1210.496875,1180.59375,294.703125,124.903125,1002.5875,412.5625,14628.596875,8810.74375,320,22.0474905575757,18.7084841412555,0.529108944786596,0.966767371601208,0.76555023923445,-1.15859357474761,FAHNSCC_15,HN,1,FAHNSCC_15,stromal cells,,carcinoma_in_situ_FAHNSCC_15_2
53484,61229,4000.83582089552,151.373134328358,75.8109452736318,600.601990049751,14.81592039801,1032.44278606965,399.124378109453,187.751243781095,943.199004975124,1807.47263681592,391.28855721393,2189.98507462687,957.73631840796,1611.6368159204,388.114427860697,125.084577114428,987.004975124378,1679.15422885572,894.970149253731,390.73631840796,953.587064676617,1491.43781094527,260.358208955224,2123.71144278607,581.10447761194,1144.03482587065,317.154228855721,116.741293532338,1003.1144278607,413.542288557214,13315.0696517413,9324.50248756219,201,16.6287368569848,15.4727951480223,0.366329240760001,0.95260663507109,0.738970588235294,-0.966038867134995,FAHNSCC_15,HN,1,FAHNSCC_15,tumor cells,,carcinoma_in_situ_FAHNSCC_15_2
53551,61302,10425.2931034483,237.594827586207,87.3793103448276,606.956896551724,184.439655172414,2616.43965517241,493.646551724138,192.853448275862,949.939655172414,3857.37931034483,410.741379310345,167.241379310345,942.836206896552,3233.38793103448,387.491379310345,140.887931034483,964.586206896552,3175.4224137931,538.637931034483,388.01724137931,953.793103448276,3191.98275862069,256.137931034483,3159.06896551724,1466.85344827586,1615.97413793103,346.715517241379,127.810344827586,1035.87931034483,422.439655172414,13981.3965517241,9439.93965517241,116,14.0753355257089,10.5569192751991,0.661404182361407,0.974789915966386,0.743589743589744,-0.659275085399631,FAHNSCC_15,HN,1,FAHNSCC_15,stromal cells,,carcinoma_in_situ_FAHNSCC_15_2
53562,61313,10229.0962199313,256.670103092784,90.7250859106529,604.068728522337,245.367697594502,2619.73883161512,451.161512027491,186.996563573883,952.831615120275,4256.65979381443,404.333333333333,206.635738831615,955.134020618557,2739.32302405498,417.759450171821,172.601374570447,1022.82474226804,2634.67010309278,544.731958762887,391.223367697595,948.237113402062,2191.16838487973,286.161512027491,1082.60137457045,574.432989690722,1261.03436426117,312.419243986254,120.20618556701,983.432989690722,413.546391752577,13118.6013745704,9138.60824742268,291,39.7334002550531,9.49504367285773,0.971027241779986,0.909375,0.60625,-0.163124197411776,FAHNSCC_15,HN,1,FAHNSCC_15,stromal cells,,carcinoma_in_situ_FAHNSCC_15_2
53576,61327,4679.90666666667,161.6,80.4066666666667,603.12,14.5666666666667,691.486666666667,266.34,167.253333333333,941.34,2212.22,400.213333333333,1412.41333333333,954.186666666667,1832.34666666667,383.566666666667,121.693333333333,1015.24666666667,1699.96,1066.64,400.84,960.2,1381.01333333333,403.14,3037.84666666667,578.5,1069.18666666667,326.833333333333,119.866666666667,1024.06,416.646666666667,13089.4066666667,8784.85333333333,150,15.6922270584994,12.2045259796907,0.628581902660047,0.949367088607595,0.76530612244898,0.879925509113717,FAHNSCC_15,HN,1,FAHNSCC_15,tumor cells,,carcinoma_in_situ_FAHNSCC_15_2
53611,61367,8073.14657980456,213.736156351792,89.0977198697068,605.208469055375,9.5114006514658,1883.72312703583,476.524429967427,219.355048859935,948.504885993485,2993.42019543974,418.485342019544,2387.91856677524,944.296416938111,2686.28013029316,427.866449511401,129.775244299674,905.159609120521,2253.78501628665,1124.75244299674,429.342019543974,978.071661237785,1909.04560260586,715.068403908795,2031.81758957655,573.726384364821,1483.42996742671,425.078175895766,134.902280130293,1006.02280130293,426.485342019544,14274.5374592834,8077.57003257329,307,25.1374239013823,16.1057945350211,0.76778311831729,0.953416149068323,0.702517162471396,-1.04119733823514,FAHNSCC_15,HN,1,FAHNSCC_15,tumor cells,,carcinoma_in_situ_FAHNSCC_15_2
53652,61410,13637.9569892473,490.47311827957,131.516129032258,600.666666666667,54.3440860215054,3213.09677419355,2131.48387096774,220.94623655914,958.741935483871,5226.01075268817,755.47311827957,672.903225806452,942.118279569892,4737.31182795699,391.161290322581,457.838709677419,956.741935483871,4733.58064516129,732.451612903226,418.279569892473,957.0,4853.32258064516,401.483870967742,1648.25806451613,593.41935483871,3041.89247311828,394.548387096774,374.172043010753,993.376344086022,438.666666666667,14508.2043010753,8236.63440860215,93,14.5323652612968,8.18231388293033,0.826429131990445,0.96875,0.715384615384615,-0.556562668197148,FAHNSCC_15,HN,1,FAHNSCC_15,M1/M0 macrophages,,carcinoma_in_situ_FAHNSCC_15_2
53667,61425,12914.4528301887,174.201257861635,61.8553459119497,600.11320754717,85.6163522012579,3564.27672955975,524.842767295598,194.182389937107,945.918238993711,5550.44025157233,434.37106918239,135.74213836478,957.358490566038,3441.37735849057,320.433962264151,227.182389937107,1027.4465408805,2714.23270440252,515.704402515723,432.352201257862,943.993710691824,2112.35220125786,243.553459119497,1292.7106918239,905.635220125786,968.748427672956,281.389937106918,130.069182389937,999.308176100629,409.540880503145,14724.251572327,9053.94968553459,159,21.7076168307298,9.38233102294153,0.901771175215886,0.946428571428571,0.597744360902256,-1.01127368407515,FAHNSCC_15,HN,1,FAHNSCC_15,stromal cells,,carcinoma_in_situ_FAHNSCC_15_2
53676,61435,15922.4552845528,407.426829268293,131.325203252033,615.361788617886,738.19512195122,3569.75609756098,629.666666666667,216.434959349594,957.60162601626,5206.82520325203,476.80081300813,175.459349593496,965.626016260163,3739.48780487805,430.605691056911,176.918699186992,1015.23983739837,2948.86991869919,586.146341463415,391.483739837398,970.776422764228,2671.0162601626,255.833333333333,1191.03658536585,597.841463414634,1183.5162601626,335.914634146342,133.040650406504,1000.55284552846,416.060975609756,14084.0284552846,9545.18292682927,246,25.9766779804329,12.2751827039003,0.881305853565236,0.931818181818182,0.656,-1.2040598571717,FAHNSCC_15,HN,1,FAHNSCC_15,stromal cells,,carcinoma_in_situ_FAHNSCC_15_2
53686,61446,6102.9928057554,163.237410071942,84.0863309352518,599.359712230216,22.841726618705,1852.57553956834,532.719424460432,222.395683453237,958.589928057554,2913.30935251799,455.26618705036,1095.02158273381,954.035971223022,2301.79856115108,407.73381294964,152.028776978417,959.0,1866.85611510791,1070.86330935252,412.58273381295,971.525179856115,1584.84892086331,1658.78417266187,3348.35971223022,579.151079136691,1201.69784172662,372.517985611511,132.208633093525,1013.46762589928,421.597122302158,14744.2661870504,8482.12230215827,139,18.6633989591041,9.49984060483735,0.860761115559383,0.972027972027972,0.772222222222222,-0.240434363315599,FAHNSCC_15,HN,1,FAHNSCC_15,Ki67+ tumor cells,,carcinoma_in_situ_FAHNSCC_15_2
53703,61470,13629.4847645429,151.337950138504,77.3711911357341,607.493074792244,364.734072022161,3615.68698060942,485.09972299169,192.603878116343,955.545706371191,4968.63157894737,448.501385041551,165.650969529086,946.002770083102,4027.94459833795,468.842105263158,133.637119113573,1043.39058171745,3377.34903047091,557.116343490305,385.476454293629,956.759002770083,3028.76731301939,238.274238227147,1709.09418282548,2605.01385041551,1186.50415512465,313.94459833795,149.124653739612,1014.31578947368,415.07756232687,14033.4626038781,9651.43213296399,361,33.3763695219347,14.0755580012483,0.906725060324036,0.937662337662338,0.534814814814815,-0.828792451545475,FAHNSCC_15,HN,1,FAHNSCC_15,endothelial cells,,carcinoma_in_situ_FAHNSCC_15_2
53721,61489,17797.7131474104,356.019920318725,1463.26294820717,604.482071713147,182.581673306773,4447.46215139442,695.505976095618,218.741035856574,969.812749003984,6356.59760956175,657.876494023904,232.828685258964,965.266932270916,4766.6374501992,565.390438247012,285.091633466136,1160.41434262948,2884.76494023904,587.92828685259,393.665338645418,972.509960159362,2122.75697211155,288.282868525896,2998.0796812749,906.302788844622,933.92828685259,329.310756972112,272.697211155379,1020.82470119522,411.864541832669,14116.5856573705,9346.6015936255,251,25.1023252171704,12.9429139047646,0.856825695020478,0.954372623574144,0.671122994652406,-1.01163348235975,FAHNSCC_15,HN,1,FAHNSCC_15,other APCs,,carcinoma_in_situ_FAHNSCC_15_2
53722,61490,11465.889212828,200.941690962099,84.1253644314869,604.440233236152,266.36443148688,3034.83673469388,434.714285714286,185.827988338192,955.486880466472,4632.51895043732,386.734693877551,239.690962099125,958.860058309038,2997.12827988338,401.338192419825,151.396501457726,1062.27988338192,2702.46647230321,545.583090379009,383.294460641399,958.586005830904,2314.24198250729,246.830903790087,1212.78425655977,578.204081632653,991.218658892128,274.361516034985,113.451895043732,978.758017492711,412.218658892128,13644.0204081633,9291.90670553936,343,38.8142945947414,11.532623401608,0.954839183044949,0.89556135770235,0.586324786324786,0.193394487477154,FAHNSCC_15,HN,1,FAHNSCC_15,stromal cells,,carcinoma_in_situ_FAHNSCC_15_2
53775,61554,6170.89544235925,101.286863270777,56.7479892761394,604.024128686327,131.85254691689,1536.91689008043,489.324396782842,177.506702412869,955.613941018767,2372.00268096515,391.932975871314,149.324396782842,944.8418230563,1605.65951742627,395.662198391421,163.123324396783,1109.24128686327,1239.43431635389,487.428954423593,373.72654155496,956.359249329759,927.916890080429,200.447721179625,869.914209115282,996.43163538874,716.621983914209,252.793565683646,152.211796246649,987.823056300268,405.906166219839,14278.5790884719,9518.79624664879,373,33.1092526358123,14.4678503341943,0.899474609972686,0.94910941475827,0.685661764705882,-1.29338377377363,FAHNSCC_15,HN,1,FAHNSCC_15,stromal cells,,carcinoma_in_situ_FAHNSCC_15_2
53834,61617,10926.765625,314.25,114.671875,606.140625,396.96875,2346.0625,539.25,207.0859375,955.84375,3590.375,471.5546875,217.4296875,958.625,2418.65625,446.6796875,221.5078125,1040.609375,1975.6640625,660.21875,413.4765625,950.5859375,1517.40625,356.515625,3982.6015625,600.21875,976.515625,314.109375,126.5390625,1000.5703125,415.5,14544.90625,8345.9140625,128,21.2659485441977,7.85020021738539,0.929372157054263,0.901408450704225,0.677248677248677,0.156454636695414,FAHNSCC_15,HN,1,FAHNSCC_15,stromal cells,,carcinoma_in_situ_FAHNSCC_15_2
53843,61628,3861.45614035088,172.146198830409,68.5204678362573,599.134502923977,15.3684210526316,783.432748538012,416.970760233918,206.473684210526,949.906432748538,1346.55555555556,470.134502923977,2124.55555555556,950.53216374269,1253.71929824561,405.111111111111,154.485380116959,1061.30409356725,1132.25730994152,1678.98245614035,417.076023391813,971.06432748538,749.011695906433,408.929824561404,2990.56725146199,569.549707602339,799.53216374269,307.12865497076,116.801169590643,1022.80701754386,418.175438596491,13496.1403508772,8315.81286549708,171,18.7886205954079,11.7032497297456,0.782309184536163,0.94475138121547,0.628676470588235,-0.669290002796902,FAHNSCC_15,HN,1,FAHNSCC_15,tumor cells,,carcinoma_in_situ_FAHNSCC_15_2
53883,61673,3535.82993197279,176.823129251701,87.0612244897959,608.142857142857,12.3605442176871,821.843537414966,429.251700680272,205.319727891156,944.421768707483,1529.95918367347,387.666666666667,3002.78911564626,943.074829931973,1688.15646258503,398.197278911565,123.142857142857,962.278911564626,1483.17006802721,1332.61904761905,411.877551020408,954.69387755102,1162.45578231293,479.278911564626,2980.04081632653,576.585034013605,1044.48979591837,332.340136054422,122.482993197279,1010.34693877551,417.768707482993,13957.6870748299,8335.73469387755,147,15.1441448197172,12.3845424483543,0.575534353645251,0.954545454545455,0.807692307692308,0.565588405253694,FAHNSCC_15,HN,1,FAHNSCC_15,tumor cells,,carcinoma_in_situ_FAHNSCC_15_2
53896,61686,8551.57432432433,195.243243243243,95.25,618.243243243243,859.486486486487,2076.54054054054,4302.69594594595,181.689189189189,959.25,3286.33108108108,1575.58108108108,612.114864864865,947.777027027027,2639.37162162162,578.297297297297,2087.84459459459,1103.73648648649,1830.73648648649,554.851351351351,375.790540540541,965.95945945946,1392.21621621622,281.054054054054,2764.83783783784,656.114864864865,732.378378378378,228.547297297297,211.25,985.216216216216,406.689189189189,14099.7027027027,8656.23648648649,148,15.0979516002793,12.7135661679633,0.5393647331328,0.954838709677419,0.758974358974359,1.40057994002206,FAHNSCC_15,HN,1,FAHNSCC_15,M2 macrophages,,carcinoma_in_situ_FAHNSCC_15_2
53902,61694,4123.85145888594,170.167108753316,88.2679045092838,601.238726790451,10.3766578249337,1018.56763925729,436.031830238727,211.994694960212,948.872679045093,1786.98143236074,400.960212201592,2661.22281167109,950.901856763926,1790.28912466844,426.713527851459,130.681697612732,936.31299734748,1522.7824933687,3234.2175066313,412.554376657825,969.840848806366,1264.78514588859,534.716180371353,3877.42970822281,575.920424403183,1094.19893899204,338.344827586207,122.448275862069,1011.42175066313,419.978779840849,14115.2387267905,8260.32625994695,377,34.5919953228608,14.0153041501702,0.914245650308056,0.949622166246851,0.652249134948097,0.276975170791281,FAHNSCC_15,HN,1,FAHNSCC_15,tumor cells,,carcinoma_in_situ_FAHNSCC_15_2
53984,61791,6207.85,119.525,56.65,617.566666666667,472.416666666667,1466.28333333333,1765.24166666667,182.1,957.466666666667,2574.06666666667,517.875,1047.0,945.616666666667,2086.30833333333,531.383333333333,195.466666666667,1136.425,1770.85,1574.76666666667,387.491666666667,983.041666666667,1269.09166666667,364.916666666667,5671.25,577.875,970.175,317.95,1567.33333333333,1036.9,416.375,13857.0,8554.925,120,17.7167424414132,8.94578321135877,0.86315803500252,0.916030534351145,0.705882352941177,-0.143353508961616,FAHNSCC_15,HN,1,FAHNSCC_15,M1/M0 macrophages,,carcinoma_in_situ_FAHNSCC_15_2
53998,61805,20074.9443298969,154.024742268041,78.6927835051546,601.509278350516,20.080412371134,4901.50721649485,632.051546391753,272.39381443299,954.696907216495,7037.14639175258,505.410309278351,705.129896907216,1091.57525773196,5255.49072164949,424.632989690722,167.981443298969,1037.78350515464,3599.4206185567,835.18969072165,405.474226804124,1006.24948453608,3343.83298969072,15072.1340206186,3210.31546391753,582.79175257732,1605.52371134021,368.703092783505,131.080412371134,1025.18969072165,421.894845360825,14768.4742268041,8498.25979381443,485,29.3274996858992,21.1693961016727,0.692073005098348,0.975855130784708,0.796387520525452,0.0526495695152539,FAHNSCC_15,HN,1,FAHNSCC_15,Ki67+ tumor cells,,carcinoma_in_situ_FAHNSCC_15_2
53999,61806,4036.57073170732,165.224390243902,83.8585365853659,608.819512195122,16.619512195122,983.351219512195,458.126829268293,199.043902439024,948.253658536585,1918.61951219512,450.058536585366,2705.1512195122,965.858536585366,1735.94634146342,417.448780487805,124.448780487805,975.858536585366,1609.55609756098,1997.27804878049,393.863414634146,944.785365853658,1345.57073170732,517.351219512195,4505.94634146342,581.058536585366,1143.56097560976,327.941463414634,123.975609756098,1012.67317073171,417.8,14182.0682926829,8498.10243902439,205,17.4801992099137,14.9795019652605,0.51541427040228,0.949074074074074,0.753676470588235,-0.554274955834164,FAHNSCC_15,HN,1,FAHNSCC_15,tumor cells,,carcinoma_in_situ_FAHNSCC_15_2
54080,61899,13533.8047337278,240.609467455621,85.0650887573965,602.94674556213,143.751479289941,3465.74556213018,558.366863905325,203.609467455621,943.85798816568,5186.16568047337,427.579881656805,173.443786982249,944.467455621302,4291.4674556213,432.14201183432,151.224852071006,984.307692307692,3646.18934911243,573.011834319527,395.10650887574,954.491124260355,3490.11834319527,271.349112426036,1746.97041420118,1148.84615384615,1871.97041420118,369.15976331361,138.520710059172,1022.12426035503,422.976331360947,14034.3727810651,9401.28402366864,169,24.3876891714703,8.85242946658239,0.931793958592307,0.928571428571429,0.548701298701299,-1.07583671089116,FAHNSCC_15,HN,1,FAHNSCC_15,stromal cells,,carcinoma_in_situ_FAHNSCC_15_2
54187,62020,13681.8910891089,353.732673267327,104.861386138614,603.138613861386,114.217821782178,3125.71287128713,572.485148514852,205.485148514852,945.445544554455,4567.38613861386,541.980198019802,158.089108910891,960.584158415842,2434.07920792079,406.742574257426,361.881188118812,1005.68316831683,2230.54455445545,645.257425742574,760.435643564356,945.861386138614,1605.19801980198,372.049504950495,2042.26732673267,620.039603960396,956.247524752475,289.376237623762,149.386138613861,995.475247524752,414.762376237624,14762.8217821782,8559.79207920792,101,11.9581833289629,10.7886991112173,0.431313366262588,0.961904761904762,0.834710743801653,-0.821631600804819,FAHNSCC_15,HN,1,FAHNSCC_15,stromal cells,,carcinoma_in_situ_FAHNSCC_15_2
54344,62199,12405.7790055249,307.878453038674,117.872928176796,614.533149171271,828.422651933702,3033.85359116022,568.828729281768,196.569060773481,953.019337016575,4512.08287292818,517.350828729282,174.127071823204,949.32044198895,3349.09116022099,492.64364640884,145.707182320442,1021.02209944751,2693.53314917127,582.422651933702,388.024861878453,956.019337016575,2209.91160220994,242.82044198895,1943.24585635359,594.102209944751,1024.61602209945,315.701657458564,120.709944751381,1011.11602209945,412.585635359116,14040.5110497238,9765.89226519337,362,27.4649068151818,16.9454622255529,0.786974148515478,0.952631578947368,0.718253968253968,-0.529182206255648,FAHNSCC_15,HN,1,FAHNSCC_15,stromal cells,,carcinoma_in_situ_FAHNSCC_15_2
54347,62202,8772.24952741021,69.8979206049149,47.3686200378072,601.211720226843,17.9149338374291,2204.93005671078,407.066162570889,191.765595463138,943.145557655955,3545.01890359168,411.608695652174,830.835538752363,1005.05671077505,2480.97164461248,367.803402646503,122.863894139887,989.413988657845,2135.94896030246,1409.15879017013,387.744801512287,985.739130434783,1742.62570888469,3756.202268431,4062.93572778828,581.192816635161,1074.78449905482,306.232514177694,116.971644612476,1017.88468809074,414.160680529301,14452.618147448,8468.99243856333,529,31.6258988486527,21.4863962222559,0.733775120931456,0.961818181818182,0.734722222222222,-0.458574564249927,FAHNSCC_15,HN,1,FAHNSCC_15,Ki67+ tumor cells,,carcinoma_in_situ_FAHNSCC_15_2
54355,62210,8039.92082616179,151.21686746988,71.5370051635112,599.581755593804,16.1703958691911,1990.38209982788,437.5834767642,231.483648881239,957.432013769363,3164.62994836489,401.895008605852,716.135972461274,1146.57142857143,2051.05507745267,362.339070567986,166.526678141136,1116.51118760757,1658.5404475043,646.234079173838,388.790017211704,1031.3321858864,1191.71772805508,533.433734939759,3147.46815834768,579.478485370052,784.265060240964,268.624784853701,119.261617900172,990.621342512909,409.800344234079,13150.5559380379,9212.11703958692,581,37.4615278893237,19.7984632930175,0.848932540090414,0.966722129783694,0.768518518518519,-1.32605232044071,FAHNSCC_15,HN,1,FAHNSCC_15,tumor cells,,carcinoma_in_situ_FAHNSCC_15_2
54359,62215,8773.66261398176,188.720364741641,91.1975683890578,606.863221884498,9.05775075987842,1924.53191489362,473.577507598784,233.762917933131,956.519756838906,2943.14589665654,401.331306990881,2435.99392097264,959.693009118541,2433.2462006079,346.246200607903,139.914893617021,934.282674772036,1863.31306990882,814.267477203647,415.662613981763,1066.77203647416,1445.01519756839,334.164133738602,2930.68996960486,576.300911854103,1080.01519756839,345.522796352584,120.793313069909,993.547112462006,417.088145896657,13820.3404255319,8177.0820668693,329,27.4570338317187,15.7315163901537,0.819590097481462,0.92156862745098,0.597096188747731,-0.367341300644746,FAHNSCC_15,HN,1,FAHNSCC_15,tumor cells,,carcinoma_in_situ_FAHNSCC_15_2
54370,62229,11534.0813953488,157.06976744186,76.4127906976744,610.546511627907,414.28488372093,3138.85465116279,860.895348837209,187.796511627907,947.267441860465,4871.67441860465,459.325581395349,238.43023255814,954.470930232558,3503.64534883721,375.273255813954,242.982558139535,1031.30813953488,3156.19186046512,590.854651162791,380.639534883721,957.546511627907,2735.76744186047,309.593023255814,2280.86046511628,792.482558139535,1373.6976744186,298.96511627907,132.587209302326,998.063953488372,417.563953488372,14048.3720930233,8722.3488372093,172,17.4364613734263,13.3814565299039,0.641119495811237,0.882051282051282,0.646616541353383,0.120007951938274,FAHNSCC_15,HN,1,FAHNSCC_15,stromal cells,,carcinoma_in_situ_FAHNSCC_15_2
54373,62232,20947.6503067485,345.245398773006,119.01226993865,607.294478527607,371.19018404908,5940.79141104295,681.521472392638,231.558282208589,951.067484662577,9265.50920245399,527.631901840491,168.914110429448,945.411042944785,7454.67484662577,346.834355828221,136.220858895706,1094.1226993865,8078.11042944785,653.705521472393,405.828220858896,951.226993865031,8062.8282208589,324.110429447853,1222.99386503068,682.975460122699,4079.30061349693,364.073619631902,139.453987730061,980.368098159509,440.196319018405,14659.9877300614,8719.78527607362,163,21.2455617375284,9.82341553300621,0.886684502054103,0.942196531791908,0.626923076923077,0.407138619622548,FAHNSCC_15,HN,1,FAHNSCC_15,stromal cells,,carcinoma_in_situ_FAHNSCC_15_2
54395,62256,14332.0358126722,173.870523415978,76.465564738292,609.732782369146,160.617079889807,3586.00275482094,581.829201101928,223.151515151515,963.933884297521,5495.47107438017,522.093663911846,151.101928374656,960.809917355372,4943.48209366391,415.162534435262,145.561983471074,1227.83746556474,2569.70247933884,601.027548209366,397.738292011019,950.526170798898,2463.74380165289,274.752066115702,5463.9696969697,3826.15977961433,1036.3608815427,321.931129476584,161.520661157025,1023.07438016529,416.619834710744,14828.3278236915,8901.81542699725,363,30.5291955839267,15.7545239646383,0.856559791632676,0.876811594202899,0.558461538461539,-0.884909423543891,FAHNSCC_15,HN,1,FAHNSCC_15,endothelial cells,,carcinoma_in_situ_FAHNSCC_15_2
54445,62309,8138.66666666667,91.0944444444444,65.3388888888889,600.038888888889,100.716666666667,3767.51666666667,524.872222222222,200.261111111111,953.972222222222,5652.18888888889,438.188888888889,175.544444444444,950.272222222222,4552.27222222222,510.972222222222,618.611111111111,1052.28888888889,3747.08333333333,559.461111111111,386.5,978.072222222222,3634.59444444445,267.638888888889,1653.12222222222,2555.65555555556,1504.48333333333,339.755555555556,212.038888888889,1008.60555555556,419.272222222222,14159.5111111111,9277.14444444444,180,20.9848958241539,10.934578704593,0.853514555310415,0.952380952380952,0.661764705882353,-0.703392723483281,FAHNSCC_15,HN,1,FAHNSCC_15,endothelial cells,,carcinoma_in_situ_FAHNSCC_15_2
54472,62338,7414.58450704225,136.683098591549,61.6338028169014,617.957746478873,202.704225352113,1841.68309859155,546.584507042254,216.380281690141,975.718309859155,3027.27464788732,592.387323943662,152.112676056338,974.077464788732,3309.70422535211,502.147887323944,190.316901408451,1447.74647887324,2068.47887323944,662.183098591549,396.992957746479,981.704225352113,1854.92253521127,307.584507042254,7473.04225352113,919.612676056338,966.633802816901,306.43661971831,121.387323943662,1018.16197183099,416.457746478873,14775.4647887324,8683.80985915493,142,15.1356909156401,12.0749958287115,0.602944772304955,0.953020134228188,0.682692307692308,0.35082326928334,FAHNSCC_15,HN,1,FAHNSCC_15,stromal cells,,carcinoma_in_situ_FAHNSCC_15_2
54544,62423,7848.49511854951,158.913528591353,73.9065550906555,598.150627615063,24.8047419804742,1951.82705718271,527.147838214784,240.661087866109,957.529986052999,3114.22315202232,393.94839609484,683.291492329149,1111.30543933054,2564.34449093445,379.062761506276,156.147838214784,1152.75453277545,1763.5829846583,1086.92189679219,389.571827057183,1044.65969316597,1305.70153417015,405.058577405858,2758.74755927476,581.1589958159,837.248256624826,263.277545327755,127.598326359833,990.302649930265,410.931659693166,13823.7140864714,8745.93863319386,717,35.361307325069,25.9002050963207,0.680826438072441,0.972862957937585,0.766025641025641,-1.41717525005332,FAHNSCC_15,HN,1,FAHNSCC_15,tumor cells,,carcinoma_in_situ_FAHNSCC_15_2
54558,62441,8219.53461538462,245.153846153846,85.8961538461539,607.707692307692,132.096153846154,2096.59615384615,1421.45769230769,198.988461538462,963.653846153846,3332.8,1771.1,172.684615384615,946.930769230769,2536.61538461538,619.338461538462,493.55,1099.57692307692,2437.28076923077,592.326923076923,400.326923076923,968.515384615385,2232.86923076923,259.269230769231,4081.58461538462,1035.36923076923,1203.4,386.546153846154,207.096153846154,1048.19615384615,416.576923076923,13786.1884615385,9730.43846153846,260,30.7170955759523,10.9185978505841,0.934692743430703,0.935251798561151,0.50682261208577,-1.05117703469448,FAHNSCC_15,HN,1,FAHNSCC_15,M2 macrophages,,carcinoma_in_situ_FAHNSCC_15_2
54567,62451,19664.4552238806,247.559701492537,96.8134328358209,615.007462686567,206.440298507463,4565.58955223881,545.94776119403,212.544776119403,945.082089552239,7052.48507462687,459.171641791045,162.671641791045,949.231343283582,4302.69402985075,375.44776119403,158.828358208955,982.65671641791,4265.35820895522,607.738805970149,434.970149253731,956.39552238806,3631.08208955224,314.679104477612,1083.41044776119,2932.41791044776,1327.03731343284,300.097014925373,158.283582089552,1013.70149253731,417.708955223881,14710.3432835821,8652.91791044776,134,14.8353714562644,11.5180165573013,0.630254233054746,0.943661971830986,0.797619047619048,1.29831154101171,FAHNSCC_15,HN,1,FAHNSCC_15,endothelial cells,,carcinoma_in_situ_FAHNSCC_15_2
54584,62469,13683.9414634146,234.892682926829,80.4682926829268,608.478048780488,174.317073170732,3213.2243902439,612.458536585366,209.112195121951,959.941463414634,5093.58536585366,494.770731707317,164.346341463415,958.019512195122,5819.84878048781,454.868292682927,156.790243902439,1073.98536585366,3337.74146341463,598.214634146342,391.556097560976,981.229268292683,3364.10243902439,276.858536585366,4664.68292682927,844.326829268293,1324.09756097561,321.092682926829,127.321951219512,1018.85853658537,414.682926829268,14331.0292682927,9152.99512195122,205,22.1069788679343,12.0198649982937,0.839270829039333,0.944700460829493,0.732142857142857,-0.361156879703403,FAHNSCC_15,HN,1,FAHNSCC_15,stromal cells,,carcinoma_in_situ_FAHNSCC_15_2
54594,62480,10458.0,255.610687022901,377.419847328244,594.87786259542,66.7099236641221,2434.62595419847,532.916030534351,196.396946564886,958.099236641221,3784.90839694657,442.656488549618,174.931297709924,992.93893129771,2876.61832061069,377.167938931298,304.717557251908,940.297709923664,1890.90839694656,625.931297709924,422.36641221374,955.885496183206,1288.91603053435,323.152671755725,1340.38167938931,626.152671755725,871.671755725191,289.229007633588,160.977099236641,995.503816793893,410.358778625954,14650.7633587786,8397.93129770992,131,19.3714147264769,8.71375109201067,0.893116600516889,0.935714285714286,0.689473684210526,0.309949126912054,FAHNSCC_15,HN,1,FAHNSCC_15,Unknown,,carcinoma_in_situ_FAHNSCC_15_2
54674,62571,4911.67808219178,78.6027397260274,63.8219178082192,594.345890410959,19.0034246575342,1120.85273972603,380.215753424658,180.708904109589,943.794520547945,1915.07876712329,348.215753424658,1393.69520547945,963.400684931507,1732.27739726027,343.952054794521,123.5,1046.39726027397,1548.52739726027,1912.40753424658,378.83904109589,956.585616438356,1283.06164383562,1016.55136986301,2892.25,572.455479452055,945.729452054794,273.496575342466,112.893835616438,997.479452054794,409.11301369863,14054.6815068493,8779.8698630137,292,24.9424454705323,14.9787849720052,0.799599268848745,0.932907348242812,0.73,-0.0711994890453495,FAHNSCC_15,HN,1,FAHNSCC_15,Ki67+ tumor cells,,carcinoma_in_situ_FAHNSCC_15_2
54679,62577,21370.0588235294,265.588235294118,102.576470588235,604.2,152.964705882353,4739.05882352941,575.741176470588,220.0,950.317647058824,7239.03529411765,463.035294117647,181.188235294118,942.682352941176,4930.30588235294,396.247058823529,210.058823529412,1002.69411764706,5344.4,631.117647058824,591.682352941176,936.317647058824,4383.56470588235,337.705882352941,1326.67058823529,656.941176470588,2151.05882352941,361.494117647059,131.152941176471,996.905882352941,428.576470588235,14594.8352941176,8604.96470588235,85,13.6108951187459,8.00486040614465,0.808772570485266,0.944444444444444,0.817307692307692,0.144130259538028,FAHNSCC_15,HN,1,FAHNSCC_15,stromal cells,,carcinoma_in_situ_FAHNSCC_15_2
54680,62578,4669.71034482759,131.889655172414,69.4275862068966,602.648275862069,36.8413793103448,1151.56551724138,652.551724137931,198.889655172414,940.275862068966,1977.2275862069,403.455172413793,861.393103448276,969.875862068966,1643.95862068966,433.924137931034,492.648275862069,1059.37931034483,1346.93793103448,1025.72413793103,378.751724137931,953.4,1069.78620689655,285.089655172414,2678.71034482759,589.186206896552,845.365517241379,287.862068965517,528.131034482759,1004.29655172414,411.779310344828,13999.9379310345,8930.88965517241,145,15.2284632211894,12.1554388115322,0.602385615118398,0.941558441558442,0.739795918367347,-0.901978605365666,FAHNSCC_15,HN,1,FAHNSCC_15,other APCs,,carcinoma_in_situ_FAHNSCC_15_2
54727,62631,8624.08296943232,207.401746724891,87.938864628821,606.144104803493,253.938864628821,2032.49781659389,483.633187772926,179.205240174673,946.698689956332,3053.40611353712,395.275109170306,153.886462882096,967.816593886463,2309.03056768559,377.506550218341,164.510917030568,1005.48471615721,1438.04366812227,475.593886462882,375.467248908297,950.222707423581,985.580786026201,191.484716157205,639.454148471616,595.825327510917,697.117903930131,252.620087336244,115.628820960699,984.668122270742,407.0,14341.0218340611,9563.75545851529,229,23.0066161049483,12.6919222723101,0.834066431204806,0.970338983050847,0.726984126984127,-1.11845254333554,FAHNSCC_15,HN,1,FAHNSCC_15,stromal cells,,carcinoma_in_situ_FAHNSCC_15_2
54777,62686,3928.46534653465,236.955445544555,87.2772277227723,601.485148514852,9.18316831683169,902.990099009901,414.29702970297,198.292079207921,956.440594059406,1627.93069306931,439.079207920792,3286.22277227723,949.227722772277,1517.4900990099,392.455445544554,149.257425742574,1031.02475247525,1258.33168316832,1814.30198019802,411.316831683168,1239.71287128713,887.089108910891,368.371287128713,2302.18811881188,570.311881188119,860.757425742574,325.841584158416,127.965346534653,983.391089108911,416.0,13363.3613861386,8412.67326732673,202,18.3589340621788,14.1779144920465,0.635303694746072,0.94392523364486,0.698961937716263,0.853200316804632,FAHNSCC_15,HN,1,FAHNSCC_15,tumor cells,,carcinoma_in_situ_FAHNSCC_15_2
54944,62876,5725.63906581741,220.929936305733,90.2292993630573,622.265392781316,704.552016985138,1207.66454352442,1029.84076433121,188.348195329087,961.704883227176,1795.92356687898,645.333333333333,196.307855626327,943.872611464968,1322.7855626327,445.116772823779,191.314225053079,1021.81740976645,1023.12526539278,495.004246284501,388.252653927813,976.828025477707,888.900212314225,205.825902335456,1106.62420382166,606.602972399151,838.235668789809,296.847133757962,147.076433121019,997.91932059448,410.178343949045,13872.3036093418,9637.63906581741,471,34.6626127157845,17.6641615174089,0.860409828972371,0.957317073170732,0.633064516129032,-0.555339194481355,FAHNSCC_15,HN,1,FAHNSCC_15,stromal cells,,carcinoma_in_situ_FAHNSCC_15_2
54973,62907,4139.05833333333,109.791666666667,63.5416666666667,591.966666666667,20.0541666666667,1056.5125,359.695833333333,181.758333333333,944.875,1839.32083333333,395.541666666667,1245.675,973.6,1470.0875,373.933333333333,118.554166666667,1014.8375,1450.95833333333,1074.40416666667,378.675,949.725,1241.72916666667,1000.0,2766.10416666667,571.216666666667,870.608333333333,271.5125,114.704166666667,1001.03333333333,410.533333333333,13596.0625,9223.21666666667,240,21.5750809534874,14.4511454242453,0.742535023663488,0.96,0.701754385964912,0.742397875775118,FAHNSCC_15,HN,1,FAHNSCC_15,Ki67+ tumor cells,,carcinoma_in_situ_FAHNSCC_15_2
54991,62927,9504.09900990099,272.326732673267,110.514851485149,604.287128712871,70.7524752475248,2119.29702970297,1234.12871287129,215.653465346535,972.277227722772,3211.32673267327,1072.50495049505,256.683168316832,940.089108910891,1916.55445544554,643.792079207921,736.792079207921,1332.91089108911,1475.84158415842,616.09900990099,430.693069306931,963.128712871287,1151.10891089109,276.663366336634,8035.90099009901,1404.29702970297,856.346534653465,317.336633663366,210.574257425743,1024.93069306931,410.445544554455,14803.1089108911,8799.77227722772,101,13.2728833943947,9.77768570344425,0.676256448631681,0.952830188679245,0.776923076923077,-0.22040000805191,FAHNSCC_15,HN,1,FAHNSCC_15,M2 macrophages,,carcinoma_in_situ_FAHNSCC_15_2
55038,62976,6228.08407079646,280.132743362832,95.6946902654867,600.823008849558,16.8185840707965,1375.34513274336,516.08407079646,238.283185840708,951.853982300885,2224.98672566372,424.017699115044,1501.33628318584,974.300884955752,2001.01769911504,452.29203539823,157.353982300885,996.455752212389,1469.99557522124,1685.94247787611,398.778761061947,947.234513274337,1085.64601769912,342.16814159292,2073.69026548673,577.004424778761,939.092920353982,347.597345132743,124.389380530973,1000.86283185841,414.402654867257,13747.4690265487,8797.85398230089,226,23.5039532612524,12.3297141903058,0.851360886981145,0.961702127659574,0.664705882352941,0.982293508903308,FAHNSCC_15,HN,1,FAHNSCC_15,tumor cells,,carcinoma_in_situ_FAHNSCC_15_2
55073,63017,7845.53409090909,632.875,188.931818181818,611.818181818182,680.784090909091,1782.81818181818,704.022727272727,205.454545454545,996.272727272727,2652.71590909091,532.704545454546,182.090909090909,945.284090909091,1969.48863636364,514.477272727273,213.011363636364,1086.22727272727,2244.10227272727,549.920454545455,412.045454545455,959.329545454546,1888.63636363636,239.920454545455,2092.63636363636,690.977272727273,1091.96590909091,311.238636363636,127.568181818182,1002.5,413.659090909091,13834.4318181818,9562.65909090909,88,12.2672286465955,9.16214240220389,0.66495933300297,0.916666666666667,0.733333333333333,-1.10414299088512,FAHNSCC_15,HN,1,FAHNSCC_15,CD4+ T cells,,carcinoma_in_situ_FAHNSCC_15_2
55093,63042,8015.51612903226,174.29435483871,86.366935483871,599.967741935484,34.3266129032258,2061.87096774194,537.387096774194,222.322580645161,949.737903225806,2928.89516129032,463.701612903226,1102.78225806452,953.29435483871,2131.51612903226,403.887096774194,147.383064516129,1031.74193548387,1528.32661290323,1461.24193548387,399.41935483871,948.774193548387,1167.52822580645,478.33064516129,2925.60080645161,572.072580645161,904.125,325.048387096774,122.810483870968,1006.47580645161,411.717741935484,13464.6532258065,8721.95967741935,248,23.2581147164115,13.7188491500801,0.807511258143013,0.953846153846154,0.751515151515152,0.340850328823602,FAHNSCC_15,HN,1,FAHNSCC_15,tumor cells,,carcinoma_in_situ_FAHNSCC_15_2
55102,63052,10892.7405405405,213.140540540541,90.8054054054054,595.816216216216,97.0918918918919,2658.73513513514,573.0,189.32972972973,947.708108108108,3871.38918918919,389.854054054054,215.437837837838,961.956756756757,2737.54054054054,385.448648648649,202.410810810811,926.135135135135,2311.04324324324,572.740540540541,385.805405405405,955.07027027027,1866.21621621622,237.854054054054,926.85945945946,585.85945945946,950.345945945946,301.881081081081,141.421621621622,985.637837837838,413.372972972973,13940.1189189189,9424.97297297297,185,27.2594448165086,8.70621772630149,0.947625538076128,0.92964824120603,0.442583732057416,-0.856830793426166,FAHNSCC_15,HN,1,FAHNSCC_15,stromal cells,,carcinoma_in_situ_FAHNSCC_15_2
55185,63145,18736.7102803738,354.140186915888,136.719626168224,611.757009345794,156.532710280374,4956.5046728972,707.03738317757,241.457943925234,970.616822429906,7881.45794392523,574.971962616823,183.719626168224,945.598130841122,10064.4485981308,488.448598130841,184.542056074766,1243.85046728972,6058.20560747664,715.495327102804,416.672897196262,952.457943925234,6428.57009345794,344.009345794393,7764.85981308411,1242.63551401869,2810.38317757009,380.971962616822,139.177570093458,1030.5046728972,432.700934579439,14635.2803738318,8749.54205607477,107,12.9802287308103,11.2167908048188,0.503244086784339,0.884297520661157,0.587912087912088,-0.977634020489456,FAHNSCC_15,HN,1,FAHNSCC_15,stromal cells,,carcinoma_in_situ_FAHNSCC_15_2
55210,63171,13758.1470588235,425.31862745098,83.8774509803922,606.593137254902,200.254901960784,3800.79411764706,2684.92647058824,200.529411764706,952.235294117647,5546.41176470588,519.259803921569,159.308823529412,937.558823529412,3497.50490196078,485.382352941176,469.656862745098,976.107843137255,3441.27450980392,548.754901960784,390.887254901961,955.093137254902,3366.83333333333,293.098039215686,1574.72549019608,679.93137254902,1759.00980392157,322.053921568627,180.514705882353,1001.03921568627,418.06862745098,14403.7352941176,8928.12254901961,204,21.7666267349138,12.3633555769132,0.823031356646291,0.944444444444444,0.713286713286713,-1.36610346438134,FAHNSCC_15,HN,1,FAHNSCC_15,M2 macrophages,,carcinoma_in_situ_FAHNSCC_15_2
55218,63181,11026.7473684211,229.821052631579,94.2526315789474,602.589473684211,67.2947368421053,2481.68421052632,485.957894736842,197.589473684211,956.842105263158,3650.22105263158,463.978947368421,168.6,949.126315789474,2287.22105263158,360.989473684211,288.105263157895,979.221052631579,1695.94736842105,564.6,525.431578947368,945.842105263158,1208.95789473684,407.463157894737,1146.35789473684,614.705263157895,840.547368421053,283.547368421053,195.8,1002.05263157895,417.421052631579,14770.7368421053,8555.21052631579,95,15.1937660627417,8.24402069762147,0.839996178552994,0.913461538461538,0.664335664335664,0.522524356362127,FAHNSCC_15,HN,1,FAHNSCC_15,stromal cells,,carcinoma_in_situ_FAHNSCC_15_2
55233,63196,13263.0355329949,279.41116751269,97.2233502538071,603.263959390863,97.8934010152284,3675.39086294416,892.355329949239,212.893401015228,963.43654822335,5853.64974619289,599.781725888325,182.730964467005,1004.97461928934,4733.17766497462,466.959390862944,448.736040609137,1097.77664974619,2947.39593908629,549.446700507614,401.390862944163,957.274111675127,2744.95431472081,256.329949238579,2823.55329949239,779.862944162437,1084.00507614213,334.903553299492,159.553299492386,1030.79695431472,413.335025380711,14410.5939086294,9215.34010152285,197,21.6129612616259,12.2588320170906,0.8235813493724,0.920560747663551,0.658862876254181,-1.3990802399518,FAHNSCC_15,HN,1,FAHNSCC_15,stromal cells,,carcinoma_in_situ_FAHNSCC_15_2
55266,63233,8235.13669064748,170.223021582734,59.9352517985612,596.892086330935,111.719424460432,2022.02877697842,511.043165467626,183.669064748201,945.741007194245,3098.63309352518,400.028776978417,152.820143884892,940.63309352518,2109.3381294964,357.453237410072,191.208633093525,977.870503597122,2431.31654676259,504.618705035971,388.0,962.827338129496,2272.79856115108,228.726618705036,1063.23021582734,709.143884892086,1104.76258992806,295.431654676259,126.330935251799,996.410071942446,415.460431654676,13701.3381294964,9620.20863309352,139,18.46538099643,9.87914372057189,0.844846403380697,0.939189189189189,0.772222222222222,1.50524706410644,FAHNSCC_15,HN,1,FAHNSCC_15,stromal cells,,carcinoma_in_situ_FAHNSCC_15_2
55324,63302,14563.3333333333,206.598039215686,88.421568627451,612.058823529412,201.112745098039,3803.56862745098,645.774509803922,230.0,991.906862745098,5653.44117647059,662.03431372549,160.191176470588,956.446078431373,4168.76960784314,480.647058823529,155.916666666667,1418.07843137255,3268.34803921569,683.759803921569,413.808823529412,973.691176470588,3186.55392156863,339.647058823529,15033.2843137255,1414.69607843137,1179.73529411765,344.053921568627,125.004901960784,1023.11764705882,415.960784313726,14714.7254901961,8849.87254901961,204,19.2950780270809,14.0489013333139,0.685462391701235,0.940092165898618,0.671052631578947,0.36631966032021,FAHNSCC_15,HN,1,FAHNSCC_15,stromal cells,,carcinoma_in_situ_FAHNSCC_15_2
55427,63422,16021.3081967213,263.013114754098,97.455737704918,598.360655737705,78.0032786885246,1677.24262295082,758.144262295082,194.583606557377,933.255737704918,6372.74098360656,403.009836065574,217.150819672131,944.281967213115,4423.0262295082,353.527868852459,142.767213114754,941.685245901639,3995.14098360656,602.022950819672,399.488524590164,946.980327868852,3524.05245901639,349.108196721311,1044.62295081967,575.685245901639,1911.86229508197,349.07868852459,126.52131147541,981.311475409836,418.691803278689,13164.0393442623,8870.96393442623,305,31.815003073204,12.497186580898,0.919620521433386,0.913173652694611,0.537918871252205,-0.601044993995575,FAHNSCC_15,HN,1,FAHNSCC_15,stromal cells,,carcinoma_in_situ_FAHNSCC_15_2
55489,63493,7076.95356037152,121.554179566563,89.6501547987616,615.622291021672,1084.9907120743,1873.06501547988,393.145510835913,172.003095975232,951.201238390093,2791.75541795666,439.359133126935,146.674922600619,945.588235294118,2816.95046439629,426.665634674923,135.730650154799,1078.09287925697,2095.56346749226,494.910216718266,376.15479876161,948.882352941176,1784.23839009288,207.724458204334,818.185758513932,593.470588235294,1073.35913312694,284.328173374613,118.56346749226,999.49226006192,413.176470588235,14518.439628483,9536.57275541796,323,28.4211416342054,14.8235139540846,0.853210664477439,0.947214076246334,0.62962962962963,-1.10034306028858,FAHNSCC_15,HN,1,FAHNSCC_15,stromal cells,,carcinoma_in_situ_FAHNSCC_15_2
55553,63563,5172.26666666667,168.043137254902,79.5490196078431,603.996078431373,10.3019607843137,1166.69411764706,479.066666666667,220.490196078431,952.027450980392,1900.65490196078,436.745098039216,1826.74901960784,968.078431372549,1797.36862745098,462.909803921569,156.694117647059,1013.05490196078,1441.71764705882,1597.76470588235,406.674509803922,972.305882352941,1066.34117647059,387.298039215686,4123.79215686275,573.933333333333,927.650980392157,339.760784313726,125.960784313725,1020.73333333333,420.094117647059,14097.2784313726,8333.33725490196,255,27.0356582829768,12.0731918912975,0.89475095214021,0.962264150943396,0.579545454545455,-0.872816034897323,FAHNSCC_15,HN,1,FAHNSCC_15,tumor cells,,carcinoma_in_situ_FAHNSCC_15_2
55573,63584,12800.6666666667,330.844444444444,214.762962962963,651.37037037037,716.474074074074,2982.2,640.540740740741,250.088888888889,974.17037037037,4955.97777777778,494.303703703704,253.281481481481,985.740740740741,3185.41481481481,394.362962962963,200.955555555556,1016.11111111111,3083.0962962963,609.525925925926,391.548148148148,965.777777777778,2392.28888888889,344.555555555556,2850.37037037037,593.681481481482,1323.57777777778,309.333333333333,157.733333333333,1004.11111111111,412.185185185185,13792.1481481481,8580.63703703704,135,23.4181554673323,7.37597646426593,0.949102193704666,0.924657534246575,0.652173913043478,0.245390436471615,FAHNSCC_15,HN,1,FAHNSCC_15,stromal cells,,carcinoma_in_situ_FAHNSCC_15_2
55626,63643,3839.88324873096,103.279187817259,60.9187817258883,597.091370558376,15.9390862944162,812.451776649746,253.715736040609,175.208121827411,952.92385786802,1898.59898477157,358.979695431472,1436.60406091371,939.172588832487,1528.22335025381,389.370558375635,116.776649746193,1068.16751269036,1544.79187817259,3056.48223350254,386.1269035533,965.284263959391,1239.59390862944,783.776649746193,1624.90355329949,572.827411167513,888.53807106599,267.406091370558,114.406091370558,1007.22335025381,412.680203045685,13219.0304568528,8645.97461928934,197,18.0586928768658,13.9364251157479,0.635950985926891,0.960975609756098,0.827731092436975,-1.47297211348366,FAHNSCC_15,HN,1,FAHNSCC_15,Ki67+ tumor cells,,carcinoma_in_situ_FAHNSCC_15_2
55700,63732,5472.83,110.793333333333,71.3866666666667,599.166666666667,16.9033333333333,1378.87666666667,416.973333333333,198.35,953.193333333333,2216.73,386.06,1641.06666666667,1038.77,1993.61666666667,389.61,127.77,1062.4,1684.69,2376.71666666667,394.233333333333,966.11,1334.51666666667,711.7,1644.11333333333,573.393333333333,953.71,293.556666666667,116.97,1025.63333333333,414.52,13325.7333333333,8598.31,300,26.768785499405,15.7195232680808,0.809417695951483,0.862068965517241,0.619834710743802,-0.895371355224815,FAHNSCC_15,HN,1,FAHNSCC_15,tumor cells,,carcinoma_in_situ_FAHNSCC_15_2
55713,63747,7804.8167539267,219.376963350785,76.0052356020943,601.230366492147,156.162303664921,1885.23560209424,545.099476439791,192.073298429319,952.120418848168,2905.9057591623,441.853403141361,179.471204188482,950.774869109948,1992.29842931937,423.183246073299,267.858638743456,1087.74345549738,1438.48691099476,550.057591623037,389.994764397906,945.848167539267,1077.11518324607,256.685863874346,6675.3664921466,909.649214659686,842.801047120419,332.277486910995,133.026178010471,1028.17277486911,411.251308900524,14207.0732984293,9131.53403141361,191,21.9582527663845,11.4193169570679,0.854137826460902,0.931707317073171,0.6996336996337,-0.308988273595676,FAHNSCC_15,HN,1,FAHNSCC_15,stromal cells,,carcinoma_in_situ_FAHNSCC_15_2
55855,63916,7277.4598540146,92.2092457420925,73.0973236009732,597.990267639903,23.38199513382,1767.18248175182,517.783454987835,182.953771289538,945.493917274939,2740.9197080292,360.627737226277,1374.80778588808,963.815085158151,2402.82725060827,344.143552311436,126.807785888078,1036.79075425791,2114.77128953771,1629.2798053528,386.014598540146,970.138686131387,1709.11678832117,519.785888077859,3326.06569343066,580.311435523114,1099.42335766423,283.52798053528,124.78102189781,1002.61557177616,412.026763990268,13914.6374695864,8749.42579075426,411,34.8947912673722,15.1027961278212,0.901485419926593,0.93621867881549,0.733928571428571,-0.0645621866511251,FAHNSCC_15,HN,1,FAHNSCC_15,tumor cells,,carcinoma_in_situ_FAHNSCC_15_2
55916,63984,3363.62555066079,143.277533039648,72.5374449339207,618.42731277533,9.96035242290749,741.374449339207,400.422907488987,193.704845814978,955.753303964758,1377.91189427313,423.537444933921,2500.49779735683,982.599118942731,1417.06167400881,450.867841409692,121.334801762115,1020.19823788546,1398.38325991189,3902.17621145374,400.471365638767,983.497797356828,1017.92511013216,465.25550660793,2462.53303964758,572.621145374449,900.95154185022,289.920704845815,114.290748898678,1004.45814977974,415.700440528634,13517.7929515419,8312.40969162996,227,21.6675403047728,13.3628117779471,0.787182368807798,0.953781512605042,0.709375,-0.461950339103234,FAHNSCC_15,HN,1,FAHNSCC_15,tumor cells,,carcinoma_in_situ_FAHNSCC_15_2
55938,64009,12757.2527472527,192.516483516484,79.1318681318681,592.208791208791,38.8351648351648,2574.42857142857,542.813186813187,213.89010989011,953.241758241758,3930.03296703297,490.054945054945,205.274725274725,966.802197802198,3003.65934065934,366.912087912088,221.857142857143,1081.65934065934,2186.84615384615,708.307692307692,415.373626373626,955.351648351648,1442.62637362637,330.21978021978,1160.9010989011,756.164835164835,1037.13186813187,348.296703296703,144.186813186813,1012.94505494506,425.89010989011,14548.7362637363,8195.62637362637,91,13.8323196708507,8.37327209473956,0.795966148649034,0.919191919191919,0.722222222222222,0.0363407697711778,FAHNSCC_15,HN,1,FAHNSCC_15,stromal cells,,carcinoma_in_situ_FAHNSCC_15_2
55969,64045,11751.9315068493,274.904109589041,98.5616438356164,595.72602739726,83.0547945205479,2428.32876712329,497.958904109589,186.945205479452,941.287671232877,3414.17808219178,479.698630136986,140.315068493151,940.890410958904,1615.3698630137,302.082191780822,137.547945205479,978.547945205479,1307.20547945205,500.315068493151,400.315068493151,991.178082191781,836.232876712329,209.150684931507,846.342465753425,624.780821917808,762.684931506849,277.835616438356,123.041095890411,1001.15068493151,409.630136986301,14604.9452054795,9195.65753424658,73,10.8213425876972,8.65716949305046,0.599988242450477,0.935897435897436,0.737373737373737,-0.228128898198831,FAHNSCC_15,HN,1,FAHNSCC_15,stromal cells,,carcinoma_in_situ_FAHNSCC_15_2
56082,64171,11598.3694267516,201.363057324841,86.8853503184713,630.828025477707,257.980891719745,3003.52229299363,494.713375796178,203.343949044586,961.242038216561,4512.27388535032,401.229299363057,172.636942675159,942.541401273885,3820.70063694268,425.535031847134,154.273885350319,984.732484076433,3016.8152866242,531.541401273885,389.305732484076,947.363057324841,2985.15286624204,240.566878980892,968.949044585987,1599.1974522293,1511.28025477707,333.312101910828,200.076433121019,995.0,419.477707006369,14024.8407643312,9488.00636942675,157,15.1619820646279,13.6199902030382,0.439385112093872,0.912790697674419,0.697777777777778,1.46634165145204,FAHNSCC_15,HN,1,FAHNSCC_15,stromal cells,,carcinoma_in_situ_FAHNSCC_15_2
56165,64262,3623.54594594595,252.459459459459,87.545945945946,598.07027027027,8.65405405405405,730.578378378378,433.594594594595,220.405405405405,942.718918918919,1212.65405405405,397.032432432432,3671.64864864865,966.32972972973,1226.73513513514,373.540540540541,145.237837837838,968.286486486486,1002.14594594595,1968.89189189189,410.410810810811,953.194594594595,690.010810810811,336.643243243243,2153.25405405405,573.102702702703,822.318918918919,304.081081081081,114.481081081081,989.491891891892,416.454054054054,13601.8108108108,8126.8,185,19.4660806612416,12.1490560720444,0.781333186216881,0.95360824742268,0.725490196078431,0.565409538064919,FAHNSCC_15,HN,1,FAHNSCC_15,tumor cells,,carcinoma_in_situ_FAHNSCC_15_2
56209,64316,22564.8787185355,439.244851258581,147.302059496568,618.723112128147,750.080091533181,5158.94965675057,718.553775743707,224.050343249428,957.370709382151,6947.86270022883,706.981693363844,183.622425629291,988.688787185355,6255.75743707094,592.574370709382,212.926773455378,1041.93592677346,4324.32723112128,621.00228832952,399.567505720824,968.688787185355,3919.82837528604,286.194508009153,1437.19908466819,604.347826086957,1849.30434782609,365.544622425629,141.487414187643,1015.647597254,418.688787185355,14252.6819221968,9726.3295194508,437,38.8214788477808,15.1229535213421,0.921004813006191,0.908523908523908,0.694753577106518,-1.42749948078768,FAHNSCC_15,HN,1,FAHNSCC_15,stromal cells,,carcinoma_in_situ_FAHNSCC_15_2
56237,64348,3999.71195652174,90.5489130434783,63.2934782608696,602.380434782609,34.8967391304348,1032.09239130435,484.913043478261,170.141304347826,937.5,1856.61956521739,320.478260869565,1205.57065217391,982.038043478261,1470.59239130435,400.380434782609,113.16847826087,1011.1847826087,1448.16304347826,1672.89130434783,379.826086956522,942.315217391304,1177.22282608696,357.777173913044,2619.84782608696,577.288043478261,895.505434782609,275.130434782609,116.184782608696,1005.04347826087,410.086956521739,13796.3695652174,8771.38043478261,184,17.2419453446765,13.9983394010285,0.583828473077778,0.901960784313726,0.71875,-1.06666736972884,FAHNSCC_15,HN,1,FAHNSCC_15,tumor cells,,carcinoma_in_situ_FAHNSCC_15_2
56254,64369,12270.2010309278,279.721649484536,81.6649484536083,603.39175257732,165.432989690722,3420.25257731959,636.010309278351,189.546391752577,1012.76288659794,5176.08762886598,428.649484536082,171.30412371134,929.09793814433,4334.22164948454,562.922680412371,182.860824742268,979.675257731959,4475.12371134021,582.036082474227,385.871134020619,955.70618556701,4475.15979381443,264.216494845361,930.09793814433,669.747422680412,1929.06701030928,346.469072164948,152.39175257732,1022.34536082474,418.39175257732,13980.3659793814,9422.28350515464,194,22.4668977612921,11.0339291291892,0.871092270960337,0.950980392156863,0.60061919504644,-0.913584730216308,FAHNSCC_15,HN,1,FAHNSCC_15,stromal cells,,carcinoma_in_situ_FAHNSCC_15_2
56344,64474,5181.81447963801,124.099547511312,72.683257918552,593.561085972851,16.0814479638009,1419.88687782805,402.502262443439,183.814479638009,952.16742081448,2275.60180995475,363.072398190045,1314.59728506787,973.37556561086,1900.69683257918,383.085972850679,119.298642533937,995.420814479638,1904.01809954751,2111.23529411765,392.542986425339,952.289592760181,1634.59728506787,1045.71040723982,1652.17194570136,573.72850678733,1150.53846153846,308.678733031674,117.986425339367,1017.09502262443,412.859728506787,13067.2986425339,8916.07692307692,221,22.8018366113428,12.4370925708856,0.838148192647825,0.952586206896552,0.657738095238095,-0.509875808899763,FAHNSCC_15,HN,1,FAHNSCC_15,Ki67+ tumor cells,,carcinoma_in_situ_FAHNSCC_15_2
56345,64475,9194.18148148148,117.174074074074,61.3814814814815,593.948148148148,41.1259259259259,2365.37777777778,417.225925925926,185.392592592593,944.340740740741,3624.99259259259,374.525925925926,585.459259259259,949.151851851852,2736.39259259259,371.737037037037,126.096296296296,952.737037037037,2723.01481481481,749.07037037037,385.422222222222,947.448148148148,2580.34814814815,611.362962962963,1871.96666666667,578.707407407408,1369.7962962963,309.777777777778,118.118518518519,1000.2037037037,418.440740740741,13843.7407407407,9397.66666666667,270,29.1809631824537,12.389497392219,0.905392932296594,0.891089108910891,0.625,-0.253265842910172,FAHNSCC_15,HN,1,FAHNSCC_15,tumor cells,,carcinoma_in_situ_FAHNSCC_15_2
56351,64481,4741.20833333333,154.315104166667,69.0703125,599.091145833333,183.658854166667,1095.6953125,388.559895833333,175.205729166667,938.901041666667,1741.125,352.947916666667,209.908854166667,936.135416666667,1175.1328125,402.484375,136.286458333333,981.953125,1010.296875,561.169270833333,380.708333333333,945.072916666667,746.7734375,243.270833333333,710.7734375,577.986979166667,745.403645833333,295.903645833333,116.341145833333,985.703125,410.356770833333,13576.7916666667,9355.86458333333,384,38.0262879663,12.9362633559749,0.940355765950788,0.952853598014888,0.490421455938697,-0.724414359298482,FAHNSCC_15,HN,1,FAHNSCC_15,stromal cells,,carcinoma_in_situ_FAHNSCC_15_2
56352,64482,8886.38604651163,169.241860465116,77.4093023255814,610.2,347.897674418605,1673.80930232558,458.995348837209,207.279069767442,957.674418604651,2510.62790697674,404.73488372093,593.86511627907,966.506976744186,2236.11627906977,392.358139534884,138.088372093023,1084.36279069767,1645.84186046512,894.586046511628,406.725581395349,974.720930232558,1159.01860465116,652.195348837209,1477.47906976744,571.693023255814,828.688372093023,299.306976744186,117.86511627907,986.144186046512,417.637209302326,13629.2651162791,8066.41395348837,215,27.2422668006837,10.080699401614,0.929016246561274,0.930735930735931,0.511904761904762,0.766439866270413,FAHNSCC_15,HN,1,FAHNSCC_15,tumor cells,,carcinoma_in_situ_FAHNSCC_15_2
56425,64564,11363.693877551,293.755102040816,97.7448979591837,611.234693877551,75.0816326530612,2708.18367346939,635.632653061225,232.755102040816,953.65306122449,4183.73469387755,563.5,163.908163265306,946.918367346939,2924.86734693878,429.234693877551,153.34693877551,1313.19387755102,3034.33673469388,708.755102040816,415.724489795918,952.438775510204,2891.55102040816,337.928571428571,14153.8367346939,2038.51020408163,1369.59183673469,380.275510204082,127.020408163265,1045.79591836735,414.428571428571,14746.193877551,8712.0,98,14.6003311410716,9.06801601754316,0.783744875804862,0.882882882882883,0.636363636363636,1.22459112897851,FAHNSCC_15,HN,1,FAHNSCC_15,endothelial cells,,carcinoma_in_situ_FAHNSCC_15_2
56451,64592,9576.42173913044,239.191304347826,77.2391304347826,598.921739130435,162.691304347826,2292.78260869565,422.891304347826,169.482608695652,954.0,3123.81739130435,408.417391304348,139.078260869565,946.378260869565,1707.27391304348,337.486956521739,122.434782608696,1029.49130434783,1364.95217391304,449.778260869565,370.495652173913,963.952173913044,1089.98260869565,179.8,637.269565217391,656.4,683.847826086957,229.417391304348,113.391304347826,977.139130434783,412.186956521739,14460.7347826087,9400.14782608696,230,25.8933025521287,11.9299064306045,0.887538639735335,0.916334661354582,0.547619047619048,-0.878790929960787,FAHNSCC_15,HN,1,FAHNSCC_15,stromal cells,,carcinoma_in_situ_FAHNSCC_15_2
56467,64611,7067.05511811024,213.0,96.0944881889764,600.51968503937,99.7322834645669,1676.8031496063,522.724409448819,190.669291338583,942.724409448819,2624.33070866142,468.267716535433,157.448818897638,934.874015748032,1970.11811023622,446.535433070866,358.0,1040.49606299213,2091.29133858268,723.755905511811,419.889763779528,965.503937007874,1706.55905511811,387.196850393701,2779.14173228346,617.59842519685,1183.06299212598,308.716535433071,147.944881889764,1000.02362204724,413.409448818898,14753.1023622047,8556.55118110236,127,16.210299545909,10.3075202968258,0.771802424807348,0.881944444444444,0.661458333333333,0.340220971437984,FAHNSCC_15,HN,1,FAHNSCC_15,stromal cells,,carcinoma_in_situ_FAHNSCC_15_2
56531,64686,14114.4404761905,158.556547619048,72.9285714285714,597.486607142857,19.0758928571429,2971.04613095238,450.99255952381,219.404761904762,944.427083333333,4616.65029761905,417.797619047619,1214.97023809524,1581.73958333333,3432.60267857143,390.985119047619,138.232142857143,990.363095238095,2785.49255952381,924.508928571429,383.465773809524,1003.31101190476,2553.00744047619,609.485119047619,2061.4880952381,578.715773809524,1169.92410714286,299.755952380952,116.104166666667,1014.82142857143,413.907738095238,13765.6845238095,9352.65625,672,36.398264351195,23.8445858838723,0.755540207825822,0.96551724137931,0.736842105263158,-0.0858299742628575,FAHNSCC_15,HN,1,FAHNSCC_15,tumor cells,,carcinoma_in_situ_FAHNSCC_15_2
56533,64690,5869.95138888889,173.013888888889,77.4513888888889,598.840277777778,83.0277777777778,1408.75694444444,1488.31944444444,198.618055555556,940.368055555556,2369.75694444444,429.506944444444,1266.00694444444,942.618055555556,2111.40277777778,533.972222222222,2181.84027777778,998.513888888889,1532.47222222222,1274.07638888889,403.4375,988.361111111111,1159.625,391.888888888889,4200.36111111111,641.583333333333,951.666666666667,337.076388888889,758.861111111111,988.5625,418.722222222222,13882.8888888889,8543.96527777778,144,16.452376194716,11.1500994965117,0.735320341850419,0.941176470588235,0.738461538461539,-0.563064912267446,FAHNSCC_15,HN,1,FAHNSCC_15,dendritic cells,,carcinoma_in_situ_FAHNSCC_15_2
56570,64732,12337.7956989247,386.967741935484,122.967741935484,612.989247311828,671.483870967742,3076.59139784946,632.064516129032,211.182795698925,950.064516129032,4173.62365591398,554.720430107527,174.591397849462,942.924731182796,3199.94623655914,437.989247311828,153.698924731183,951.408602150538,2885.39784946237,588.989247311828,401.311827956989,951.870967741936,2620.11827956989,276.827956989247,3875.32258064516,604.258064516129,1318.89247311828,390.827956989247,137.89247311828,1011.87096774194,418.462365591398,14156.3870967742,9742.23655913979,93,17.1127244811258,7.89933092194335,0.887085221798426,0.815789473684211,0.611842105263158,-1.56219835620527,FAHNSCC_15,HN,1,FAHNSCC_15,stromal cells,,carcinoma_in_situ_FAHNSCC_15_2
56604,64773,9088.8829787234,169.196808510638,79.8457446808511,600.324468085106,212.382978723404,2592.70212765957,481.244680851064,183.521276595745,949.351063829787,3921.43085106383,443.18085106383,132.414893617021,951.005319148936,2742.89893617021,377.351063829787,204.042553191489,1062.31914893617,2478.8829787234,519.063829787234,409.223404255319,952.595744680851,2013.07446808511,224.75,1788.57446808511,645.005319148936,910.436170212766,271.563829787234,116.712765957447,1007.60638297872,408.797872340426,14679.2074468085,9092.48404255319,188,26.7160129793055,9.15750521345666,0.939418571805559,0.92156862745098,0.510869565217391,-1.05199910981918,FAHNSCC_15,HN,1,FAHNSCC_15,stromal cells,,carcinoma_in_situ_FAHNSCC_15_2
56664,64835,13540.096,245.784,86.464,604.244,194.548,3046.872,536.548,189.352,956.0,4245.632,464.144,141.228,966.32,2504.168,348.94,134.004,1024.82,2780.676,536.068,384.184,954.664,2377.408,223.196,1387.092,594.716,1309.316,326.404,133.088,1012.14,416.872,14661.748,9361.016,250,38.6330097975905,8.32384490360536,0.976512800360033,0.925925925925926,0.330687830687831,-0.796892817701014,FAHNSCC_15,HN,1,FAHNSCC_15,stromal cells,,carcinoma_in_situ_FAHNSCC_15_2
56685,64860,10508.6533333333,352.64,112.533333333333,621.506666666667,915.72,1811.33333333333,740.733333333333,192.506666666667,926.56,3678.96,467.146666666667,210.84,946.266666666667,2311.30666666667,688.92,425.746666666667,1019.01333333333,1524.30666666667,598.36,394.746666666667,955.826666666667,1107.94666666667,326.24,4196.26666666667,626.52,875.2,346.893333333333,376.573333333333,1006.97333333333,408.666666666667,13303.0133333333,8660.90666666667,75,13.6680314516926,6.96869385274735,0.860261236592712,0.9375,0.721153846153846,-1.33725191297695,FAHNSCC_15,HN,1,FAHNSCC_15,stromal cells,,carcinoma_in_situ_FAHNSCC_15_2
56699,64877,4081.4,106.625,66.2,594.3,24.2,991.625,381.316666666667,196.583333333333,944.8,1649.53333333333,373.733333333333,611.691666666667,949.266666666667,1136.43333333333,388.725,129.183333333333,1002.88333333333,1024.80833333333,1220.74166666667,384.65,960.641666666667,800.066666666667,255.933333333333,3276.19166666667,574.858333333333,774.458333333333,300.541666666667,114.025,1001.73333333333,407.916666666667,13820.6666666667,9386.40833333333,120,13.2682138745263,11.5661407431753,0.49000790210521,0.94488188976378,0.769230769230769,0.63434461758485,FAHNSCC_15,HN,1,FAHNSCC_15,tumor cells,,carcinoma_in_situ_FAHNSCC_15_2
56803,64992,7827.32934131737,149.616766467066,70.6766467065868,610.473053892216,415.934131736527,2017.4371257485,417.694610778443,178.850299401198,951.85628742515,3165.78443113772,413.25748502994,175.694610778443,945.125748502994,2144.28143712575,437.85628742515,139.095808383234,986.790419161677,2353.70658682635,522.700598802395,380.844311377246,964.461077844311,2018.40718562874,242.461077844311,1099.07784431138,722.035928143713,1073.67664670659,287.844311377246,115.592814371257,1001.40119760479,413.107784431138,13601.5628742515,9539.85628742515,167,23.0715208923949,9.22278282814104,0.916625297052695,0.927777777777778,0.662698412698413,0.36644759705686,FAHNSCC_15,HN,1,FAHNSCC_15,stromal cells,,carcinoma_in_situ_FAHNSCC_15_2
56851,65047,10766.3454545455,164.666666666667,95.0242424242424,601.006060606061,19.7393939393939,2635.66666666667,511.284848484849,213.236363636364,949.254545454546,4137.64848484849,449.739393939394,1610.40606060606,1312.87272727273,2252.25454545455,441.169696969697,136.69696969697,1059.89090909091,1687.12727272727,2125.96363636364,404.29696969697,1012.53939393939,1115.14545454545,5085.0,2507.06060606061,576.939393939394,868.793939393939,304.521212121212,119.606060606061,1001.43636363636,414.890909090909,14130.0666666667,8537.22424242424,165,20.5924275430362,10.3653219197499,0.864079127829845,0.926966292134832,0.75,-1.50831675982805,FAHNSCC_15,HN,1,FAHNSCC_15,Ki67+ tumor cells,,carcinoma_in_situ_FAHNSCC_15_2
56934,65137,7151.94933333333,124.608,59.8853333333333,601.789333333333,16.8453333333333,1796.27466666667,415.165333333333,207.605333333333,949.749333333333,2739.696,369.586666666667,1563.432,1093.144,1918.81866666667,367.904,152.872,1095.992,1578.62933333333,717.669333333333,384.976,1063.03466666667,1121.89066666667,230.768,1569.27733333333,579.450666666667,701.762666666667,233.189333333333,105.605333333333,987.133333333333,409.282666666667,13346.2053333333,9521.43466666667,375,29.0291511511393,16.9513863706999,0.811794246388135,0.946969696969697,0.651041666666667,-0.803881408195237,FAHNSCC_15,HN,1,FAHNSCC_15,tumor cells,,carcinoma_in_situ_FAHNSCC_15_2
56944,65149,5067.26978417266,175.363309352518,68.9424460431655,601.647482014389,94.3669064748201,1189.23381294964,1261.80575539568,208.467625899281,964.406474820144,2004.42446043165,524.320143884892,1048.05755395683,961.492805755396,1507.69784172662,407.895683453237,184.643884892086,1102.10071942446,1211.10071942446,2096.10431654676,385.564748201439,982.086330935252,907.147482014388,790.201438848921,3585.73741007194,578.586330935252,802.046762589928,284.302158273381,121.31654676259,1004.01438848921,411.39928057554,13654.2841726619,8805.75539568345,278,25.685423275836,14.0111321255521,0.838117569253671,0.936026936026936,0.741333333333333,-1.4555629644459,FAHNSCC_15,HN,1,FAHNSCC_15,Ki67+ tumor cells,,carcinoma_in_situ_FAHNSCC_15_2
57055,65276,4054.7572815534,130.058252427184,69.4077669902913,594.805825242719,18.7669902912621,954.73786407767,451.805825242718,191.990291262136,953.990291262136,1605.52427184466,412.543689320388,928.572815533981,968.873786407767,1379.19417475728,421.300970873786,126.728155339806,983.029126213592,1172.56310679612,1353.68932038835,387.281553398058,939.106796116505,890.563106796117,529.747572815534,2200.91262135922,575.932038834951,893.805825242719,356.203883495146,137.776699029126,1007.35922330097,413.728155339806,13846.3689320388,8837.94174757282,103,12.073736176872,10.931055449934,0.424648819662384,0.927927927927928,0.715277777777778,-0.95507311261232,FAHNSCC_15,HN,1,FAHNSCC_15,tumor cells,,carcinoma_in_situ_FAHNSCC_15_2
57058,65279,9651.64825046041,161.497237569061,73.1325966850829,604.084714548803,218.36832412523,2535.98895027624,624.736648250461,183.082872928177,951.036832412523,4114.62062615101,484.578268876611,153.362799263352,954.331491712707,3093.39226519337,452.222836095764,235.874769797422,1078.81399631676,2435.89502762431,544.184162062615,396.44014732965,963.685082872928,2085.08839779006,240.591160220994,1118.8802946593,657.843462246777,1021.14732965009,306.692449355433,164.423572744015,1026.26335174954,413.414364640884,14225.073664825,9415.69797421731,543,44.6668722400663,15.5723839206255,0.937259000596451,0.947643979057592,0.543,-1.09365147361825,FAHNSCC_15,HN,1,FAHNSCC_15,stromal cells,,carcinoma_in_situ_FAHNSCC_15_2
57088,65310,3089.82887700535,108.251336898396,59.9786096256685,603.647058823529,12.0213903743316,690.133689839572,518.957219251337,191.053475935829,949.577540106952,1316.98930481283,374.256684491979,2718.22994652406,939.144385026738,1614.08556149733,431.828877005348,226.668449197861,948.764705882353,1399.47058823529,3453.57219251337,409.48128342246,972.417112299465,1180.9679144385,345.647058823529,2761.63636363636,576.737967914439,1076.56684491979,334.657754010695,123.620320855615,989.27807486631,421.401069518717,14232.1711229947,8312.0320855615,187,18.287307107625,13.0412175416935,0.701032356988595,0.949238578680203,0.733333333333333,0.886221438691881,FAHNSCC_15,HN,1,FAHNSCC_15,tumor cells,,carcinoma_in_situ_FAHNSCC_15_2
57104,65331,17343.1367924528,517.858490566038,1217.53301886792,609.410377358491,146.825471698113,4091.84905660377,540.882075471698,198.830188679245,1079.67924528302,6540.21226415094,509.792452830189,291.52358490566,963.287735849057,4253.39622641509,555.514150943396,164.981132075472,1149.72169811321,2893.06132075472,603.254716981132,401.066037735849,988.683962264151,2223.25471698113,338.268867924528,1206.04245283019,579.688679245283,972.349056603774,299.731132075472,122.353773584906,992.882075471698,411.457547169811,13818.5754716981,8679.16981132076,212,21.868765509317,13.0397382637762,0.802782280765888,0.883333333333333,0.673015873015873,0.2767306940218,FAHNSCC_15,HN,1,FAHNSCC_15,Unknown,,carcinoma_in_situ_FAHNSCC_15_2
57158,65388,10389.6666666667,192.938095238095,78.8333333333333,597.685714285714,145.019047619048,2540.68571428571,2801.78095238095,178.680952380952,951.619047619048,3780.62857142857,989.733333333333,152.27619047619,1174.09047619048,2582.13333333333,480.933333333333,1024.30476190476,1095.75714285714,2121.21904761905,511.271428571429,376.257142857143,1002.84761904762,1535.07619047619,200.609523809524,1501.82857142857,682.219047619048,713.185714285714,248.1,159.971428571429,981.680952380952,406.128571428571,14477.7142857143,9446.99523809524,210,19.8988076926913,13.6816705853364,0.726125362519135,0.954545454545455,0.690789473684211,1.02344808126025,FAHNSCC_15,HN,1,FAHNSCC_15,M2 macrophages,,carcinoma_in_situ_FAHNSCC_15_2
57197,65431,20227.0618556701,422.618556701031,128.371134020619,619.175257731959,122.556701030928,4221.03092783505,858.938144329897,257.80412371134,1000.40206185567,6083.55670103093,716.783505154639,164.567010309278,972.721649484536,4195.38144329897,456.494845360825,264.536082474227,1227.59793814433,2259.52577319588,672.288659793814,402.896907216495,988.39175257732,2059.18556701031,377.247422680412,10361.9690721649,1750.37113402062,982.422680412371,353.567010309278,128.051546391753,1069.51546391753,413.948453608247,14521.5979381443,8987.0412371134,97,12.613241983172,9.92049243985634,0.617572342939332,0.941747572815534,0.734848484848485,-0.592365953539163,FAHNSCC_15,HN,1,FAHNSCC_15,endothelial cells,,carcinoma_in_situ_FAHNSCC_15_2
57242,65490,5791.3679245283,163.570754716981,77.8867924528302,609.981132075472,94.7971698113208,1556.1179245283,1239.37735849057,226.018867924528,974.245283018868,2575.08018867925,496.566037735849,1658.5141509434,962.877358490566,2553.96226415094,434.721698113208,220.179245283019,1057.46698113208,1784.75943396226,872.235849056604,389.0,989.570754716981,1694.48113207547,432.933962264151,2558.59433962264,584.801886792453,982.603773584906,315.985849056604,124.792452830189,991.981132075472,413.0,14504.9905660377,8809.16509433962,212,19.4706405478227,13.9054771505666,0.699965491861572,0.95067264573991,0.743859649122807,1.13149933279884,FAHNSCC_15,HN,1,FAHNSCC_15,tumor cells,,carcinoma_in_situ_FAHNSCC_15_2
57274,65532,6766.56643356643,135.0,68.7762237762238,607.356643356643,22.8951048951049,1479.86713286713,437.062937062937,211.629370629371,953.48951048951,2334.78321678322,465.13986013986,1238.00699300699,1005.74125874126,1826.6993006993,421.097902097902,137.328671328671,1059.98601398601,1502.8041958042,2272.44755244755,393.573426573427,1043.58041958042,1245.05594405594,505.027972027972,5054.16083916084,588.314685314685,897.629370629371,301.825174825175,127.188811188811,1007.81118881119,414.335664335664,14522.034965035,8665.07692307692,143,15.7723397531321,11.585506393841,0.678559079033033,0.94078947368421,0.794444444444444,1.37049234742315,FAHNSCC_15,HN,1,FAHNSCC_15,tumor cells,,carcinoma_in_situ_FAHNSCC_15_2
57330,65595,5899.852,172.344,71.08,600.8,51.588,1537.516,469.656,175.112,947.748,2425.292,373.812,149.72,938.708,2037.536,369.844,147.936,970.512,2049.416,512.764,385.188,955.736,1865.052,219.344,583.012,1679.336,1239.9,322.4,176.356,1018.3,415.268,13875.996,9763.104,250,26.2797894047681,12.2722189045437,0.884266212877131,0.936329588014981,0.598086124401914,-0.899307134729821,FAHNSCC_15,HN,1,FAHNSCC_15,endothelial cells,,carcinoma_in_situ_FAHNSCC_15_2
57391,65660,6563.18240343348,102.815450643777,66.7682403433476,596.141630901288,17.9484978540773,1713.1330472103,379.742489270386,191.094420600858,951.012875536481,2651.28111587983,390.899141630901,1014.92703862661,968.860515021459,1932.80686695279,394.431330472103,133.360515021459,1044.44635193133,1693.84549356223,1374.24463519313,383.536480686695,967.721030042918,1395.77038626609,452.963519313305,1991.89055793991,577.907725321888,821.673819742489,264.665236051502,110.577253218884,1000.27038626609,410.251072961373,13538.8969957082,9321.330472103,466,41.6883488612683,15.1028392222539,0.932069458927733,0.856617647058824,0.645429362880887,1.36857702589762,FAHNSCC_15,HN,1,FAHNSCC_15,tumor cells,,carcinoma_in_situ_FAHNSCC_15_2
57392,65661,21466.8699186992,474.138211382114,138.09756097561,616.577235772358,242.268292682927,4969.79674796748,839.186991869919,269.626016260163,989.943089430894,7511.49593495935,734.845528455285,257.617886178862,964.79674796748,5292.9674796748,506.788617886179,170.268292682927,1613.43902439024,2407.13821138211,760.731707317073,429.617886178862,994.544715447154,1741.47154471545,317.617886178862,10637.0731707317,5332.09756097561,937.276422764228,330.943089430894,122.983739837398,1030.90243902439,412.617886178862,14744.1463414634,8838.0162601626,123,17.2555562711597,9.26816563857199,0.84351096206112,0.884892086330935,0.723529411764706,0.0250051236225298,FAHNSCC_15,HN,1,FAHNSCC_15,endothelial cells,,carcinoma_in_situ_FAHNSCC_15_2
57417,65688,14166.6538461538,370.776923076923,127.484615384615,611.953846153846,354.661538461538,3581.97692307692,687.084615384615,227.0,970.730769230769,5251.80769230769,547.892307692308,181.092307692308,942.884615384615,3742.34615384615,555.361538461538,182.723076923077,1395.41538461538,3806.15384615385,631.546153846154,401.876923076923,966.8,3899.5,292.561538461539,5156.47692307692,1268.26153846154,2101.97692307692,416.938461538462,141.246153846154,1045.34615384615,426.330769230769,14038.8538461538,9503.31538461538,130,15.1368097680908,11.0086279550594,0.686345852590645,0.970149253731343,0.787878787878788,1.3517700158126,FAHNSCC_15,HN,1,FAHNSCC_15,stromal cells,,carcinoma_in_situ_FAHNSCC_15_2
57462,65741,3619.63333333333,111.966666666667,61.9428571428571,593.242857142857,19.5666666666667,840.971428571429,370.428571428571,180.909523809524,938.114285714286,1465.04761904762,355.109523809524,1142.45714285714,952.280952380952,1353.12857142857,368.52380952381,127.514285714286,1006.87619047619,1070.81428571429,1884.88571428571,376.595238095238,958.280952380952,844.676190476191,344.533333333333,2182.65714285714,576.666666666667,817.490476190476,278.37619047619,115.504761904762,1014.81904761905,412.233333333333,14061.7952380952,8976.87142857143,210,18.838104424681,14.3480550376286,0.647987841127534,0.94170403587444,0.736842105263158,-0.0099860082669256,FAHNSCC_15,HN,1,FAHNSCC_15,tumor cells,,carcinoma_in_situ_FAHNSCC_15_2
57480,65764,5779.13513513514,1414.5,1377.50675675676,1028.55405405405,431.135135135135,1293.19594594595,2660.68918918919,2433.4527027027,2048.48648648649,2075.0472972973,2718.12162162162,1504.25,1949.52702702703,1126.36486486486,375.986486486487,122.344594594595,1379.5472972973,986.95945945946,453.966216216216,374.804054054054,966.087837837838,748.385135135135,208.486486486486,793.060810810811,1502.39189189189,665.851351351351,225.074324324324,233.202702702703,992.168918918919,410.560810810811,14365.4324324324,9406.89864864865,148,16.6521253045649,12.3412787472443,0.67136889473819,0.875739644970414,0.660714285714286,0.722455171422776,FAHNSCC_15,HN,1,FAHNSCC_15,regulatory T cells,,carcinoma_in_situ_FAHNSCC_15_2
57505,65796,11559.0829015544,250.20207253886,95.4611398963731,609.891191709845,535.124352331606,2913.62694300518,546.259067357513,192.352331606218,947.217616580311,4291.03626943005,536.466321243523,179.414507772021,948.492227979275,3216.19170984456,466.259067357513,157.735751295337,1091.99481865285,2237.14507772021,551.777202072539,385.906735751295,966.922279792746,1759.24870466321,230.430051813472,2380.39378238342,598.549222797927,870.067357512953,299.963730569948,122.59585492228,1023.32124352332,410.730569948187,14025.4248704663,9778.30051813471,193,19.6621719204288,14.0888548216616,0.697539622649294,0.857777777777778,0.536111111111111,-0.898431311449224,FAHNSCC_15,HN,1,FAHNSCC_15,stromal cells,,carcinoma_in_situ_FAHNSCC_15_2
57591,65895,3707.47580645161,140.048387096774,65.8870967741936,604.774193548387,160.951612903226,856.370967741936,798.846774193548,165.870967741936,953.951612903226,1407.62903225806,384.741935483871,218.33064516129,939.524193548387,1022.48387096774,452.983870967742,260.798387096774,973.008064516129,903.16935483871,584.5,375.258064516129,953.290322580645,648.024193548387,231.620967741936,698.701612903226,697.217741935484,703.25,260.774193548387,115.814516129032,980.072580645161,410.685483870968,13604.9032258065,9462.26612903226,124,14.4913913717914,10.9635946922417,0.653925268962429,0.939393939393939,0.805194805194805,1.35241939296686,FAHNSCC_15,HN,1,FAHNSCC_15,stromal cells,,carcinoma_in_situ_FAHNSCC_15_2
57598,65905,15619.0078585462,175.440078585462,82.7269155206287,601.67583497053,18.5422396856582,3440.00589390963,601.948919449902,272.432220039293,958.711198428291,5186.44007858546,459.842829076621,762.37721021611,1126.97838899804,3403.81728880157,408.591355599214,177.933202357564,1183.95088408644,2380.64047151277,1226.13752455796,390.422396856582,973.110019646366,1645.08055009823,644.21021611002,3300.08251473477,580.133595284872,909.308447937132,279.807465618861,123.135559921415,1002.08447937132,411.880157170923,14021.0353634578,8660.65815324165,509,28.2905201368364,22.9780012406174,0.58335739517403,0.973231357552581,0.757440476190476,0.461596716358973,FAHNSCC_15,HN,1,FAHNSCC_15,tumor cells,,carcinoma_in_situ_FAHNSCC_15_2
57692,66012,7085.76288659794,198.494845360825,77.7216494845361,602.360824742268,195.79381443299,1750.98969072165,1325.69072164948,184.515463917526,941.072164948454,2968.26804123711,635.731958762887,183.072164948454,942.618556701031,2137.48453608247,508.19587628866,608.639175257732,910.319587628866,2974.71134020619,547.886597938144,386.061855670103,955.103092783505,2872.88659793814,270.80412371134,1758.29896907217,618.98969072165,1897.27835051546,337.536082474227,403.618556701031,1009.76288659794,416.824742268041,13679.8865979381,9408.45360824742,97,12.6628600733138,9.79529793729912,0.633740813929348,0.923809523809524,0.673611111111111,0.901322998399705,FAHNSCC_15,HN,1,FAHNSCC_15,stromal cells,,carcinoma_in_situ_FAHNSCC_15_2
57723,66045,6593.59183673469,137.122448979592,62.2959183673469,596.112244897959,138.071428571429,1705.72448979592,442.387755102041,164.234693877551,949.857142857143,2684.88775510204,375.785714285714,136.122448979592,950.173469387755,2112.51020408163,294.673469387755,160.561224489796,939.877551020408,1927.08163265306,467.775510204082,380.265306122449,958.734693877551,1596.71428571429,208.19387755102,642.367346938776,676.755102040816,882.418367346939,270.459183673469,125.081632653061,994.30612244898,409.755102040816,14326.806122449,9560.14285714286,98,12.7945958894143,10.4326294428972,0.578907205327477,0.852173913043478,0.583333333333333,-1.40314608419159,FAHNSCC_15,HN,1,FAHNSCC_15,stromal cells,,carcinoma_in_situ_FAHNSCC_15_2
57765,66094,8166.01927710843,137.356626506024,70.3301204819277,597.787951807229,17.9975903614458,1821.54457831325,415.159036144578,209.303614457831,946.06265060241,2948.08915662651,387.520481927711,1535.69156626506,992.272289156626,2277.60481927711,384.35421686747,134.549397590361,985.944578313253,1921.05301204819,1246.16144578313,382.640963855422,1039.13253012048,1731.82168674699,354.021686746988,2272.11325301205,576.927710843374,893.510843373494,275.332530120482,113.067469879518,1005.81445783133,410.30843373494,13763.7855421687,9328.02891566265,415,27.0867860104202,23.018801118417,0.527078457919174,0.787476280834915,0.601449275362319,-0.56979207289581,FAHNSCC_15,HN,1,FAHNSCC_15,tumor cells,,carcinoma_in_situ_FAHNSCC_15_2
57803,66136,4255.49652777778,103.784722222222,70.7916666666667,605.447916666667,14.2638888888889,1162.23263888889,381.75,183.267361111111,946.934027777778,1973.73263888889,351.524305555556,2814.22569444444,953.829861111111,1711.32291666667,339.666666666667,123.947916666667,918.857638888889,1699.97916666667,742.506944444445,389.197916666667,944.173611111111,1528.09722222222,256.506944444444,1429.00347222222,579.680555555556,1133.10763888889,318.659722222222,119.565972222222,975.631944444444,414.357638888889,13311.6423611111,9173.32291666667,288,24.8705915102037,15.0652251287359,0.795659190021193,0.950495049504951,0.653061224489796,-0.810747223414758,FAHNSCC_15,HN,1,FAHNSCC_15,tumor cells,,carcinoma_in_situ_FAHNSCC_15_2
57891,66232,18598.5348837209,228.015503875969,73.4341085271318,598.984496124031,66.6511627906977,4480.50387596899,765.558139534884,230.806201550388,990.193798449612,6520.5503875969,622.031007751938,158.542635658915,957.992248062016,4614.01550387597,429.77519379845,198.992248062016,1273.47286821705,2840.31782945736,620.124031007752,398.906976744186,978.565891472868,2414.6511627907,298.992248062016,6280.12403100775,1416.80620155039,860.263565891473,301.077519379845,123.899224806202,1039.2480620155,412.635658914729,14541.503875969,8973.74418604651,129,16.6495245126459,10.7159372893683,0.765346712332159,0.848684210526316,0.671875,1.4990321668527,FAHNSCC_15,HN,1,FAHNSCC_15,stromal cells,,carcinoma_in_situ_FAHNSCC_15_2
57922,66265,11471.0515463918,225.824742268041,86.7319587628866,615.020618556701,137.484536082474,2554.40206185567,698.731958762887,210.865979381443,967.319587628866,3912.13402061856,483.79381443299,163.659793814433,954.175257731959,4056.67010309278,474.577319587629,229.123711340206,1102.50515463918,2079.07216494845,560.103092783505,391.721649484536,997.175257731959,2091.71134020619,260.690721649485,7941.11340206186,1920.75257731959,966.154639175258,330.319587628866,145.783505154639,1012.83505154639,413.041237113402,14293.7731958763,9219.60824742268,97,12.3616785424391,9.99551602147163,0.588374026580741,0.932692307692308,0.808333333333333,-1.28547910375093,FAHNSCC_15,HN,1,FAHNSCC_15,endothelial cells,,carcinoma_in_situ_FAHNSCC_15_2
57963,66310,5305.80291970803,207.948905109489,77.4525547445255,594.729927007299,38.8102189781022,1381.44525547445,493.080291970803,216.817518248175,954.226277372263,2250.48905109489,407.729927007299,1208.15328467153,953.328467153285,1660.8102189781,458.751824817518,158.583941605839,1027.29197080292,1447.08759124088,1070.43065693431,398.306569343066,970.306569343066,1093.02919708029,698.416058394161,1524.24087591241,587.328467153285,932.642335766423,313.978102189781,121.430656934307,1107.24817518248,420.656934306569,13101.6569343066,8588.35766423358,137,15.8235045831754,11.0444008042683,0.716122730098499,0.944827586206897,0.761111111111111,-0.464261046974754,FAHNSCC_15,HN,1,FAHNSCC_15,tumor cells,,carcinoma_in_situ_FAHNSCC_15_2
58002,66354,12422.1313131313,155.141414141414,77.3131313131313,607.505050505051,78.5252525252525,2777.12121212121,575.49494949495,207.111111111111,950.252525252525,3869.79797979798,498.111111111111,151.979797979798,956.262626262626,2534.79797979798,374.292929292929,139.333333333333,1021.28282828283,1706.57575757576,581.848484848485,389.676767676768,959.393939393939,1203.90909090909,272.545454545455,2699.37373737374,931.818181818182,900.363636363636,301.313131313131,125.131313131313,995.262626262626,413.282828282828,14570.3636363636,8889.73737373738,99,11.9145543639472,10.7099448573212,0.438162118255511,0.933962264150943,0.75,-0.344040609047135,FAHNSCC_15,HN,1,FAHNSCC_15,stromal cells,,carcinoma_in_situ_FAHNSCC_15_2
58035,66394,6278.0125,235.85,87.575,611.1875,115.95,1582.2875,470.1375,214.3,949.6625,2638.6625,448.475,1400.3375,949.725,2752.1375,790.3375,132.0,959.4625,2223.1,1125.6125,420.4625,1020.55,2144.4625,1222.7375,4381.4375,586.9875,1635.7125,382.2625,148.2,1441.925,429.4625,14247.975,8121.0,80,11.1749900312557,9.11644655561228,0.578348049141576,0.930232558139535,0.808080808080808,0.145694001458204,FAHNSCC_15,HN,1,FAHNSCC_15,Ki67+ tumor cells,,carcinoma_in_situ_FAHNSCC_15_2
58079,66444,7394.38709677419,196.435483870968,94.7741935483871,621.387096774194,882.516129032258,1998.12903225806,485.58064516129,192.08064516129,956.258064516129,3187.77419354839,464.951612903226,129.435483870968,935.290322580645,2515.58064516129,368.08064516129,255.209677419355,1287.62903225806,2320.06451612903,529.741935483871,697.629032258065,965.064516129032,1909.51612903226,228.935483870968,3163.12903225806,886.806451612903,884.032258064516,264.709677419355,113.822580645161,1006.11290322581,404.854838709677,14674.4032258065,9076.08064516129,62,9.75660612830836,8.57076195435876,0.477820843079341,0.861111111111111,0.62,-0.59258435991307,FAHNSCC_15,HN,1,FAHNSCC_15,stromal cells,,carcinoma_in_situ_FAHNSCC_15_2
58115,66486,20403.4104938272,176.095679012346,74.0956790123457,622.407407407407,252.283950617284,4888.11111111111,679.58950617284,228.75,959.611111111111,6930.31790123457,550.351851851852,157.04012345679,969.358024691358,6366.70679012346,456.895061728395,148.827160493827,1232.76851851852,3767.33024691358,654.62037037037,398.854938271605,954.253086419753,3678.50925925926,315.280864197531,2825.76234567901,2760.7962962963,1379.33024691358,325.163580246914,174.663580246914,1023.9537037037,418.033950617284,14882.1450617284,8883.84259259259,324,29.6806722815875,14.6128179864455,0.87040609602097,0.912676056338028,0.566433566433567,-0.974769536079351,FAHNSCC_15,HN,1,FAHNSCC_15,endothelial cells,,carcinoma_in_situ_FAHNSCC_15_2
58191,66577,3555.6484375,102.265625,68.84375,600.953125,14.5625,803.1328125,384.4921875,190.265625,937.1796875,1396.7734375,381.734375,1344.4140625,949.6875,1280.984375,352.0234375,126.25,999.1484375,1079.7109375,827.6640625,395.671875,949.7109375,815.0,454.7109375,1577.0625,576.96875,857.3671875,296.75,118.03125,1014.8359375,413.8125,13054.2890625,8963.8671875,128,13.5052074227889,12.0929827520942,0.44520011604415,0.955223880597015,0.703296703296703,-0.465987019661363,FAHNSCC_15,HN,1,FAHNSCC_15,tumor cells,,carcinoma_in_situ_FAHNSCC_15_2
58244,66637,12166.8349056604,270.051886792453,88.5518867924528,620.514150943396,23.9198113207547,2832.30660377359,553.141509433962,258.514150943396,950.900943396226,4455.20283018868,471.084905660377,930.933962264151,1038.27358490566,3798.89622641509,423.061320754717,152.443396226415,954.419811320755,2637.82547169811,1282.50943396226,421.86320754717,1034.56603773585,2214.78301886792,1093.24056603774,3202.00471698113,579.11320754717,1325.17452830189,347.245283018868,125.094339622642,1017.62264150943,424.25,14297.6556603774,8146.99056603774,212,26.3781741682266,10.8797453482596,0.910979082835054,0.8582995951417,0.542199488491049,0.544291401563169,FAHNSCC_15,HN,1,FAHNSCC_15,Ki67+ tumor cells,,carcinoma_in_situ_FAHNSCC_15_2
58298,66697,15560.1978021978,253.032967032967,101.362637362637,603.747252747253,407.065934065934,4153.98901098901,506.659340659341,211.208791208791,951.230769230769,7446.94505494506,432.934065934066,294.912087912088,962.813186813187,4194.45054945055,343.054945054945,179.395604395604,918.791208791209,5366.72527472528,679.857142857143,471.769230769231,950.956043956044,4253.24175824176,359.318681318681,944.505494505494,592.967032967033,2324.01098901099,342.978021978022,127.472527472527,986.208791208791,423.230769230769,13532.3956043956,8505.56043956044,91,15.8670734150115,7.40974075260415,0.8842633908798,0.957894736842105,0.674074074074074,0.352549153891776,FAHNSCC_15,HN,1,FAHNSCC_15,stromal cells,,carcinoma_in_situ_FAHNSCC_15_2
58306,66705,15096.8585365854,326.507317073171,105.968292682927,614.717073170732,598.543902439024,3436.40731707317,643.475609756098,202.853658536585,959.229268292683,4929.38292682927,630.248780487805,163.441463414634,968.548780487805,4034.20487804878,523.082926829268,199.492682926829,1159.38292682927,2681.58292682927,568.234146341463,388.263414634146,983.126829268293,1807.64878048781,228.609756097561,1610.35853658537,600.590243902439,816.985365853659,283.536585365854,130.50487804878,990.373170731707,411.621951219512,14452.1073170732,9568.25121951219,410,41.4736672671742,12.6394424876275,0.952429737919702,0.946882217090069,0.495169082125604,-1.06992420355878,FAHNSCC_15,HN,1,FAHNSCC_15,stromal cells,,carcinoma_in_situ_FAHNSCC_15_2
58314,66713,10972.7446236559,197.943548387097,88.3333333333333,608.486559139785,286.956989247312,2781.54032258065,649.551075268817,195.25,959.231182795699,4145.01612903226,579.319892473118,135.430107526882,959.502688172043,2946.26612903226,481.491935483871,191.059139784946,1231.86021505376,2491.68817204301,576.66935483871,410.120967741936,985.588709677419,2039.83064516129,244.5,1453.87634408602,656.728494623656,805.594086021505,270.658602150538,120.868279569892,993.346774193548,411.586021505376,14825.7231182796,9022.79301075269,372,36.8114689710181,12.9046699045897,0.936539854457396,0.944162436548223,0.575851393188855,-1.16464609543081,FAHNSCC_15,HN,1,FAHNSCC_15,stromal cells,,carcinoma_in_situ_FAHNSCC_15_2
58322,66722,10641.2558139535,148.054263565891,75.984496124031,598.922480620155,171.976744186047,2325.50387596899,595.736434108527,184.899224806202,952.976744186046,3500.29457364341,424.992248062016,145.116279069767,939.093023255814,1700.55813953488,307.658914728682,149.240310077519,937.271317829457,1726.95348837209,513.736434108527,375.15503875969,949.953488372093,1359.38759689922,602.240310077519,1824.83720930233,627.984496124031,818.341085271318,267.658914728682,117.147286821705,980.806201550388,410.209302325581,14460.5503875969,8916.66666666667,129,18.8787953519768,8.88892545807313,0.882217674768482,0.928057553956834,0.583710407239819,-0.984990434848287,FAHNSCC_15,HN,1,FAHNSCC_15,stromal cells,,carcinoma_in_situ_FAHNSCC_15_2
58370,66780,14180.4358974359,180.910256410256,68.4358974358974,595.833333333333,76.2307692307692,3321.71794871795,452.179487179487,209.153846153846,955.448717948718,5542.11538461539,418.423076923077,602.448717948718,950.205128205128,5611.62820512821,363.705128205128,151.74358974359,941.474358974359,4356.07692307692,770.961538461539,435.884615384615,967.25641025641,4283.28205128205,702.692307692308,979.282051282051,589.076923076923,2473.14102564103,372.217948717949,144.217948717949,1007.05128205128,427.628205128205,14496.8461538462,8179.92307692308,78,13.542689512625,7.35329218325295,0.839751231642339,0.939759036144579,0.75,0.249887572818936,FAHNSCC_15,HN,1,FAHNSCC_15,tumor cells,,carcinoma_in_situ_FAHNSCC_15_2
58394,66807,11116.0058139535,195.406976744186,83.5290697674419,605.936046511628,370.43023255814,2692.31976744186,473.122093023256,186.110465116279,945.360465116279,4263.44186046512,404.813953488372,310.941860465116,942.459302325581,4017.84302325581,361.651162790698,131.656976744186,1003.9476744186,3162.66860465116,605.918604651163,394.773255813954,949.441860465116,2752.04651162791,337.482558139535,1666.94186046512,573.674418604651,1690.20348837209,327.226744186047,121.494186046512,984.627906976744,421.738372093023,13419.6918604651,8722.68023255814,172,26.6621248094697,8.45365327535765,0.948403475000926,0.905263157894737,0.434343434343434,0.644399829294916,FAHNSCC_15,HN,1,FAHNSCC_15,stromal cells,,carcinoma_in_situ_FAHNSCC_15_2
58399,66814,4081.32051282051,689.064102564103,205.910256410256,604.333333333333,9.42307692307692,720.064102564103,429.423076923077,202.115384615385,948.307692307692,1280.30769230769,360.461538461538,5430.15384615385,934.269230769231,1033.25641025641,395.230769230769,116.74358974359,935.935897435898,890.538461538462,1149.69230769231,416.333333333333,980.115384615385,594.012820512821,1044.21794871795,1212.21794871795,574.74358974359,744.807692307692,279.051282051282,108.910256410256,964.717948717949,412.294871794872,14034.6666666667,8046.01282051282,78,12.1589173590805,8.17255024082113,0.740419935813075,0.939759036144579,0.722222222222222,1.13839678187635,FAHNSCC_15,HN,1,FAHNSCC_15,Ki67+ tumor cells,,carcinoma_in_situ_FAHNSCC_15_2
58429,66850,8468.75543478261,151.010869565217,60.4130434782609,601.141304347826,168.798913043478,2095.59782608696,695.603260869565,183.744565217391,955.461956521739,3325.36413043478,450.733695652174,285.625,951.907608695652,2704.15760869565,445.576086956522,400.103260869565,1027.45652173913,2307.6847826087,532.771739130435,388.548913043478,998.777173913044,2175.0652173913,248.065217391304,1728.51630434783,648.41847826087,933.08152173913,284.733695652174,167.119565217391,1005.58695652174,411.380434782609,13675.277173913,9608.11956521739,184,23.6353204860158,10.034754342308,0.905396974024837,0.943589743589744,0.625850340136055,-1.07829591355265,FAHNSCC_15,HN,1,FAHNSCC_15,stromal cells,,carcinoma_in_situ_FAHNSCC_15_2
58444,66865,2992.71212121212,416.75,133.113636363636,595.969696969697,10.0378787878788,646.348484848485,430.901515151515,201.477272727273,944.818181818182,1297.4696969697,395.621212121212,2837.81060606061,942.477272727273,1326.69696969697,469.871212121212,127.181818181818,955.113636363636,1309.7196969697,1778.46212121212,412.590909090909,954.257575757576,1042.32575757576,329.795454545455,1944.31060606061,571.280303030303,932.522727272727,328.856060606061,118.0,995.045454545454,418.893939393939,13362.5833333333,8352.62121212121,132,13.9376856480846,12.042885586402,0.503402511294473,0.949640287769784,0.785714285714286,-1.30243083124643,FAHNSCC_15,HN,1,FAHNSCC_15,tumor cells,,carcinoma_in_situ_FAHNSCC_15_2
58484,66913,3710.58974358974,159.615384615385,84.2820512820513,610.034188034188,17.5213675213675,926.076923076923,409.846153846154,193.444444444444,957.358974358974,1496.78632478632,405.606837606838,1126.97435897436,964.991452991453,1075.57264957265,371.91452991453,130.08547008547,980.666666666667,1070.48717948718,1055.41025641026,388.769230769231,952.0,807.871794871795,973.965811965812,2613.19658119658,579.25641025641,832.119658119658,322.495726495727,117.247863247863,1040.20512820513,418.179487179487,13468.4444444444,9406.96581196581,117,16.8825583919537,8.80200209290018,0.853332799600233,0.975,0.8125,1.33719190662907,FAHNSCC_15,HN,1,FAHNSCC_15,Ki67+ tumor cells,,carcinoma_in_situ_FAHNSCC_15_2
58536,66971,10922.7058823529,161.615916955017,78.1038062283737,603.311418685121,223.660899653979,2733.24221453287,479.993079584775,191.217993079585,943.110726643599,4129.50865051903,407.799307958478,169.283737024221,935.487889273356,3063.37370242215,453.948096885813,149.387543252595,1022.11418685121,2742.2214532872,545.889273356401,384.193771626298,963.176470588235,2414.57439446367,267.941176470588,1799.22837370242,2317.10726643599,1312.05882352941,341.709342560554,147.460207612457,1033.02076124567,415.60553633218,14062.5570934256,9361.22491349481,289,30.1970356831749,12.3326442061419,0.912800477050076,0.953795379537954,0.563352826510721,-1.04531830247414,FAHNSCC_15,HN,1,FAHNSCC_15,endothelial cells,,carcinoma_in_situ_FAHNSCC_15_2
58550,66988,13483.3488372093,229.083333333333,97.0368217054264,600.052325581395,28.9496124031008,3037.7480620155,681.812015503876,229.050387596899,949.583333333333,4346.77325581395,515.013565891473,809.782945736434,1170.47674418605,3024.45542635659,476.03488372093,152.922480620155,1121.82558139535,1927.8992248062,1671.23449612403,395.602713178295,1024.10658914729,1475.73449612403,6131.13953488372,2383.19379844961,579.742248062016,853.511627906977,301.476744186047,124.143410852713,1014.00581395349,411.343023255814,14008.4244186047,8706.68023255814,516,28.7719242016081,23.176424053947,0.592565578169045,0.955555555555556,0.773613193403298,-0.0954082440728061,FAHNSCC_15,HN,1,FAHNSCC_15,Ki67+ tumor cells,,carcinoma_in_situ_FAHNSCC_15_2
58580,67025,6562.27317073171,164.019512195122,72.5707317073171,609.668292682927,292.009756097561,1598.89756097561,450.390243902439,175.507317073171,946.4,2400.08780487805,479.785365853659,134.629268292683,942.843902439024,1348.56585365854,435.829268292683,134.531707317073,1245.67804878049,1564.74634146341,508.619512195122,378.756097560976,961.590243902439,1285.36585365854,204.863414634146,1427.83902439024,601.317073170732,918.258536585366,302.868292682927,125.009756097561,1009.90243902439,413.117073170732,14703.2731707317,9330.65853658537,205,26.2698148180044,10.0062541498147,0.924614958338578,0.944700460829493,0.542328042328042,-0.871320417701284,FAHNSCC_15,HN,1,FAHNSCC_15,stromal cells,,carcinoma_in_situ_FAHNSCC_15_2
58641,67101,10298.5263157895,160.59649122807,61.859649122807,597.748538011696,96.6140350877193,2560.11111111111,644.269005847953,182.19298245614,949.602339181286,3900.32748538012,533.894736842105,137.134502923977,951.74269005848,2302.78362573099,425.33918128655,379.578947368421,1126.29824561404,2201.53216374269,516.695906432749,400.304093567251,984.134502923977,1553.6432748538,237.690058479532,1445.79532163743,750.830409356725,881.426900584795,300.502923976608,178.157894736842,1018.3216374269,416.0,14622.5321637427,9192.92982456141,171,23.408365250955,9.37583634006786,0.916282080557174,0.94475138121547,0.5625,-0.91470572752295,FAHNSCC_15,HN,1,FAHNSCC_15,stromal cells,,carcinoma_in_situ_FAHNSCC_15_2
58642,67102,5015.98518518519,129.451851851852,80.562962962963,596.385185185185,27.4888888888889,1226.73333333333,428.466666666667,200.4,943.014814814815,2080.57037037037,444.244444444444,1311.13333333333,944.118518518518,1859.8,445.651851851852,120.481481481481,1030.43703703704,1636.78518518519,2483.57037037037,387.955555555556,953.222222222222,1406.34814814815,363.274074074074,5005.00740740741,590.851851851852,1014.41481481481,314.807407407407,118.503703703704,1011.13333333333,410.666666666667,14543.637037037,8628.79259259259,135,13.6130846832061,12.6481878217658,0.369778608510588,0.950704225352113,0.741758241758242,0.939907777491478,FAHNSCC_15,HN,1,FAHNSCC_15,tumor cells,,carcinoma_in_situ_FAHNSCC_15_2
58643,67103,11266.2830188679,167.316981132075,78.2377358490566,610.53962264151,552.135849056604,2806.29433962264,447.958490566038,180.852830188679,946.516981132075,4024.94339622642,373.215094339623,149.747169811321,956.316981132076,2941.31320754717,376.82641509434,136.347169811321,994.339622641509,2784.70188679245,500.856603773585,384.31320754717,962.71320754717,2686.72830188679,247.184905660377,918.603773584906,625.698113207547,1292.32830188679,289.290566037736,118.554716981132,988.279245283019,411.743396226415,13846.0905660377,9708.42264150943,265,31.8863683011779,10.7182829069469,0.941812040742798,0.913793103448276,0.6575682382134,-1.38094649387569,FAHNSCC_15,HN,1,FAHNSCC_15,stromal cells,,carcinoma_in_situ_FAHNSCC_15_2
58673,67138,9606.49593495935,261.390243902439,88.089430894309,607.422764227642,161.308943089431,2385.07317073171,2107.31707317073,200.536585365854,949.406504065041,3448.30081300813,493.674796747968,180.747967479675,941.739837398374,2387.80487804878,451.113821138211,485.780487804878,1018.76422764228,1774.22764227642,575.284552845528,394.691056910569,979.731707317073,1382.34146341463,397.292682926829,1389.10569105691,673.227642276423,852.845528455285,324.943089430894,221.739837398374,999.723577235772,416.341463414634,13552.2357723577,9704.62601626017,123,20.394351145226,7.76484357755411,0.924684188676064,0.931818181818182,0.556561085972851,-1.00678683604752,FAHNSCC_15,HN,1,FAHNSCC_15,M2 macrophages,,carcinoma_in_situ_FAHNSCC_15_2
58735,67208,7636.43161094225,201.282674772036,92.5592705167173,619.387537993921,1008.81914893617,1917.6367781155,417.405775075988,170.910334346505,953.77811550152,2841.02583586626,426.314589665654,148.115501519757,947.457446808511,2472.35714285714,385.275075987842,130.186930091185,1075.93617021277,1823.91641337386,492.299392097265,375.454407294833,971.253799392097,1481.54863221885,197.711246200608,844.790273556231,589.658054711246,780.095744680851,247.504559270517,113.092705167173,989.568389057751,409.252279635258,14483.9498480243,9526.62006079027,658,48.3885867632514,17.9265707799214,0.928844011410444,0.94,0.623106060606061,-1.33769180637221,FAHNSCC_15,HN,1,FAHNSCC_15,stromal cells,,carcinoma_in_situ_FAHNSCC_15_2
58737,67210,10028.03,190.0,65.68,606.13,404.61,2610.5,2161.54,193.0,948.42,4237.62,637.32,169.79,946.62,3184.48,791.35,992.17,1117.0,2955.0,554.86,389.42,981.21,2592.72,367.64,3764.7,966.21,1155.33,323.61,207.8,1029.54,412.12,13662.81,9603.19,100,13.6296831884256,10.2272447992188,0.661023095566094,0.854700854700855,0.54945054945055,-0.970973425561163,FAHNSCC_15,HN,1,FAHNSCC_15,M2 macrophages,,carcinoma_in_situ_FAHNSCC_15_2
58762,67244,8899.21296296296,314.199074074074,93.662037037037,609.152777777778,235.976851851852,2107.10185185185,1478.60648148148,201.75462962963,969.75462962963,3276.89814814815,858.111111111111,171.212962962963,950.342592592593,2662.15740740741,521.615740740741,325.935185185185,970.472222222222,2351.14351851852,568.435185185185,395.449074074074,960.138888888889,1889.98148148148,252.263888888889,968.703703703704,615.412037037037,935.597222222222,337.884259259259,197.486111111111,1005.68055555556,417.009259259259,13892.5509259259,9605.0787037037,216,21.9784725173674,12.5665131738246,0.820417704343134,0.955752212389381,0.710526315789474,-0.639080277935911,FAHNSCC_15,HN,1,FAHNSCC_15,stromal cells,,carcinoma_in_situ_FAHNSCC_15_2
58869,67364,5089.40952380952,80.9238095238095,57.952380952381,607.136507936508,250.533333333333,1300.64126984127,1784.62857142857,1626.36825396825,1554.0380952381,2210.1873015873,1846.42857142857,1024.96507936508,1521.64444444444,1672.13015873016,350.444444444444,117.603174603175,1183.59682539683,1427.02222222222,449.955555555556,374.190476190476,953.539682539682,1166.07936507937,199.679365079365,671.206349206349,1741.28253968254,712.009523809524,227.038095238095,178.606349206349,1002.50158730159,408.904761904762,14385.0380952381,9406.6380952381,315,27.5770143639306,14.6651167191427,0.846877709329826,0.954545454545455,0.673076923076923,-1.16688480134096,FAHNSCC_15,HN,1,FAHNSCC_15,M2 macrophages,,carcinoma_in_situ_FAHNSCC_15_2
58876,67372,11424.4701754386,189.898245614035,67.2491228070175,619.491228070176,81.340350877193,2951.11228070175,500.024561403509,196.698245614035,955.343859649123,4593.22807017544,528.99298245614,156.308771929825,957.891228070175,2980.70877192982,402.115789473684,189.364912280702,1137.26315789474,2949.31578947368,529.059649122807,385.508771929825,962.649122807018,2538.41052631579,230.659649122807,1218.75087719298,683.343859649123,1022.70877192982,291.017543859649,147.964912280702,1005.49824561404,413.224561403509,14389.8736842105,9350.1298245614,285,31.9174956710795,11.4948233870882,0.932897585725792,0.931372549019608,0.475,-0.838155744230918,FAHNSCC_15,HN,1,FAHNSCC_15,stromal cells,,carcinoma_in_situ_FAHNSCC_15_2
58896,67394,11853.1774193548,104.911290322581,61.5725806451613,602.612903225807,210.967741935484,2807.20161290323,807.758064516129,182.467741935484,962.798387096774,4445.84677419355,453.822580645161,172.064516129032,941.661290322581,3604.37903225806,392.854838709677,250.088709677419,1099.89516129032,3388.08064516129,557.491935483871,386.838709677419,964.967741935484,3619.01612903226,256.653225806452,5326.07258064516,3522.20967741935,1541.79838709677,325.548387096774,127.282258064516,1029.4435483871,417.056451612903,14275.2096774194,9206.33064516129,124,16.0274179992085,9.97536608200992,0.782704235148869,0.946564885496183,0.738095238095238,-0.493182194984015,FAHNSCC_15,HN,1,FAHNSCC_15,endothelial cells,,carcinoma_in_situ_FAHNSCC_15_2
58918,67420,9349.1625,196.9375,107.2125,626.7375,1380.7,2505.4625,480.7875,195.225,1036.85,4202.775,416.0,356.7,938.8375,2380.7875,497.0,168.7,905.6625,3008.7875,632.675,408.5125,984.3,2628.25,392.975,1253.9875,570.15,1813.7125,321.325,122.925,977.6625,416.8375,13211.8125,8530.6875,80,13.1914477357862,7.78849835552528,0.807095957696524,0.930232558139535,0.740740740740741,0.47138918195383,FAHNSCC_15,HN,1,FAHNSCC_15,stromal cells,,carcinoma_in_situ_FAHNSCC_15_2
58965,67473,8238.94594594595,215.635135135135,84.2972972972973,601.621621621622,9.60810810810811,1773.63513513514,449.716216216216,192.837837837838,946.554054054054,3144.35135135135,381.243243243243,3834.01351351351,1458.64864864865,3241.31081081081,458.635135135135,136.175675675676,978.554054054054,1325.08108108108,2871.32432432432,408.810810810811,1256.78378378378,2643.5,373.891891891892,1365.2972972973,573.148648648649,1730.14864864865,325.27027027027,123.148648648649,1003.85135135135,423.283783783784,13644.4054054054,8330.2972972973,74,11.9344931702248,8.03436818832001,0.739455311526762,0.891566265060241,0.672727272727273,0.43253368530231,FAHNSCC_15,HN,1,FAHNSCC_15,tumor cells,,carcinoma_in_situ_FAHNSCC_15_2
59066,67594,4934.52486187845,137.718232044199,81.8011049723757,605.116022099448,22.8950276243094,1267.04696132597,435.837016574586,191.055248618785,949.436464088398,2171.14364640884,436.966850828729,1565.58011049724,954.400552486188,1869.54972375691,456.088397790055,117.096685082873,1075.65745856354,1654.91160220994,1727.47237569061,391.657458563536,943.627071823204,1363.0,496.46408839779,4490.19060773481,583.563535911602,1006.27624309392,302.903314917127,118.64364640884,1014.25966850829,412.32044198895,14520.9696132597,8618.69889502763,362,27.3792076384026,17.0208451103256,0.783278887948915,0.967914438502674,0.732793522267207,-1.09755774325965,FAHNSCC_15,HN,1,FAHNSCC_15,tumor cells,,carcinoma_in_situ_FAHNSCC_15_2
59144,67692,10398.0821917808,236.780821917808,101.280821917808,605.931506849315,208.513698630137,2783.47260273973,537.684931506849,212.595890410959,953.958904109589,4258.01369863014,490.486301369863,163.979452054795,953.842465753425,3029.21917808219,650.849315068493,144.184931506849,1028.5,2198.45890410959,623.404109589041,400.712328767123,953.061643835617,1699.67808219178,348.424657534247,1285.22602739726,1176.54794520548,860.36301369863,288.650684931507,209.438356164384,1021.52054794521,410.869863013699,14718.6095890411,8593.81506849315,146,15.7844373663907,12.1148553664748,0.641026212956649,0.929936305732484,0.744897959183674,0.732172221191582,FAHNSCC_15,HN,1,FAHNSCC_15,stromal cells,,carcinoma_in_situ_FAHNSCC_15_2
59213,67775,5682.09944751381,136.718232044199,69.1878453038674,605.988950276243,343.994475138122,1637.6408839779,1222.19889502762,170.801104972376,996.022099447514,2629.57458563536,410.127071823204,179.005524861878,949.298342541437,1967.29281767956,808.845303867403,1161.57458563536,1006.78453038674,2064.27624309392,542.298342541437,382.066298342541,984.900552486188,1800.90055248619,231.906077348066,1513.4364640884,623.21546961326,1064.08287292818,280.337016574586,177.690607734807,993.988950276243,416.67955801105,13819.9337016575,9460.61325966851,181,18.0836062514134,12.8252336783762,0.704988426656492,0.942708333333333,0.773504273504274,1.51281933078508,FAHNSCC_15,HN,1,FAHNSCC_15,other APCs,,carcinoma_in_situ_FAHNSCC_15_2
59215,67779,9991.34756097561,129.774390243902,67.9817073170732,623.789634146341,183.762195121951,2619.76219512195,428.490853658537,186.896341463415,954.167682926829,4197.84756097561,467.094512195122,168.030487804878,943.768292682927,2848.10365853659,424.125,128.807926829268,1125.2987804878,2413.4756097561,546.865853658537,382.112804878049,979.213414634146,2113.17073170732,225.600609756098,1031.42987804878,2486.34756097561,905.868902439024,291.091463414634,291.957317073171,1020.84451219512,411.478658536585,14406.6097560976,9357.39329268293,328,31.3547334392798,13.3843158829159,0.904314192661335,0.950724637681159,0.573426573426573,-0.915670993993385,FAHNSCC_15,HN,1,FAHNSCC_15,endothelial cells,,carcinoma_in_situ_FAHNSCC_15_2
59281,67855,11127.0818181818,248.7,100.672727272727,619.845454545455,476.209090909091,2852.74545454545,484.1,191.681818181818,946.572727272727,3871.76363636364,478.345454545455,142.545454545455,937.072727272727,1507.12727272727,381.918181818182,136.218181818182,1082.25454545455,1569.18181818182,504.545454545455,383.081818181818,947.881818181818,1152.13636363636,217.772727272727,2092.85454545455,604.781818181818,823.390909090909,280.781818181818,127.6,1026.54545454545,413.390909090909,14412.8272727273,9265.5,110,18.2203452737404,7.93472397452902,0.900195006792312,0.909090909090909,0.561224489795918,-0.637318119584865,FAHNSCC_15,HN,1,FAHNSCC_15,stromal cells,,carcinoma_in_situ_FAHNSCC_15_2
59282,67856,13077.2924528302,260.518867924528,84.1603773584906,600.207547169811,103.330188679245,3605.83962264151,545.009433962264,206.047169811321,950.566037735849,5608.20754716981,437.801886792453,181.745283018868,945.103773584906,4094.29245283019,465.264150943396,145.679245283019,1000.40566037736,5075.92452830189,615.084905660377,397.358490566038,957.688679245283,4792.95283018868,271.707547169811,2466.57547169811,1079.66981132076,3143.1320754717,393.27358490566,135.877358490566,1013.54716981132,428.320754716981,13532.6698113208,9699.56603773585,106,17.5473620254375,9.41759053816474,0.843775990290854,0.746478873239437,0.504761904761905,-1.40733795578756,FAHNSCC_15,HN,1,FAHNSCC_15,stromal cells,,carcinoma_in_situ_FAHNSCC_15_2
59335,67920,3865.46382978723,247.391489361702,83.1489361702128,607.187234042553,14.2255319148936,1030.20425531915,392.642553191489,184.425531914894,949.497872340426,1822.42978723404,371.174468085106,3278.74042553191,952.651063829787,1501.96595744681,436.144680851064,118.804255319149,1018.22553191489,1571.69361702128,1338.49787234043,389.485106382979,957.553191489362,1408.08085106383,268.412765957447,1871.52340425532,578.072340425532,1057.84680851064,307.714893617021,121.263829787234,997.557446808511,416.736170212766,13226.2425531915,9255.4,235,21.867825216358,13.6833138423539,0.780041204588252,0.967078189300412,0.734375,-0.504687138842476,FAHNSCC_15,HN,1,FAHNSCC_15,tumor cells,,carcinoma_in_situ_FAHNSCC_15_2
59416,68014,8781.18181818182,230.071428571429,83.525974025974,603.084415584416,116.967532467532,2312.27272727273,447.974025974026,184.74025974026,951.337662337662,3382.08441558442,419.98051948052,128.467532467532,966.24025974026,2584.24025974026,339.461038961039,239.149350649351,968.123376623377,2715.43506493507,510.681818181818,383.142857142857,952.831168831169,2388.42207792208,224.441558441558,1547.75324675325,663.448051948052,1348.74025974026,312.350649350649,141.077922077922,1018.70779220779,415.227272727273,14653.7077922078,9202.3961038961,154,19.2769699835943,10.2944856433326,0.845465352310688,0.956521739130435,0.712962962962963,-1.22555462370771,FAHNSCC_15,HN,1,FAHNSCC_15,stromal cells,,carcinoma_in_situ_FAHNSCC_15_2
59447,68053,16210.4464285714,116.616071428571,68.3928571428571,608.160714285714,72.9196428571429,4078.50892857143,634.651785714286,212.696428571429,958.366071428571,6242.125,501.276785714286,144.589285714286,954.214285714286,4521.55357142857,507.571428571429,156.910714285714,1324.97321428571,4300.91964285714,567.151785714286,391.008928571429,958.241071428571,4091.59821428571,277.848214285714,4568.25892857143,1326.83035714286,1830.10714285714,331.232142857143,124.767857142857,1022.3125,412.991071428571,14510.1875,9024.33035714286,112,15.2560466511184,9.55144394294519,0.779762079954529,0.918032786885246,0.8,-0.313912414382707,FAHNSCC_15,HN,1,FAHNSCC_15,stromal cells,,carcinoma_in_situ_FAHNSCC_15_2
59488,68110,9679.85567010309,216.512027491409,81.9518900343643,600.398625429553,11.2714776632302,2215.91065292096,528.182130584193,233.553264604811,954.587628865979,3664.0824742268,411.611683848797,909.841924398626,969.676975945017,3658.90034364261,395.024054982818,171.625429553265,1019.76288659794,2509.3264604811,1125.89347079038,404.378006872852,992.185567010309,2086.07903780069,702.003436426117,4118.9793814433,575.676975945017,1285.48797250859,327.512027491409,125.848797250859,1014.14089347079,419.52233676976,14099.4158075601,8371.56701030928,291,23.7582830872557,15.9209159051267,0.742252198202572,0.950980392156863,0.692857142857143,-0.989504653089086,FAHNSCC_15,HN,1,FAHNSCC_15,tumor cells,,carcinoma_in_situ_FAHNSCC_15_2
59522,68147,6804.69035532995,184.030456852792,77.8426395939086,608.324873096447,25.5989847715736,907.086294416244,332.522842639594,183.61421319797,986.335025380711,2945.14720812183,418.467005076142,1735.4923857868,983.776649746193,2229.05583756345,405.218274111675,119.10152284264,1027.89847715736,2255.34010152284,1232.94923857868,395.284263959391,953.939086294416,1871.22335025381,454.116751269036,2421.54822335025,574.659898477157,1258.61421319797,304.263959390863,117.492385786802,994.0,414.994923857868,13262.6345177665,8743.19796954315,197,22.8374708785964,11.6091305030647,0.861158252515048,0.899543378995434,0.576023391812866,0.750344311424329,FAHNSCC_15,HN,1,FAHNSCC_15,tumor cells,,carcinoma_in_situ_FAHNSCC_15_2
59569,68204,5172.53020134228,178.604026845638,76.1140939597316,599.369127516779,16.7852348993289,1281.27516778524,430.456375838926,195.879194630873,951.489932885906,2023.48993288591,412.993288590604,2000.6644295302,951.919463087248,1806.59060402685,396.201342281879,127.778523489933,1011.55704697987,1283.56375838926,1804.61744966443,391.026845637584,967.624161073826,1000.41610738255,507.41610738255,2762.35570469799,570.402684563758,864.355704697987,289.469798657718,116.832214765101,1011.95302013423,411.711409395973,13424.8657718121,8782.26845637584,149,17.4016535855072,11.1924652028816,0.765711655229922,0.937106918238994,0.70952380952381,-0.810827568341527,FAHNSCC_15,HN,1,FAHNSCC_15,tumor cells,,carcinoma_in_situ_FAHNSCC_15_2
59607,68249,4441.24669603524,102.854625550661,72.4933920704846,596.709251101322,17.0308370044053,1030.12775330396,387.31718061674,218.185022026432,946.42731277533,1680.04845814978,370.154185022026,1530.29515418502,1048.78414096916,1401.93392070485,362.171806167401,150.740088105727,1029.03964757709,1043.42290748899,879.625550660793,386.753303964758,973.211453744493,799.070484581498,240.837004405286,1991.42731277533,578.541850220264,754.281938325991,297.079295154185,113.229074889868,990.149779735683,413.982378854626,13279.295154185,9446.18061674009,227,20.2734478752162,15.2917630337022,0.656558161058999,0.856603773584906,0.606951871657754,1.4650235830644,FAHNSCC_15,HN,1,FAHNSCC_15,tumor cells,,carcinoma_in_situ_FAHNSCC_15_2
59609,68251,2793.25438596491,327.666666666667,107.412280701754,596.061403508772,9.62280701754386,600.456140350877,365.561403508772,184.5,952.719298245614,1236.28070175439,346.535087719298,3774.82456140351,949.394736842105,1191.13157894737,414.736842105263,108.587719298246,1010.95614035088,1211.0,3242.97368421053,401.745614035088,948.859649122807,897.289473684211,439.850877192982,3316.58771929825,569.070175438597,827.254385964912,275.026315789474,118.543859649123,997.035087719298,409.789473684211,13396.1578947368,8371.90350877193,114,12.854808194544,11.2746763192105,0.480347005964984,0.966101694915254,0.797202797202797,1.54230106805542,FAHNSCC_15,HN,1,FAHNSCC_15,tumor cells,,carcinoma_in_situ_FAHNSCC_15_2
59670,68325,11098.8187134503,319.929824561404,114.017543859649,627.538011695906,765.181286549708,2200.15204678363,502.526315789474,186.514619883041,952.573099415205,2923.0350877193,458.140350877193,166.087719298246,942.853801169591,1695.2865497076,424.216374269006,127.713450292398,1051.37426900585,1235.08187134503,494.269005847953,379.087719298246,971.713450292398,835.730994152047,192.953216374269,1001.97660818713,601.555555555556,668.140350877193,245.029239766082,108.350877192982,988.356725146199,407.058479532164,13653.6549707602,9750.08771929825,171,25.0589170027727,9.46335060988368,0.925950852049315,0.872448979591837,0.464673913043478,-0.978644540489168,FAHNSCC_15,HN,1,FAHNSCC_15,stromal cells,,carcinoma_in_situ_FAHNSCC_15_2
59688,68346,7020.56632653061,167.265306122449,75.6938775510204,610.545918367347,585.780612244898,1656.63775510204,415.867346938776,172.336734693878,986.367346938776,2577.19387755102,408.469387755102,159.204081632653,941.005102040816,2066.98469387755,471.545918367347,148.392857142857,1107.78571428571,1884.09183673469,507.704081632653,384.484693877551,958.459183673469,1562.56632653061,205.112244897959,2193.98979591837,603.602040816327,799.897959183674,267.219387755102,117.673469387755,992.877551020408,411.954081632653,14028.6632653061,9745.37755102041,196,23.9000893636493,10.491831254765,0.898493357636646,0.951456310679612,0.573099415204678,-0.757565544442856,FAHNSCC_15,HN,1,FAHNSCC_15,stromal cells,,carcinoma_in_situ_FAHNSCC_15_2
59692,68350,13953.0557103064,176.022284122563,77.91643454039,600.841225626741,18.5125348189415,3077.18384401114,488.682451253482,246.094707520891,951.153203342618,4363.51253481894,410.353760445682,1075.6713091922,1058.58217270195,3756.6713091922,381.077994428969,166.036211699164,1056.91086350975,2265.93036211699,686.311977715877,387.451253481894,1180.04178272981,1718.97493036212,6182.64902506964,1569.47353760446,576.874651810585,855.877437325905,269.013927576602,110.465181058496,988.810584958217,409.445682451254,13921.5403899721,9001.36768802229,359,30.1527043390608,15.2714025873132,0.862258314848136,0.957333333333333,0.624347826086957,-0.86757975456266,FAHNSCC_15,HN,1,FAHNSCC_15,Ki67+ tumor cells,,carcinoma_in_situ_FAHNSCC_15_2
59703,68362,5392.55737704918,245.704918032787,77.2459016393443,601.180327868853,100.44262295082,1164.68852459016,2693.80327868852,175.786885245902,937.622950819672,1813.2131147541,459.311475409836,252.426229508197,929.27868852459,1345.06557377049,388.786885245902,286.704918032787,913.245901639344,1090.32786885246,567.081967213115,389.639344262295,946.245901639344,808.081967213115,296.803278688525,1459.93442622951,597.262295081967,861.229508196721,307.950819672131,232.114754098361,970.950819672131,408.016393442623,13147.7868852459,8943.34426229508,61,12.0801051791177,6.47103836721581,0.8444227666742,0.924242424242424,0.726190476190476,-0.179056448271451,FAHNSCC_15,HN,1,FAHNSCC_15,M1/M0 macrophages,,carcinoma_in_situ_FAHNSCC_15_2
59830,68506,3132.22950819672,141.065573770492,77.344262295082,595.885245901639,19.0327868852459,792.622950819672,394.696721311475,185.516393442623,948.155737704918,1376.64754098361,379.991803278689,796.295081967213,951.893442622951,1113.77049180328,347.450819672131,123.565573770492,968.491803278688,1053.72131147541,725.467213114754,387.393442622951,944.540983606557,819.991803278689,525.040983606557,3191.08196721311,584.336065573771,795.622950819672,311.975409836066,117.508196721311,1010.94262295082,410.311475409836,13658.3852459016,9154.49180327869,122,14.2476280780548,10.9816484103552,0.637113146698181,0.938461538461538,0.726190476190476,-0.372790853397467,FAHNSCC_15,HN,1,FAHNSCC_15,tumor cells,,carcinoma_in_situ_FAHNSCC_15_2
59852,68535,5435.76216216216,160.713513513514,84.7243243243243,602.545945945946,10.7081081081081,1147.34054054054,500.810810810811,211.513513513514,942.281081081081,1939.74594594595,452.708108108108,980.45945945946,940.821621621622,1854.37297297297,450.724324324324,150.486486486486,993.437837837838,1421.18918918919,1149.67027027027,415.87027027027,966.518918918919,1033.37837837838,379.454054054054,4876.85945945946,573.086486486487,950.740540540541,346.032432432432,121.821621621622,1013.88648648649,420.735135135135,14120.8702702703,8343.63243243243,185,24.4716891406685,9.72500536558747,0.917646263960645,0.948717948717949,0.804347826086957,-0.0513387331948437,FAHNSCC_15,HN,1,FAHNSCC_15,tumor cells,,carcinoma_in_situ_FAHNSCC_15_2
59909,68597,9491.78125,524.0,80.921875,616.046875,745.515625,2362.578125,2280.046875,200.5625,1238.359375,3299.109375,704.703125,177.09375,944.046875,2023.90625,738.828125,1595.890625,1228.171875,1285.4375,547.703125,383.4375,1006.578125,954.0625,214.875,2724.734375,946.5,746.53125,286.28125,171.890625,1023.984375,408.65625,13692.03125,9760.984375,64,9.86360678771681,8.51115326423552,0.505401192495498,0.914285714285714,0.711111111111111,-1.45953527822205,FAHNSCC_15,HN,1,FAHNSCC_15,M2 macrophages,,carcinoma_in_situ_FAHNSCC_15_2
59980,68684,7147.15483870968,282.98064516129,119.096774193548,624.341935483871,966.038709677419,1799.74838709677,437.716129032258,186.606451612903,949.554838709677,2838.43870967742,486.451612903226,139.741935483871,933.438709677419,1776.29032258065,499.761290322581,128.78064516129,1041.23225806452,2112.0,533.793548387097,383.438709677419,954.212903225806,1836.22580645161,207.58064516129,797.206451612903,591.651612903226,1068.17419354839,299.251612903226,131.664516129032,1012.82580645161,416.309677419355,14616.6,9404.81290322581,155,23.3488635339758,8.58172315424604,0.930006328750876,0.922619047619048,0.479876160990712,-0.874712855872694,FAHNSCC_15,HN,1,FAHNSCC_15,stromal cells,,carcinoma_in_situ_FAHNSCC_15_2
59996,68703,12417.5211267606,238.380281690141,95.1408450704225,606.732394366197,356.661971830986,2632.07042253521,492.492957746479,200.492957746479,932.507042253521,3900.01408450704,437.901408450704,218.323943661972,944.901408450704,2749.35211267606,363.887323943662,159.408450704225,995.676056338028,2056.92957746479,572.253521126761,567.704225352113,943.718309859155,1518.15492957746,310.295774647887,1567.28169014085,638.859154929578,951.338028169014,299.760563380282,119.647887323944,1004.22535211268,418.112676056338,14592.5070422535,8620.98591549296,71,14.0997107727078,6.44891889051165,0.889271599818081,0.946666666666667,0.724489795918367,-0.101746522628781,FAHNSCC_15,HN,1,FAHNSCC_15,stromal cells,,carcinoma_in_situ_FAHNSCC_15_2
60016,68725,3621.33121019108,104.929936305732,64.9171974522293,607.675159235669,514.082802547771,955.140127388535,456.611464968153,164.089171974522,943.305732484076,1600.56050955414,458.764331210191,145.942675159236,937.356687898089,1389.42038216561,487.71974522293,133.751592356688,1201.14649681529,1444.99363057325,479.713375796178,371.770700636943,940.872611464968,1222.26114649682,198.980891719745,1560.47770700637,609.382165605096,839.732484076433,273.229299363057,124.891719745223,1002.08917197452,406.96178343949,14592.1656050955,9528.3949044586,157,17.7262170567951,11.2683017409444,0.771948028992431,0.951515151515152,0.769607843137255,-1.28545647993352,FAHNSCC_15,HN,1,FAHNSCC_15,stromal cells,,carcinoma_in_situ_FAHNSCC_15_2
60093,68824,14921.0186915888,211.934579439252,95.8691588785047,607.018691588785,753.214953271028,3479.89719626168,527.168224299065,201.906542056075,950.523364485981,5181.29906542056,449.691588785047,412.803738317757,943.084112149533,3617.93457943925,408.644859813084,188.271028037383,1014.88785046729,3408.45794392523,592.953271028037,397.205607476636,946.551401869159,3022.90654205607,321.859813084112,2233.39252336449,621.065420560748,1649.21495327103,332.233644859813,134.532710280374,992.915887850467,414.355140186916,14612.476635514,8558.99065420561,107,18.0684774232719,7.60142578457854,0.907199373272778,0.930434782608696,0.548717948717949,0.73849778298662,FAHNSCC_15,HN,1,FAHNSCC_15,stromal cells,,carcinoma_in_situ_FAHNSCC_15_2
60118,68853,5244.57731958763,184.40206185567,56.0618556701031,599.010309278351,177.113402061856,1390.56701030928,1424.94845360825,174.288659793814,957.835051546392,2345.12371134021,654.649484536083,161.412371134021,931.422680412371,2042.20618556701,429.783505154639,312.113402061856,1046.38144329897,1923.11340206186,525.773195876289,378.494845360825,951.39175257732,1643.88659793814,264.453608247423,1766.20618556701,668.020618556701,1068.55670103093,295.298969072165,205.113402061856,1002.73195876289,409.154639175258,14572.4432989691,8820.64948453608,97,13.004608854484,9.47906227988132,0.684619943107189,0.97979797979798,0.808333333333333,-0.506773879840796,FAHNSCC_15,HN,1,FAHNSCC_15,stromal cells,,carcinoma_in_situ_FAHNSCC_15_2
60122,68860,4812.67346938776,176.795918367347,79.8061224489796,608.34693877551,142.397959183673,1114.65306122449,466.642857142857,206.142857142857,948.459183673469,2085.39795918367,441.234693877551,1001.48979591837,974.224489795918,1496.39795918367,421.214285714286,147.142857142857,1008.05102040816,1376.33673469388,1085.64285714286,402.612244897959,956.459183673469,957.775510204082,789.785714285714,3068.97959183673,573.408163265306,931.173469387755,340.877551020408,118.928571428571,1019.54081632653,419.530612244898,13737.3163265306,8537.32653061225,98,13.9392752586177,9.04082897774111,0.761140756944885,0.924528301886792,0.685314685314685,-0.408027590106135,FAHNSCC_15,HN,1,FAHNSCC_15,Ki67+ tumor cells,,carcinoma_in_situ_FAHNSCC_15_2
60128,68868,9107.79279279279,102.927927927928,69.009009009009,602.630630630631,16.3243243243243,1159.17117117117,457.738738738739,190.72972972973,966.36036036036,3875.89189189189,388.324324324324,806.684684684685,1105.33333333333,3552.53153153153,362.846846846847,152.234234234234,1051.47747747748,2098.63963963964,1192.53153153153,397.414414414414,1024.04504504505,1594.76576576577,536.504504504505,2328.01801801802,581.054054054054,848.099099099099,265.243243243243,113.900900900901,1001.17117117117,413.810810810811,13224.8018018018,8845.09009009009,111,15.533758537299,9.16504335818006,0.807397326046395,0.902439024390244,0.630681818181818,-1.31405969746061,FAHNSCC_15,HN,1,FAHNSCC_15,tumor cells,,carcinoma_in_situ_FAHNSCC_15_2
60234,69000,4613.12727272727,124.345454545455,66.1954545454546,597.418181818182,20.35,1012.29090909091,438.545454545455,196.977272727273,947.054545454545,1839.15454545455,385.4,1014.55454545455,961.981818181818,1625.27272727273,394.590909090909,129.413636363636,1079.01818181818,1153.03181818182,2165.07727272727,389.472727272727,984.568181818182,873.745454545455,557.35,2648.31818181818,574.468181818182,793.4,282.104545454546,113.336363636364,996.877272727273,410.913636363636,13430.3227272727,8647.65909090909,220,19.7821839320063,14.2207650131052,0.695147333329282,0.973451327433628,0.771929824561404,0.312273752222499,FAHNSCC_15,HN,1,FAHNSCC_15,tumor cells,,carcinoma_in_situ_FAHNSCC_15_2
60270,69043,10359.3783783784,205.722972972973,90.3445945945946,610.006756756757,180.385135135135,2771.02027027027,512.378378378378,186.25,946.054054054054,4204.33108108108,491.013513513514,134.898648648649,958.398648648649,2951.91216216216,425.790540540541,198.283783783784,1142.21621621622,2581.08108108108,531.797297297297,395.331081081081,958.405405405405,2100.04054054054,233.216216216216,3205.98648648649,680.006756756757,962.297297297297,279.493243243243,119.189189189189,997.689189189189,411.52027027027,14661.7837837838,9103.83108108108,148,22.3128952468841,9.38431201439598,0.907256401292426,0.804347826086957,0.414565826330532,-0.986280007754168,FAHNSCC_15,HN,1,FAHNSCC_15,stromal cells,,carcinoma_in_situ_FAHNSCC_15_2
60310,69087,10732.3479623824,213.623824451411,85.7962382445141,606.131661442006,153.247648902821,2940.30721003135,510.492163009404,194.05329153605,953.84012539185,4354.30094043887,429.824451410658,162.360501567398,940.595611285266,3076.85579937304,444.141065830721,156.467084639498,1126.62695924765,2374.20689655172,550.084639498433,384.705329153605,978.652037617555,1911.88401253919,230.827586206897,641.216300940439,1872.36677115987,839.909090909091,276.645768025078,157.48275862069,1006.96551724138,408.354231974922,14237.4702194357,9546.74921630094,319,36.8016570550533,12.0246617457954,0.945113434524913,0.869209809264305,0.379761904761905,-0.805252853553947,FAHNSCC_15,HN,1,FAHNSCC_15,endothelial cells,,carcinoma_in_situ_FAHNSCC_15_2
60347,69134,12847.888372093,167.53023255814,87.7302325581395,602.348837209302,19.246511627907,1471.06976744186,345.897674418605,185.581395348837,984.116279069767,5690.23720930233,401.213953488372,777.972093023256,1046.81395348837,4121.66511627907,354.906976744186,141.6,1023.14418604651,3196.12093023256,936.86976744186,401.655813953488,1010.67906976744,2538.19069767442,709.027906976744,1955.55348837209,575.079069767442,1078.66976744186,288.874418604651,116.209302325581,997.53488372093,415.032558139535,13207.5720930233,8841.60930232558,215,24.407524998283,12.7508611290275,0.85269126791752,0.767857142857143,0.516826923076923,1.36784928987727,FAHNSCC_15,HN,1,FAHNSCC_15,tumor cells,,carcinoma_in_situ_FAHNSCC_15_2
60356,69145,10382.0442477876,159.300884955752,78.2300884955752,605.787610619469,62.8761061946903,2521.06194690265,593.929203539823,214.053097345133,970.991150442478,3994.71681415929,560.318584070796,144.026548672566,954.238938053097,4503.24778761062,429.380530973451,145.141592920354,1242.88495575221,2650.32743362832,624.24778761062,404.318584070797,970.884955752212,2643.95575221239,296.637168141593,6941.91150442478,2192.28318584071,1197.8407079646,362.575221238938,127.017699115044,1052.93805309735,419.530973451327,14793.2743362832,8954.95575221239,113,13.3038093803771,10.8360131719196,0.580157177291978,0.965811965811966,0.79020979020979,-1.33217130864817,FAHNSCC_15,HN,1,FAHNSCC_15,endothelial cells,,carcinoma_in_situ_FAHNSCC_15_2
60432,69234,11168.4050632911,237.962025316456,68.4303797468354,611.227848101266,249.93670886076,3338.3164556962,591.392405063291,209.240506329114,1031.91139240506,5713.89873417722,504.822784810127,202.189873417722,950.367088607595,3883.39240506329,520.873417721519,225.835443037975,1052.3417721519,3542.84810126582,650.670886075949,405.240506329114,974.316455696202,3182.56962025316,274.164556962025,2281.86075949367,1258.01265822785,1792.73417721519,398.177215189873,149.746835443038,1058.18987341772,418.025316455696,13585.5696202532,9711.15189873418,79,13.7864312366663,7.59873377820988,0.834389786590818,0.877777777777778,0.658333333333333,-1.08751371653971,FAHNSCC_15,HN,1,FAHNSCC_15,stromal cells,,carcinoma_in_situ_FAHNSCC_15_2
60473,69283,7088.56737588653,175.241134751773,83.2269503546099,600.099290780142,41.6170212765957,1721.55319148936,1642.46808510638,191.553191489362,950.41134751773,2782.95744680851,496.978723404255,226.794326241135,931.170212765957,3009.53191489362,496.191489361702,533.049645390071,974.021276595745,2146.21985815603,580.22695035461,384.446808510638,948.652482269504,1998.78723404255,314.007092198582,1096.43262411348,706.312056737589,1299.86524822695,328.09219858156,140.425531914894,1010.87943262411,413.992907801418,13998.5886524823,8871.35460992908,141,16.0417793651807,11.3368247480611,0.707507147296922,0.946308724832215,0.783333333333333,0.321764299173624,FAHNSCC_15,HN,1,FAHNSCC_15,M2 macrophages,,carcinoma_in_situ_FAHNSCC_15_2
60510,69331,7646.95918367347,155.802721088435,83.5238095238095,609.469387755102,20.2857142857143,1949.80272108844,529.850340136055,243.850340136054,951.598639455782,2900.70068027211,468.918367346939,916.639455782313,991.43537414966,2156.89115646259,416.823129251701,142.047619047619,951.802721088435,1782.10884353742,1128.25170068027,409.673469387755,953.081632653061,1551.09523809524,1321.25170068027,5139.21088435374,585.619047619048,1125.85034013605,364.380952380952,130.945578231293,1025.62585034014,419.979591836735,14754.8299319728,8489.65986394558,147,17.7055792058832,10.6372456597666,0.799410679330559,0.948387096774194,0.786096256684492,-0.236655234775684,FAHNSCC_15,HN,1,FAHNSCC_15,Ki67+ tumor cells,,carcinoma_in_situ_FAHNSCC_15_2
60540,69365,4249.72081218274,121.507614213198,70.9492385786802,601.147208121827,15.8375634517767,1030.04060913706,376.802030456853,182.857868020305,941.086294416244,1972.45685279188,382.329949238579,2000.33502538071,945.451776649746,1731.97461928934,415.157360406091,121.309644670051,1087.28426395939,1698.83248730964,1823.29441624365,385.055837563452,964.350253807107,1361.55837563452,454.883248730964,3527.21827411168,576.263959390863,1030.0152284264,284.116751269036,119.345177664975,1014.72588832487,413.568527918782,13579.5989847716,8767.42639593909,197,19.9566333293684,12.5906660057156,0.775863095963076,0.980099502487562,0.724264705882353,0.818475885479681,FAHNSCC_15,HN,1,FAHNSCC_15,tumor cells,,carcinoma_in_situ_FAHNSCC_15_2
60576,69414,7477.79527559055,99.6220472440945,47.0944881889764,603.889763779528,212.48031496063,2022.73228346457,461.40157480315,181.196850393701,949.937007874016,3081.4094488189,388.110236220472,152.937007874016,936.622047244094,2160.64566929134,377.464566929134,192.377952755906,979.370078740158,2205.26771653543,518.708661417323,380.574803149606,1004.29921259843,1779.81102362205,229.007874015748,1596.74803149606,628.141732283465,980.929133858268,315.070866141732,135.456692913386,1030.06299212598,412.535433070866,13915.6535433071,9522.26771653543,127,21.6126087870502,7.61274297052974,0.935911142472198,0.900709219858156,0.529166666666667,-1.12852801551951,FAHNSCC_15,HN,1,FAHNSCC_15,stromal cells,,carcinoma_in_situ_FAHNSCC_15_2
60589,69429,12165.7934782609,306.29347826087,100.75,608.652173913044,165.717391304348,2734.83695652174,2950.5652173913,204.20652173913,939.815217391304,4137.69565217391,577.652173913044,225.380434782609,935.423913043478,2659.80434782609,648.217391304348,1201.17391304348,970.75,1966.3152173913,602.021739130435,387.195652173913,949.858695652174,1306.39130434783,286.423913043478,1667.67391304348,704.391304347826,945.934782608696,324.010869565217,649.413043478261,1000.25,412.565217391304,14027.4891304348,8886.94565217391,92,18.4970645315719,6.49286381063451,0.93636747081273,0.901960784313726,0.505494505494506,0.78315481087886,FAHNSCC_15,HN,1,FAHNSCC_15,dendritic cells,,carcinoma_in_situ_FAHNSCC_15_2
60610,69458,17328.9325153374,276.496932515337,97.0122699386503,611.196319018405,164.975460122699,4409.11656441718,651.171779141104,227.159509202454,964.40490797546,6361.31288343558,545.766871165644,180.828220858896,952.588957055215,5438.36196319018,540.447852760736,211.527607361963,1276.9018404908,3614.61349693252,616.460122699387,400.441717791411,975.981595092025,3554.26380368098,274.730061349693,2866.0981595092,807.59509202454,1491.1717791411,348.042944785276,144.466257668712,1025.71165644172,420.773006134969,14040.3435582822,9512.25766871166,163,19.8329453344407,12.0641602619818,0.793715710323049,0.795121951219512,0.626923076923077,-1.52023269218342,FAHNSCC_15,HN,1,FAHNSCC_15,stromal cells,,carcinoma_in_situ_FAHNSCC_15_2
60682,69548,13725.012345679,165.160493827161,76.641975308642,606.58024691358,188.530864197531,3091.3950617284,610.728395061728,211.827160493827,969.049382716049,4558.40740740741,527.802469135802,148.382716049383,955.925925925926,2537.98765432099,464.012345679012,151.654320987654,1272.0987654321,1895.13580246914,566.456790123457,413.222222222222,972.185185185185,1514.62962962963,270.037037037037,5275.40740740741,3512.67901234568,846.074074074074,291.382716049383,123.592592592593,1027.64197530864,416.481481481482,14579.2716049383,8958.50617283951,81,12.4232437723537,8.32595957247315,0.742187696721073,0.975903614457831,0.84375,0.14579708497307,FAHNSCC_15,HN,1,FAHNSCC_15,endothelial cells,,carcinoma_in_situ_FAHNSCC_15_2
60692,69561,4874.94915254237,231.0,107.186440677966,611.610169491525,302.050847457627,1279.44915254237,486.516949152542,191.398305084746,963.305084745763,2249.72033898305,447.254237288136,148.059322033898,945.745762711864,1824.32203389831,454.949152542373,133.06779661017,1254.63559322034,1664.5593220339,551.432203389831,386.296610169492,957.923728813559,1388.30508474576,269.983050847458,1700.96610169492,1299.78813559322,916.033898305085,272.483050847458,224.542372881356,1031.60169491525,411.754237288136,14729.2118644068,8748.43220338983,118,13.1118495756077,11.4610414361627,0.485749620297712,0.967213114754098,0.756410256410256,0.695917337484672,FAHNSCC_15,HN,1,FAHNSCC_15,stromal cells,,carcinoma_in_situ_FAHNSCC_15_2
60735,69611,4042.37053571429,114.15625,66.3035714285714,608.772321428571,21.2946428571429,970.959821428571,469.825892857143,217.026785714286,971.339285714286,1586.21428571429,419.129464285714,946.821428571429,961.549107142857,1645.76339285714,433.352678571429,161.995535714286,1017.55357142857,1238.69642857143,1084.125,421.459821428571,966.352678571429,949.754464285714,615.424107142857,5458.85267857143,582.008928571429,938.696428571429,342.276785714286,132.696428571429,1017.79464285714,421.674107142857,14655.8616071429,8333.83482142857,224,24.8594216853717,11.5873279393911,0.884724595146103,0.937238493723849,0.746666666666667,-0.109573217051756,FAHNSCC_15,HN,1,FAHNSCC_15,tumor cells,,carcinoma_in_situ_FAHNSCC_15_2
60819,69710,6245.125,179.125,84.3625,602.0875,363.6125,1362.35,881.1,191.5,966.675,2246.1875,424.3,699.0875,950.975,1611.9375,379.025,224.725,933.5375,1272.725,651.6375,403.4,958.2625,862.425,338.3125,1539.825,580.3125,750.9375,280.3,124.2125,968.9,410.5,14004.225,8325.4125,80,15.802852424432,6.58311136557971,0.909100247382388,0.909090909090909,0.666666666666667,-0.196315188082612,FAHNSCC_15,HN,1,FAHNSCC_15,tumor cells,,carcinoma_in_situ_FAHNSCC_15_2
60868,69772,14713.025974026,253.220779220779,91.9220779220779,612.415584415584,191.974025974026,3263.05194805195,673.272727272727,221.844155844156,962.961038961039,5398.83116883117,545.142857142857,158.051948051948,940.116883116883,4633.75324675325,487.779220779221,143.961038961039,3132.50649350649,3538.38961038961,578.337662337662,391.298701298701,971.636363636364,3846.37662337662,282.831168831169,7549.61038961039,1939.15584415584,1500.72727272727,340.779220779221,126.467532467532,1037.94805194805,420.545454545455,14297.8571428571,9154.19480519481,77,12.2287742295774,8.32871665091115,0.732213337632675,0.905882352941176,0.641666666666667,0.896923122849735,FAHNSCC_15,HN,1,FAHNSCC_15,effector CD8+ T cells,,carcinoma_in_situ_FAHNSCC_15_2
60900,69811,4973.12121212121,111.949494949495,62.8787878787879,602.151515151515,123.272727272727,1285.58585858586,1094.72727272727,171.909090909091,947.828282828283,2156.53535353535,963.969696969697,156.818181818182,930.424242424242,1890.67676767677,578.0,1082.53535353535,1078.9595959596,1880.26262626263,496.434343434343,378.989898989899,968.626262626263,1658.47474747475,327.171717171717,2788.16161616162,1018.24242424242,1026.72727272727,269.808080808081,165.737373737374,1197.78787878788,408.69696969697,14321.1111111111,8997.53535353535,99,12.852109037374,9.80103616575341,0.646868708450572,0.951923076923077,0.75,-0.508589647120963,FAHNSCC_15,HN,1,FAHNSCC_15,M2 macrophages,,carcinoma_in_situ_FAHNSCC_15_2
60973,69905,18564.1863636364,171.022727272727,72.6318181818182,612.909090909091,121.486363636364,5143.08181818182,600.404545454545,217.713636363636,954.922727272727,7641.89545454545,520.568181818182,161.118181818182,964.622727272727,5910.63181818182,405.431818181818,159.340909090909,1088.73636363636,3745.73181818182,650.859090909091,395.9,974.795454545454,3260.04545454545,283.563636363636,3856.13636363636,1430.95,1056.03181818182,289.459090909091,129.245454545455,1003.64090909091,412.513636363636,14622.5363636364,8824.32727272727,220,20.7936402445509,14.305708151321,0.725725108476808,0.876494023904383,0.647058823529412,1.49824277863306,FAHNSCC_15,HN,1,FAHNSCC_15,stromal cells,,carcinoma_in_situ_FAHNSCC_15_2
61019,69958,7057.176,208.368,87.984,610.648,179.28,1745.08,500.472,194.304,956.736,2817.344,479.728,179.648,962.72,2663.408,349.04,162.472,989.272,2004.008,532.968,506.432,987.0,1890.6,241.896,1258.304,662.976,1019.4,311.528,127.224,1004.816,418.016,14801.912,9019.96,125,18.2399142620896,8.79022318895386,0.876213903092699,0.932835820895522,0.668449197860963,-1.15937482937511,FAHNSCC_15,HN,1,FAHNSCC_15,stromal cells,,carcinoma_in_situ_FAHNSCC_15_2
61021,69960,11929.7093023256,144.186046511628,55.0813953488372,609.941860465116,115.906976744186,3097.81395348837,720.418604651163,212.220930232558,969.779069767442,4580.91860465116,629.03488372093,148.825581395349,955.848837209302,3573.3023255814,418.011627906977,169.372093023256,1286.10465116279,2238.59302325581,631.651162790698,396.825581395349,974.627906976744,1876.10465116279,277.697674418605,8976.43023255814,1100.45348837209,842.476744186047,305.697674418605,136.290697674419,1022.18604651163,407.872093023256,14571.988372093,9016.98837209303,86,12.2266823990941,8.96980485967863,0.679554089972265,0.934782608695652,0.735042735042735,-0.0377971026836238,FAHNSCC_15,HN,1,FAHNSCC_15,stromal cells,,carcinoma_in_situ_FAHNSCC_15_2
61041,69985,3523.7875,159.5,90.0625,606.0,141.575,804.7375,2683.05,173.8125,958.075,1669.775,608.525,2105.1125,944.8,1452.5625,686.9625,2337.4625,1130.0625,1488.975,2001.4625,383.1,951.275,1138.2,326.925,5716.8,615.8625,877.8625,282.7,338.7625,1018.0625,409.3875,13879.7125,8603.5375,80,10.7173821479226,9.48644927754269,0.465313160715917,0.952380952380952,0.8,-0.554068874110736,FAHNSCC_15,HN,1,FAHNSCC_15,tumor cells,,carcinoma_in_situ_FAHNSCC_15_2
61246,70224,5320.12345679012,212.271604938272,104.308641975309,617.666666666667,855.753086419753,1385.98765432099,643.728395061728,191.481481481482,996.925925925926,2462.95061728395,606.864197530864,187.296296296296,940.925925925926,2056.34567901235,576.493827160494,425.888888888889,1120.2962962963,1981.53086419753,570.493827160494,396.518518518519,951.679012345679,1649.82716049383,316.469135802469,2147.88888888889,692.172839506173,1207.12345679012,313.283950617284,135.086419753086,999.555555555556,416.061728395062,14604.4444444444,8653.01234567901,81,10.5780283012771,9.78303720100981,0.38034407861204,0.920454545454545,0.736363636363636,1.01971487272293,FAHNSCC_15,HN,1,FAHNSCC_15,stromal cells,,carcinoma_in_situ_FAHNSCC_15_2
61283,70267,6506.56485355649,156.397489539749,72.6150627615063,601.690376569038,34.7782426778243,1536.94560669456,450.47280334728,192.435146443515,945.757322175732,2448.73640167364,417.89539748954,939.702928870293,951.690376569038,2062.84937238494,384.962343096234,118.200836820084,1033.62343096234,1763.63179916318,1179.73221757322,383.301255230126,969.970711297071,1541.92468619247,494.251046025105,3215.17154811716,579.979079497908,1028.53974895397,312.0,119.050209205021,1020.94560669456,413.108786610879,14371.89958159,8855.33054393305,239,21.058912522393,14.5723470576358,0.721916635748968,0.937254901960784,0.711309523809524,-0.263125337817044,FAHNSCC_15,HN,1,FAHNSCC_15,tumor cells,,carcinoma_in_situ_FAHNSCC_15_2
61354,70355,7433.09523809524,181.968253968254,93.5873015873016,613.015873015873,61.6825396825397,2190.68253968254,627.507936507937,227.349206349206,956.31746031746,3340.80952380952,527.365079365079,183.857142857143,961.555555555556,3537.53968253968,474.68253968254,265.825396825397,1228.28571428571,1716.84126984127,680.730158730159,430.809523809524,958.063492063492,1381.50793650794,474.253968253968,4847.19047619048,1319.20634920635,962.730158730159,343.936507936508,138.68253968254,1043.8253968254,417.714285714286,14624.4761904762,8469.60317460318,63,10.85375109538,7.38837772832015,0.732542654677479,0.969230769230769,0.7875,-0.526125672568226,FAHNSCC_15,HN,1,FAHNSCC_15,stromal cells,,carcinoma_in_situ_FAHNSCC_15_2
61358,70360,4708.60740740741,117.074074074074,57.6888888888889,595.888888888889,21.0888888888889,1163.86666666667,365.688888888889,177.82962962963,944.851851851852,1888.77037037037,362.0,1741.8962962963,952.540740740741,1597.22222222222,404.57037037037,121.259259259259,979.2,1531.77777777778,1491.74814814815,380.822222222222,946.977777777778,1439.23703703704,477.933333333333,1767.83703703704,582.02962962963,966.711111111111,277.57037037037,114.637037037037,1005.42222222222,414.037037037037,13541.5185185185,9551.77037037037,135,15.1243339703882,11.4052370772784,0.65676137256344,0.957446808510638,0.818181818181818,-1.49856176950092,FAHNSCC_15,HN,1,FAHNSCC_15,tumor cells,,carcinoma_in_situ_FAHNSCC_15_2
61363,70368,12815.6965517241,397.834482758621,116.641379310345,623.041379310345,232.455172413793,3261.67586206897,645.462068965517,212.979310344828,954.475862068966,5209.66206896552,563.393103448276,148.420689655172,936.744827586207,3719.97931034483,451.365517241379,151.075862068966,1080.40689655172,3864.45517241379,572.668965517241,402.11724137931,961.234482758621,3691.07586206897,269.703448275862,1814.31724137931,613.737931034483,1801.62068965517,360.841379310345,132.234482758621,1012.68965517241,421.620689655173,14500.0068965517,9187.8,145,22.6418334662941,8.33954408802662,0.929697259573684,0.92948717948718,0.659090909090909,-1.33733502471183,FAHNSCC_15,HN,1,FAHNSCC_15,stromal cells,,carcinoma_in_situ_FAHNSCC_15_2
61405,70422,5849.01529636711,231.705544933078,99.4952198852772,608.491395793499,444.627151051625,1412.57552581262,444.409177820268,174.74569789675,944.567877629063,2317.6673040153,659.577437858509,152.116634799235,941.793499043977,2040.92351816444,405.162523900574,199.527724665392,1003.27342256214,2046.56978967495,521.76673040153,383.516252390057,953.908221797323,1777.88910133843,217.015296367113,1171.35564053537,611.95793499044,1034.20458891013,310.864244741874,165.428298279159,1004.51051625239,410.782026768642,14328.292543021,9662.0535372849,523,51.589423347866,13.1448607516881,0.966994409497893,0.922398589065256,0.495265151515152,-1.21200296424908,FAHNSCC_15,HN,1,FAHNSCC_15,stromal cells,,carcinoma_in_situ_FAHNSCC_15_2
61434,70461,12336.9583333333,202.791666666667,89.0208333333333,603.802083333333,71.46875,3405.10416666667,563.145833333333,226.229166666667,954.90625,4892.67708333333,535.333333333333,177.46875,939.010416666667,4241.91666666667,423.333333333333,154.708333333333,1151.1875,2397.39583333333,673.822916666667,420.09375,971.479166666667,2199.04166666667,340.25,6074.64583333333,1218.28125,1076.88541666667,346.666666666667,129.03125,1049.625,418.15625,14682.0729166667,8549.29166666667,96,13.3248708377318,9.30062560273288,0.71610757848426,0.941176470588235,0.727272727272727,1.038264951738,FAHNSCC_15,HN,1,FAHNSCC_15,stromal cells,,carcinoma_in_situ_FAHNSCC_15_2
61458,70491,8043.75362318841,143.942028985507,64.2463768115942,602.256038647343,83.5845410628019,2263.65217391304,471.821256038647,194.685990338164,946.6038647343,3420.01449275362,428.869565217391,153.347826086957,952.966183574879,2451.16425120773,350.937198067633,180.183574879227,1075.21256038647,2083.74396135266,559.091787439614,384.874396135266,948.835748792271,1779.85024154589,271.63768115942,2081.20289855072,1061.03381642512,1052.24637681159,291.782608695652,157.710144927536,1011.95169082126,414.830917874396,14683.5748792271,8743.63285024155,207,22.8072518804295,12.2548685010749,0.843376333751358,0.896103896103896,0.588068181818182,-1.15326041778409,FAHNSCC_15,HN,1,FAHNSCC_15,stromal cells,,carcinoma_in_situ_FAHNSCC_15_2
61464,70498,3555.11607142857,145.616071428571,76.2767857142857,598.008928571429,14.7142857142857,948.678571428571,388.8125,181.642857142857,933.446428571429,1682.91071428571,355.089285714286,3137.01785714286,945.348214285714,1471.92857142857,402.883928571429,120.946428571429,958.526785714286,1486.36607142857,1724.10714285714,382.839285714286,944.339285714286,1211.85714285714,323.803571428571,2208.16964285714,575.232142857143,959.544642857143,284.455357142857,114.339285714286,995.955357142857,410.3125,13437.2857142857,8866.6875,112,13.540935119245,10.5925929344986,0.622946419196162,0.925619834710744,0.666666666666667,-0.421672816503797,FAHNSCC_15,HN,1,FAHNSCC_15,tumor cells,,carcinoma_in_situ_FAHNSCC_15_2
61531,70582,4626.51376146789,158.128440366972,77.8348623853211,604.798165137615,18.6880733944954,748.596330275229,306.119266055046,181.449541284404,986.770642201835,1820.11009174312,407.495412844037,1554.77064220183,950.752293577982,1596.21100917431,388.660550458716,129.064220183486,1042.65137614679,1222.81651376147,1724.22935779817,390.064220183486,953.403669724771,906.825688073394,334.211009174312,2596.29357798165,572.192660550459,834.844036697248,273.926605504587,112.330275229358,1002.36697247706,413.724770642202,13267.0733944954,8757.90825688073,109,15.3346561400244,9.0869366876532,0.805515146354081,0.931623931623932,0.726666666666667,1.26108404369515,FAHNSCC_15,HN,1,FAHNSCC_15,tumor cells,,carcinoma_in_situ_FAHNSCC_15_2
61571,70640,3032.70289855072,93.7173913043478,66.1014492753623,595.101449275362,19.7463768115942,725.492753623188,329.463768115942,179.289855072464,935.978260869565,1217.78260869565,370.884057971015,1941.89130434783,952.775362318841,1035.19565217391,403.702898550725,131.847826086957,1011.36956521739,905.260869565217,1998.63043478261,382.833333333333,973.449275362319,721.398550724638,357.239130434783,2543.28260869565,579.913043478261,734.239130434783,279.463768115942,114.144927536232,1025.55797101449,404.833333333333,13474.384057971,9585.38405797101,138,15.4140317295139,11.4363043993114,0.670465012251519,0.971830985915493,0.821428571428571,-1.18166277256176,FAHNSCC_15,HN,1,FAHNSCC_15,tumor cells,,carcinoma_in_situ_FAHNSCC_15_2
61601,70673,3663.86138613861,181.039603960396,79.2772277227723,606.168316831683,8.96039603960396,788.386138613861,489.29702970297,222.356435643564,958.069306930693,1380.0099009901,430.623762376238,2712.52475247525,953.851485148515,1361.11881188119,410.940594059406,148.514851485149,918.752475247525,1183.40594059406,1001.12871287129,493.643564356436,1069.64356435644,850.455445544554,345.653465346535,1635.27722772277,572.19801980198,1082.63366336634,422.623762376238,132.811881188119,984.287128712871,422.445544554455,14210.2376237624,8060.95049504951,101,15.8128992532257,8.14349404244233,0.85719584111898,0.926605504587156,0.673333333333333,0.324176716944787,FAHNSCC_15,HN,1,FAHNSCC_15,tumor cells,,carcinoma_in_situ_FAHNSCC_15_2
61759,70872,10486.4102564103,267.205128205128,110.49358974359,604.871794871795,347.115384615385,2707.39743589744,540.185897435898,199.961538461538,953.346153846154,4239.98076923077,500.096153846154,136.634615384615,942.833333333333,2714.0,437.173076923077,131.294871794872,1070.89102564103,3100.50641025641,569.301282051282,397.070512820513,940.435897435898,2839.13461538462,258.955128205128,2520.30769230769,663.25641025641,1610.89102564103,359.025641025641,144.602564102564,1019.23076923077,419.083333333333,14737.8205128205,9118.57692307692,156,25.3520445363689,8.01582537845556,0.948699009213072,0.906976744186046,0.521739130434783,-1.1395202216933,FAHNSCC_15,HN,1,FAHNSCC_15,stromal cells,,carcinoma_in_situ_FAHNSCC_15_2
61762,70875,7851.62871287129,180.044554455446,78.8316831683168,615.950495049505,66.0643564356436,1975.40594059406,529.905940594059,202.059405940594,954.594059405941,3034.9801980198,503.495049504951,153.415841584158,947.915841584158,2507.01485148515,515.331683168317,331.212871287129,1272.61386138614,2196.44059405941,622.831683168317,384.787128712871,955.623762376238,2100.87623762376,275.559405940594,4365.74752475248,902.108910891089,1120.10396039604,312.282178217822,145.113861386139,1014.9702970297,413.366336633663,14608.4405940594,8838.39603960396,202,17.14925394719,15.0908285299324,0.475029311643788,0.93953488372093,0.7890625,-0.96815552925476,FAHNSCC_15,HN,1,FAHNSCC_15,stromal cells,,carcinoma_in_situ_FAHNSCC_15_2
61788,70908,4423.82203389831,181.584745762712,86.6779661016949,598.186440677966,36.635593220339,1035.55084745763,445.991525423729,192.194915254237,946.076271186441,1771.01694915254,434.169491525424,1372.12711864407,949.228813559322,1559.5,412.398305084746,133.084745762712,1033.69491525424,1316.74576271186,1570.53389830509,385.254237288136,970.56779661017,1029.80508474576,392.915254237288,1994.01694915254,569.135593220339,863.559322033898,304.754237288136,119.457627118644,1019.27966101695,411.677966101695,13571.1271186441,8927.68644067797,118,13.2770404011157,11.5299344349873,0.495844213808833,0.929133858267717,0.756410256410256,-0.281491775559009,FAHNSCC_15,HN,1,FAHNSCC_15,tumor cells,,carcinoma_in_situ_FAHNSCC_15_2
61799,70921,7131.94285714286,141.442857142857,74.7571428571429,609.935714285714,169.707142857143,2017.58571428571,428.564285714286,178.907142857143,951.064285714286,3303.84285714286,426.7,130.878571428571,942.814285714286,2516.56428571429,351.585714285714,546.6,1017.50714285714,2436.11428571429,507.6,384.892857142857,945.192857142857,2305.62142857143,238.914285714286,943.514285714286,646.435714285714,1343.72142857143,308.364285714286,176.321428571429,1004.89285714286,417.235714285714,14733.6214285714,9074.80714285714,140,19.9240798358331,9.0538086382811,0.890789900837246,0.96551724137931,0.588235294117647,-0.937036163953746,FAHNSCC_15,HN,1,FAHNSCC_15,stromal cells,,carcinoma_in_situ_FAHNSCC_15_2
61822,70951,17399.4485981308,193.172897196262,84.9018691588785,606.906542056075,21.0467289719626,4581.32242990654,577.836448598131,234.588785046729,954.869158878505,6821.63551401869,483.214953271028,854.252336448598,995.621495327103,6654.11214953271,399.457943925234,161.892523364486,1016.92523364486,3700.28971962617,770.728971962617,402.308411214953,960.303738317757,3381.31775700935,10768.8738317757,3450.26635514019,585.892523364486,1595.97663551402,375.710280373832,129.028037383178,1035.41121495327,419.775700934579,14768.4252336449,8520.9953271028,214,21.0169635615828,13.2929351930652,0.774571792112863,0.899159663865546,0.703947368421053,-0.480371826723482,FAHNSCC_15,HN,1,FAHNSCC_15,Ki67+ tumor cells,,carcinoma_in_situ_FAHNSCC_15_2
61834,70967,9903.59504132232,189.98347107438,73.6694214876033,607.933884297521,151.735537190083,2350.0826446281,498.148760330579,185.512396694215,949.446280991736,3479.22314049587,468.942148760331,137.04958677686,943.380165289256,1815.21487603306,369.719008264463,129.96694214876,1239.76859504132,2270.62809917355,528.297520661157,379.785123966942,953.809917355372,1784.01652892562,217.809917355372,1592.47933884298,598.355371900826,1143.45454545455,315.942148760331,145.198347107438,1015.19834710744,413.892561983471,14680.4049586777,9345.70247933885,121,19.5381105200098,8.84432451443892,0.89167791226895,0.790849673202614,0.420138888888889,-0.969893205290633,FAHNSCC_15,HN,1,FAHNSCC_15,stromal cells,,carcinoma_in_situ_FAHNSCC_15_2
61866,71013,8537.7816091954,275.850574712644,107.011494252874,596.172413793104,8.19540229885057,2012.96551724138,580.655172413793,262.206896551724,958.32183908046,3129.59770114943,461.011494252874,565.264367816092,954.172413793104,3355.35632183908,436.908045977012,159.448275862069,934.183908045977,2252.65517241379,881.804597701149,441.287356321839,1015.66666666667,1853.14942528736,351.724137931035,1220.75862068966,576.425287356322,1342.62068965517,432.689655172414,132.896551724138,971.091954022988,421.551724137931,14188.7011494253,8075.47126436782,87,14.2182586426101,8.89963597188014,0.77987916829715,0.783783783783784,0.659090909090909,1.29662675969968,FAHNSCC_15,HN,1,FAHNSCC_15,tumor cells,,carcinoma_in_situ_FAHNSCC_15_2
61877,71027,7082.66666666667,142.344444444444,65.6111111111111,595.433333333333,69.0555555555556,1817.81111111111,998.633333333333,176.966666666667,940.455555555556,2909.67777777778,524.677777777778,226.688888888889,941.166666666667,2129.01111111111,443.244444444444,785.7,895.311111111111,2666.6,528.222222222222,383.155555555556,963.244444444444,2499.23333333333,254.233333333333,1280.2,634.133333333333,1433.75555555556,311.744444444444,331.344444444444,1011.27777777778,417.711111111111,13665.7666666667,9373.24444444445,90,12.7852786236358,8.97642226551536,0.712087756741252,0.927835051546392,0.769230769230769,0.121590550944084,FAHNSCC_15,HN,1,FAHNSCC_15,stromal cells,,carcinoma_in_situ_FAHNSCC_15_2
61944,71117,5202.52513966481,119.279329608939,63.3240223463687,600.731843575419,19.927374301676,1351.79329608939,436.402234636872,188.536312849162,947.525139664804,2109.02234636872,420.86592178771,743.564245810056,962.877094972067,1800.96089385475,420.782122905028,131.324022346369,1024.62569832402,1309.97206703911,1558.02793296089,382.765363128492,950.262569832402,1241.38547486034,1176.28491620112,2905.15083798883,579.59217877095,905.106145251397,301.31843575419,118.290502793296,1011.98324022346,413.737430167598,14124.6368715084,9061.8938547486,179,19.0387982983777,12.0304322534344,0.775057823549727,0.942105263157895,0.662962962962963,0.941537717282141,FAHNSCC_15,HN,1,FAHNSCC_15,Ki67+ tumor cells,,carcinoma_in_situ_FAHNSCC_15_2
61997,71182,4176.48387096774,118.118279569892,76.8279569892473,599.956989247312,12.8064516129032,713.741935483871,282.021505376344,172.258064516129,939.612903225806,1829.64516129032,413.41935483871,1222.33333333333,959.344086021505,1540.09677419355,359.763440860215,126.827956989247,991.806451612903,1330.44086021505,1591.69892473118,395.795698924731,953.731182795699,1032.52688172043,578.924731182796,1324.86021505376,574.881720430108,897.548387096774,305.688172043011,118.279569892473,1016.90322580645,411.881720430108,13101.3333333333,8684.16129032258,93,13.8048184154697,8.9302355332801,0.762581079353489,0.920792079207921,0.715384615384615,1.26865109555716,FAHNSCC_15,HN,1,FAHNSCC_15,tumor cells,,carcinoma_in_situ_FAHNSCC_15_2
62011,71202,16806.8444444444,266.237037037037,89.3185185185185,602.651851851852,247.866666666667,3743.35555555556,529.881481481482,202.533333333333,941.155555555556,5880.11111111111,426.02962962963,234.407407407407,947.57037037037,4443.11111111111,366.444444444444,126.725925925926,984.992592592593,3930.76296296296,616.022222222222,398.925925925926,953.77037037037,3331.32592592593,343.644444444444,1426.73333333333,574.081481481481,1896.23703703704,347.785185185185,125.525925925926,984.674074074074,419.281481481482,13403.9851851852,8708.81481481482,135,22.6721878510033,8.03863729397063,0.93503349283402,0.849056603773585,0.441176470588235,0.84004442955785,FAHNSCC_15,HN,1,FAHNSCC_15,stromal cells,,carcinoma_in_situ_FAHNSCC_15_2
62043,71237,5263.06493506494,167.857142857143,93.6623376623377,599.558441558442,86.9350649350649,1340.55844155844,483.883116883117,208.181818181818,954.805194805195,2187.50649350649,474.441558441558,171.350649350649,925.25974025974,1912.81818181818,421.818181818182,146.519480519481,1287.45454545455,1708.87012987013,590.532467532468,394.935064935065,949.532467532468,1636.02597402597,281.246753246753,11464.3506493507,1139.46753246753,1019.90909090909,377.584415584416,130.675324675325,1036.23376623377,414.818181818182,14223.961038961,9179.90909090909,77,10.7913379167605,9.10335249459985,0.537004155429627,0.905882352941176,0.777777777777778,-0.0202559211297367,FAHNSCC_15,HN,1,FAHNSCC_15,stromal cells,,carcinoma_in_situ_FAHNSCC_15_2
62082,71288,8678.44827586207,87.6551724137931,50.5172413793103,601.344827586207,67.6379310344828,2264.10344827586,814.793103448276,203.293103448276,968.689655172414,3748.44827586207,600.189655172414,157.258620689655,954.293103448276,2580.91379310345,492.689655172414,436.913793103448,1274.43103448276,2609.72413793103,638.241379310345,402.01724137931,961.913793103448,2351.37931034483,309.586206896552,6003.18965517241,1147.65517241379,933.48275862069,306.51724137931,182.775862068966,1028.79310344828,425.051724137931,14759.3620689655,8710.3275862069,58,8.84430659269707,8.34792622664911,0.330300818704001,0.950819672131148,0.805555555555556,-1.30354964654122,FAHNSCC_15,HN,1,FAHNSCC_15,stromal cells,,carcinoma_in_situ_FAHNSCC_15_2
62125,71344,3528.87142857143,172.957142857143,90.6,597.1,12.5285714285714,631.185714285714,320.257142857143,185.257142857143,981.485714285714,1530.11428571429,376.885714285714,2306.5,949.5,1254.31428571429,360.514285714286,123.528571428571,1022.95714285714,1172.14285714286,831.042857142857,394.771428571429,945.457142857143,823.357142857143,348.957142857143,1067.18571428571,572.9,845.985714285714,301.642857142857,116.6,1001.87142857143,412.071428571429,13141.1571428571,8686.47142857143,70,10.4307528171824,8.61509163213639,0.563769877241296,0.933333333333333,0.777777777777778,-0.0608657483913653,FAHNSCC_15,HN,1,FAHNSCC_15,tumor cells,,carcinoma_in_situ_FAHNSCC_15_2
62162,71396,5346.3743315508,391.705882352941,85.3262032085562,616.368983957219,360.048128342246,1184.32085561497,576.668449197861,176.871657754011,977.256684491979,1966.53475935829,675.887700534759,157.262032085562,952.267379679144,1690.66844919786,465.732620320856,228.449197860963,1102.17112299465,1550.69518716578,522.122994652406,386.026737967914,967.668449197861,1325.5614973262,230.401069518717,1103.52406417112,735.24064171123,881.909090909091,306.577540106952,159.181818181818,1021.82887700535,410.379679144385,14086.550802139,9512.83957219251,187,24.9852569087786,9.5475393655335,0.924109849545348,0.925742574257426,0.708333333333333,-1.38011696675255,FAHNSCC_15,HN,1,FAHNSCC_15,stromal cells,,carcinoma_in_situ_FAHNSCC_15_2
62189,71434,5166.90804597701,174.275862068966,69.264367816092,597.459770114943,94.9540229885057,1403.02298850575,688.011494252874,188.942528735632,946.816091954023,2478.6091954023,411.931034482759,258.034482758621,949.045977011494,3004.0,381.057471264368,194.32183908046,906.32183908046,1636.80459770115,622.574712643678,399.379310344828,972.310344827586,1457.01149425287,439.919540229885,869.459770114943,642.149425287356,1029.32183908046,304.632183908046,125.218390804598,967.528735632184,418.747126436782,14023.3793103448,8441.33333333333,87,11.2798531540078,9.85387775175846,0.486676815717069,0.945652173913044,0.725,-0.200622226617114,FAHNSCC_15,HN,1,FAHNSCC_15,stromal cells,,carcinoma_in_situ_FAHNSCC_15_2
62200,71447,4146.78481012658,204.050632911392,80.0126582278481,604.240506329114,159.20253164557,959.569620253164,1195.10126582278,188.556962025317,951.278481012658,1728.46835443038,535.151898734177,184.227848101266,947.316455696202,1413.16455696203,508.417721518987,1294.43037974684,1200.86075949367,1449.77215189873,521.455696202532,389.240506329114,960.822784810127,1472.06329113924,250.746835443038,5850.13924050633,1015.35443037975,841.050632911392,333.088607594937,324.405063291139,1038.12658227848,412.810126582279,13811.582278481,9622.92405063291,79,11.6087434098516,8.76549690102481,0.655635947750394,0.94047619047619,0.797979797979798,1.28861631668429,FAHNSCC_15,HN,1,FAHNSCC_15,dendritic cells,,carcinoma_in_situ_FAHNSCC_15_2
62243,71499,8353.17582417582,74.5054945054945,49.1648351648352,600.648351648352,40.3296703296703,2110.96703296703,444.318681318681,175.428571428571,947.021978021978,3406.52747252747,384.967032967033,133.736263736264,928.791208791209,2537.67032967033,289.21978021978,114.571428571429,1097.84615384615,2448.25274725275,493.879120879121,378.197802197802,963.725274725275,2353.43956043956,236.197802197802,3405.35164835165,908.428571428571,1169.49450549451,286.901098901099,119.494505494505,1016.51648351648,412.802197802198,14494.1758241758,9039.34065934066,91,12.7500407153387,9.10062188306639,0.700378149281241,0.928571428571429,0.758333333333333,-0.494467977002996,FAHNSCC_15,HN,1,FAHNSCC_15,stromal cells,,carcinoma_in_situ_FAHNSCC_15_2
62245,71502,9493.13953488372,196.848837209302,92.6395348837209,602.767441860465,229.093023255814,2232.5,496.569767441861,201.779069767442,948.139534883721,3504.86046511628,426.825581395349,177.790697674419,953.023255813954,2616.31395348837,436.604651162791,134.627906976744,962.197674418605,2691.68604651163,564.662790697674,381.616279069767,953.511627906977,2484.12790697674,257.383720930233,998.151162790698,1107.25581395349,1363.33720930233,344.604651162791,130.93023255814,1016.52325581395,419.441860465116,13692.4651162791,9475.97674418605,86,12.1768648177279,9.05143071787096,0.668924728355636,0.945054945054945,0.781818181818182,0.597990738392153,FAHNSCC_15,HN,1,FAHNSCC_15,stromal cells,,carcinoma_in_situ_FAHNSCC_15_2
62251,71509,6336.4,364.018181818182,107.545454545455,603.090909090909,330.2,1385.65454545455,525.727272727273,194.036363636364,947.054545454545,2026.92727272727,453.018181818182,159.454545454545,937.963636363636,1596.10909090909,431.254545454546,156.527272727273,951.090909090909,1135.18181818182,535.072727272727,388.109090909091,932.6,834.690909090909,239.618181818182,1925.6,1090.67272727273,784.872727272727,328.581818181818,137.636363636364,1028.56363636364,409.745454545455,14252.0727272727,9650.43636363636,55,10.4238325156978,6.68741855459572,0.767080513225805,0.932203389830508,0.763888888888889,-0.905259002781603,FAHNSCC_15,HN,1,FAHNSCC_15,stromal cells,,carcinoma_in_situ_FAHNSCC_15_2
62269,71534,5094.41666666667,170.3,67.4,593.566666666667,156.883333333333,1180.25,372.366666666667,167.25,943.583333333333,1836.2,367.35,139.033333333333,942.0,1135.06666666667,321.733333333333,125.183333333333,1168.18333333333,923.066666666667,438.666666666667,363.783333333333,963.15,619.05,179.566666666667,1294.53333333333,620.15,666.533333333333,237.866666666667,113.6,980.383333333333,411.933333333333,14442.3,9473.58333333333,60,11.8397818528468,6.56265606030734,0.832324547475696,0.952380952380952,0.681818181818182,-1.07941850505343,FAHNSCC_15,HN,1,FAHNSCC_15,stromal cells,,carcinoma_in_situ_FAHNSCC_15_2
62278,71544,6727.91333333333,267.193333333333,96.3533333333333,610.76,494.68,1679.98,462.593333333333,190.426666666667,948.506666666667,2787.92666666667,409.193333333333,207.72,934.32,2202.23333333333,436.746666666667,138.326666666667,955.753333333333,2427.57333333333,544.373333333333,384.7,950.873333333333,2032.02,238.96,1037.74,592.286666666667,1077.12,306.973333333333,125.693333333333,1001.16,410.746666666667,14014.74,9577.34666666667,150,21.6494489400112,8.87713821093659,0.912067578533619,0.925925925925926,0.56390977443609,-1.02987489147706,FAHNSCC_15,HN,1,FAHNSCC_15,stromal cells,,carcinoma_in_situ_FAHNSCC_15_2
62298,71569,5692.98305084746,152.491525423729,72.6271186440678,599.423728813559,329.983050847458,1472.71186440678,504.796610169492,167.101694915254,938.35593220339,2444.54237288136,357.135593220339,140.677966101695,954.762711864407,2028.03389830509,389.440677966102,158.271186440678,1058.81355932203,1236.13559322034,478.779661016949,376.203389830508,938.627118644068,891.525423728814,191.271186440678,975.220338983051,607.423728813559,695.033898305085,268.745762711864,119.542372881356,981.576271186441,407.338983050847,14329.5084745763,9571.33898305085,59,9.96531016811807,7.85927135650714,0.614825732538532,0.921875,0.655555555555556,0.606514404476832,FAHNSCC_15,HN,1,FAHNSCC_15,stromal cells,,carcinoma_in_situ_FAHNSCC_15_2
62396,71704,5920.62032085562,109.967914438503,88.7219251336898,609.090909090909,21.1978609625669,1364.73796791444,424.68449197861,188.614973262032,945.465240641711,2375.46524064171,443.582887700535,1601.92513368984,960.491978609626,2380.21390374332,362.941176470588,118.791443850267,1030.44919786096,1874.04812834225,1890.59893048128,383.106951871658,947.529411764706,1618.92513368984,2228.69518716578,6619.45454545455,577.68449197861,1084.3422459893,305.75935828877,121.491978609626,1031.57754010695,415.390374331551,14334.1016042781,8751.17112299465,187,19.0011922307746,12.5740640179651,0.749723410354235,0.958974358974359,0.742063492063492,-0.411343437392071,FAHNSCC_15,HN,1,FAHNSCC_15,Ki67+ tumor cells,,carcinoma_in_situ_FAHNSCC_15_2
62427,71739,7233.82320441989,98.2044198895028,58.9944751381215,601.342541436464,108.972375690608,1696.65193370166,561.988950276243,189.237569060773,951.419889502762,2944.31491712707,452.165745856354,146.005524861878,954.436464088398,3285.21546961326,444.116022099448,153.232044198895,1213.03314917127,2112.44751381215,541.795580110497,383.359116022099,963.900552486188,2382.22651933702,257.67955801105,5659.14917127072,1242.48066298343,1073.93370165746,311.817679558011,122.817679558011,1011.48066298343,415.596685082873,14436.5524861878,9142.93370165746,181,16.2197272722186,14.2584459343119,0.476673344481884,0.962765957446808,0.804444444444444,0.602045295090006,FAHNSCC_15,HN,1,FAHNSCC_15,stromal cells,,carcinoma_in_situ_FAHNSCC_15_2
62472,71803,8248.0,228.0,74.752688172043,606.462365591398,137.838709677419,2118.2688172043,4252.16129032258,185.634408602151,978.064516129032,3344.50537634409,1202.06451612903,156.430107526882,939.075268817204,3603.40860215054,453.387096774194,438.440860215054,1010.43010752688,2796.8064516129,516.225806451613,386.440860215054,961.215053763441,3173.83870967742,262.688172043011,1982.97849462366,647.666666666667,1664.90322580645,291.408602150538,135.10752688172,991.63440860215,411.129032258065,14402.311827957,8966.05376344086,93,13.905916974081,8.5880510587871,0.786506101550341,0.939393939393939,0.715384615384615,-0.492177501114273,FAHNSCC_15,HN,1,FAHNSCC_15,M2 macrophages,,carcinoma_in_situ_FAHNSCC_15_2
62490,71828,12732.5645933014,162.784688995215,78.7799043062201,613.488038277512,29.1004784688995,3333.52631578947,511.392344497608,213.966507177034,960.200956937799,5166.11004784689,432.090909090909,1309.39234449761,981.717703349282,2837.23923444976,379.612440191388,128.277511961723,956.540669856459,3125.91387559809,749.33971291866,404.708133971292,961.253588516746,2686.02392344498,3967.96650717703,3546.70813397129,589.578947368421,1334.11483253589,334.272727272727,120.976076555024,1021.84688995215,419.784688995215,14755.7033492823,8515.25837320574,209,21.0403815383937,12.7663354561332,0.794889674885119,0.937219730941704,0.730769230769231,-0.0487882737720041,FAHNSCC_15,HN,1,FAHNSCC_15,Ki67+ tumor cells,,carcinoma_in_situ_FAHNSCC_15_2
62607,71976,9597.24899598394,214.55421686747,81.285140562249,604.887550200803,225.911646586345,2344.97991967872,420.020080321285,185.598393574297,950.4859437751,3593.17269076305,391.377510040161,151.618473895582,950.060240963855,2087.73092369478,369.453815261044,132.574297188755,1003.22088353414,2205.77108433735,510.481927710843,379.522088353414,946.273092369478,1679.37751004016,217.995983935743,765.032128514056,599.032128514056,892.871485943775,282.666666666667,115.935742971888,996.152610441767,411.261044176707,14299.0562248996,9342.5702811245,249,32.6816465730518,9.87661048814309,0.953242439685734,0.905454545454545,0.468045112781955,-1.04377012251115,FAHNSCC_15,HN,1,FAHNSCC_15,stromal cells,,carcinoma_in_situ_FAHNSCC_15_2
62665,72058,2633.86285714286,171.2,81.0514285714286,603.08,20.0285714285714,688.634285714286,384.868571428571,173.794285714286,946.577142857143,1356.04,384.114285714286,3084.99428571429,944.491428571429,1310.37714285714,379.28,112.034285714286,1023.50857142857,1264.50857142857,1879.05142857143,380.805714285714,946.902857142857,1025.76571428571,272.605714285714,2455.81142857143,578.011428571429,927.691428571429,281.805714285714,120.708571428571,1001.80571428571,410.148571428571,14184.7771428571,8876.24571428572,175,15.578076972971,14.3442375355839,0.390043522647494,0.951086956521739,0.777777777777778,-0.319511843647398,FAHNSCC_15,HN,1,FAHNSCC_15,tumor cells,,carcinoma_in_situ_FAHNSCC_15_2
62674,72068,9158.73255813953,213.779069767442,79.453488372093,605.872093023256,212.941860465116,2534.98837209302,464.383720930233,191.651162790698,1009.6511627907,4139.54651162791,479.476744186047,155.337209302326,946.697674418605,3608.63953488372,557.779069767442,181.03488372093,1122.11627906977,3031.97674418605,547.779069767442,390.453488372093,960.139534883721,2986.47674418605,255.116279069767,1652.23255813953,622.686046511628,1614.77906976744,381.209302325581,156.348837209302,1041.58139534884,420.558139534884,14361.6744186047,9246.33720930233,86,12.4909986239899,9.54275593322593,0.645251032887171,0.83495145631068,0.637037037037037,1.42124815404687,FAHNSCC_15,HN,1,FAHNSCC_15,stromal cells,,carcinoma_in_situ_FAHNSCC_15_2
62678,72076,3643.48598130841,153.915887850467,79.4205607476636,604.177570093458,16.4953271028037,886.588785046729,421.177570093458,187.738317757009,941.130841121495,1646.27102803738,419.046728971963,1923.46728971963,950.570093457944,1695.40186915888,431.542056074766,123.448598130841,1035.56074766355,1527.69158878505,2312.57943925234,390.401869158879,1003.55140186916,1278.68224299065,1837.43925233645,2050.76635514019,576.140186915888,991.579439252336,313.299065420561,124.056074766355,1024.52336448598,412.392523364486,13934.7570093458,8947.17757009346,107,12.2191141474596,11.1995962338493,0.399888759316526,0.981651376146789,0.810606060606061,-0.208832841850004,FAHNSCC_15,HN,1,FAHNSCC_15,Ki67+ tumor cells,,carcinoma_in_situ_FAHNSCC_15_2
62749,72167,5855.08771929825,105.526315789474,50.4736842105263,594.315789473684,150.228070175439,1539.61403508772,1672.71929824561,177.526315789474,969.140350877193,2382.28070175439,566.736842105263,159.263157894737,929.59649122807,2259.40350877193,466.21052631579,165.947368421053,1163.54385964912,2146.0350877193,531.947368421053,375.543859649123,957.157894736842,2217.82456140351,236.491228070175,5028.01754385965,707.701754385965,1106.14035087719,312.964912280702,119.684210526316,1008.57894736842,417.964912280702,14007.7192982456,9642.49122807018,57,9.38255278554855,7.71672739850655,0.56883018750741,0.966101694915254,0.791666666666667,-0.911200093255982,FAHNSCC_15,HN,1,FAHNSCC_15,M2 macrophages,,carcinoma_in_situ_FAHNSCC_15_2
62819,72263,3210.0,147.15625,79.7734375,593.4765625,9.2265625,790.5,439.9609375,200.671875,944.15625,1481.46875,361.5859375,4320.625,940.6640625,1804.0625,351.4375,119.2265625,904.1171875,1522.453125,846.2421875,409.7578125,944.5,1330.1171875,346.8515625,1752.6875,572.3671875,1189.5,344.8984375,119.0234375,986.578125,420.3671875,14126.90625,8308.1015625,128,15.0273191521614,10.8512218222919,0.691789059582891,0.941176470588235,0.775757575757576,-0.16341419676515,FAHNSCC_15,HN,1,FAHNSCC_15,tumor cells,,carcinoma_in_situ_FAHNSCC_15_2
62830,72277,14075.0,323.333333333333,105.944444444444,619.962962962963,655.685185185185,3226.74074074074,529.185185185185,205.111111111111,954.111111111111,5084.35185185185,443.185185185185,245.833333333333,939.222222222222,4143.72222222222,453.111111111111,257.240740740741,942.259259259259,3233.25925925926,570.962962962963,398.388888888889,946.814814814815,2887.37037037037,374.37037037037,1151.18518518519,675.222222222222,1595.90740740741,363.481481481482,141.055555555556,994.462962962963,427.925925925926,14130.1666666667,9472.88888888889,54,10.6924763561328,6.59905240041467,0.786831540441228,0.84375,0.6,-1.01566191055782,FAHNSCC_15,HN,1,FAHNSCC_15,stromal cells,,carcinoma_in_situ_FAHNSCC_15_2
62840,72290,8805.87804878049,255.934959349594,77.1951219512195,606.390243902439,67.6341463414634,2284.87804878049,1213.0487804878,195.317073170732,955.642276422764,3679.51219512195,474.170731707317,196.60162601626,939.926829268293,3077.89430894309,502.19512195122,1306.13821138211,1021.9918699187,3190.34146341463,577.382113821138,403.926829268293,959.90243902439,3009.08943089431,349.585365853659,2893.23577235772,698.959349593496,1696.30081300813,334.617886178862,240.560975609756,1023.87804878049,422.325203252033,14057.5853658537,9431.26829268293,123,18.4001073081063,8.66571333679686,0.882154600895938,0.917910447761194,0.657754010695187,-1.09870201303074,FAHNSCC_15,HN,1,FAHNSCC_15,other APCs,,carcinoma_in_situ_FAHNSCC_15_2
62873,72331,6829.47222222222,258.930555555556,96.2083333333333,602.847222222222,279.722222222222,1289.91666666667,477.555555555556,181.055555555556,944.972222222222,2052.41666666667,386.0,188.555555555556,942.166666666667,1206.08333333333,311.708333333333,112.819444444444,990.541666666667,1130.02777777778,506.777777777778,394.055555555556,966.791666666667,761.694444444445,251.486111111111,1214.58333333333,590.166666666667,766.333333333333,291.722222222222,119.194444444444,965.694444444444,407.916666666667,14304.375,8965.52777777778,72,13.4098862470044,6.88971412461687,0.857922742435061,0.9,0.692307692307692,-0.266364518098988,FAHNSCC_15,HN,1,FAHNSCC_15,stromal cells,,carcinoma_in_situ_FAHNSCC_15_2
62899,72364,2333.42441860465,204.616279069767,83.8255813953488,592.5,17.2790697674419,621.308139534884,396.645348837209,175.53488372093,947.575581395349,1211.01744186047,346.517441860465,2271.95348837209,934.197674418605,1053.29651162791,379.325581395349,129.697674418605,1030.06976744186,1147.66860465116,1509.98255813953,379.313953488372,939.31976744186,929.720930232558,454.767441860465,4473.26162790698,584.348837209302,844.220930232558,287.046511627907,115.709302325581,1004.30813953488,412.941860465116,14038.226744186,9147.51162790698,172,17.3724233685473,12.6298721704397,0.686630122058256,0.971751412429379,0.764444444444445,0.856631856201693,FAHNSCC_15,HN,1,FAHNSCC_15,tumor cells,,carcinoma_in_situ_FAHNSCC_15_2
62911,72380,7480.07692307692,176.858974358974,87.1410256410256,600.371794871795,241.576923076923,1943.73076923077,456.48717948718,190.102564102564,944.230769230769,2796.42307692308,423.179487179487,253.692307692308,947.025641025641,2415.0,359.128205128205,136.384615384615,1071.53846153846,1532.10256410256,599.038461538462,378.448717948718,955.307692307692,1146.62820512821,301.48717948718,1706.16666666667,574.320512820513,854.089743589744,288.884615384615,117.282051282051,984.448717948718,415.397435897436,14337.9230769231,8791.07692307692,78,13.5840067985256,7.29617215626804,0.843509103494844,0.975,0.857142857142857,0.125462537351446,FAHNSCC_15,HN,1,FAHNSCC_15,stromal cells,,carcinoma_in_situ_FAHNSCC_15_2
62921,72394,11530.7783505155,383.561855670103,99.7680412371134,604.396907216495,164.530927835052,3140.5206185567,3933.61340206186,208.216494845361,966.29381443299,4530.27319587629,1795.85567010309,261.505154639175,956.118556701031,3430.44329896907,632.690721649485,789.603092783505,1126.48969072165,2766.9587628866,595.020618556701,410.170103092784,983.587628865979,2564.38144329897,253.654639175258,2756.55154639175,734.103092783505,1221.29896907217,345.458762886598,489.654639175258,1020.09793814433,414.262886597938,13627.2164948454,9675.5824742268,194,23.8722197939737,11.7719139258916,0.869960235059459,0.808333333333333,0.425438596491228,-1.01519205251129,FAHNSCC_15,HN,1,FAHNSCC_15,M2 macrophages,,carcinoma_in_situ_FAHNSCC_15_2
62929,72406,5233.94285714286,160.642857142857,61.4857142857143,602.614285714286,104.285714285714,1455.92857142857,477.485714285714,174.942857142857,946.414285714286,2401.11428571429,774.928571428571,173.742857142857,944.071428571429,1799.44285714286,365.542857142857,483.785714285714,1045.22857142857,1918.32857142857,510.8,380.942857142857,971.685714285714,1647.71428571429,220.728571428571,1110.9,750.142857142857,981.342857142857,285.628571428571,244.342857142857,994.642857142857,413.128571428571,14250.7714285714,9554.22857142857,70,11.3374489721465,7.86068788779198,0.720612216207835,0.933333333333333,0.7,-0.709772737020575,FAHNSCC_15,HN,1,FAHNSCC_15,stromal cells,,carcinoma_in_situ_FAHNSCC_15_2
62935,72413,2868.8940397351,138.152317880795,77.9602649006623,598.278145695364,25.8741721854305,733.523178807947,451.76821192053,177.483443708609,948.675496688742,1388.43046357616,395.092715231788,1171.91390728477,939.622516556291,1347.74834437086,413.933774834437,129.456953642384,1088.60927152318,1283.3178807947,1219.14569536424,376.761589403974,948.69536423841,1018.6821192053,260.158940397351,2685.45033112583,582.132450331126,876.05298013245,280.900662251656,121.682119205298,1002.14569536424,412.543046357616,14241.0397350993,8967.2119205298,151,15.0083849240747,12.8286433955238,0.519015078511257,0.949685534591195,0.774358974358974,-0.485273592798256,FAHNSCC_15,HN,1,FAHNSCC_15,tumor cells,,carcinoma_in_situ_FAHNSCC_15_2
63012,72506,3525.52380952381,100.958333333333,60.0892857142857,603.761904761905,15.3809523809524,896.309523809524,366.077380952381,183.875,943.89880952381,1671.39285714286,379.154761904762,2951.23214285714,947.261904761905,1635.45833333333,350.142857142857,121.541666666667,1033.41666666667,1489.47023809524,1993.51785714286,390.732142857143,957.892857142857,1145.91071428571,310.714285714286,2695.54761904762,570.297619047619,989.916666666667,282.261904761905,118.244047619048,1017.63095238095,411.428571428571,13469.880952381,8594.3630952381,168,17.6222579753498,12.1645796847615,0.723526780437436,0.96551724137931,0.807692307692308,0.43402448343547,FAHNSCC_15,HN,1,FAHNSCC_15,tumor cells,,carcinoma_in_situ_FAHNSCC_15_2
63061,72572,6702.21153846154,128.163461538462,74.4230769230769,615.798076923077,138.326923076923,1620.50961538462,432.125,181.990384615385,952.519230769231,2537.91346153846,394.403846153846,142.644230769231,941.942307692308,1963.03846153846,573.115384615385,128.769230769231,1246.06730769231,1789.05769230769,504.894230769231,372.730769230769,958.490384615385,1573.27884615385,251.826923076923,1684.02884615385,3095.80769230769,836.423076923077,268.576923076923,159.134615384615,1000.17307692308,411.951923076923,14546.6057692308,8896.82692307692,104,14.6356668005262,9.07577779097063,0.784511933438323,0.928571428571429,0.666666666666667,-0.856798158203673,FAHNSCC_15,HN,1,FAHNSCC_15,endothelial cells,,carcinoma_in_situ_FAHNSCC_15_2
63062,72573,7036.47027027027,163.491891891892,65.8216216216216,674.113513513514,719.794594594595,1798.57297297297,382.248648648649,165.2,948.308108108108,2705.68648648649,415.8,145.551351351351,947.832432432432,1915.43783783784,395.686486486487,139.167567567568,1141.58378378378,1839.77297297297,484.372972972973,374.756756756757,963.762162162162,1525.31351351351,195.286486486487,1076.12432432432,593.913513513514,773.908108108108,256.075675675676,118.540540540541,1085.79459459459,409.027027027027,14503.2,9510.89189189189,185,23.0586169023272,11.1429385996236,0.875485706619452,0.868544600938967,0.536231884057971,-1.08220370752621,FAHNSCC_15,HN,1,FAHNSCC_15,stromal cells,,carcinoma_in_situ_FAHNSCC_15_2
63079,72597,4309.02747252747,99.8076923076923,60.8901098901099,602.296703296703,42.3186813186813,1172.04395604396,382.142857142857,171.994505494506,957.32967032967,2042.19230769231,379.626373626374,162.450549450549,956.659340659341,1575.42857142857,350.736263736264,129.857142857143,954.565934065934,1529.34065934066,510.126373626374,376.236263736264,959.005494505494,1349.1043956044,231.247252747253,1523.20879120879,817.692307692308,892.554945054945,282.664835164835,159.763736263736,1006.60989010989,409.681318681319,13778.1703296703,9493.9010989011,182,17.5305435054976,13.2139621979167,0.657140659843035,0.957894736842105,0.823529411764706,1.39914296432873,FAHNSCC_15,HN,1,FAHNSCC_15,stromal cells,,carcinoma_in_situ_FAHNSCC_15_2
63085,72605,6988.11111111111,741.761904761905,207.809523809524,625.666666666667,189.587301587302,1451.33333333333,563.492063492064,216.047619047619,959.333333333333,2307.68253968254,526.555555555556,194.650793650794,943.619047619048,3661.12698412698,529.380952380952,169.809523809524,1085.77777777778,1541.95238095238,690.460317460318,416.666666666667,954.968253968254,1249.47619047619,359.809523809524,5359.8253968254,4410.60317460318,974.634920634921,353.555555555556,155.507936507937,1041.34920634921,422.412698412698,14550.8888888889,8282.11111111111,63,10.7452134709527,7.53947865794934,0.712512643033006,0.940298507462687,0.715909090909091,-0.191951733783418,FAHNSCC_15,HN,1,FAHNSCC_15,endothelial cells,,carcinoma_in_situ_FAHNSCC_15_2
63149,72694,9866.24600638978,151.830670926518,63.2460063897764,601.623003194888,18.1309904153355,2321.05111821086,497.578274760383,214.031948881789,953.833865814696,3669.2428115016,502.70607028754,1115.4696485623,1029.55591054313,3315.39936102236,402.185303514377,142.55910543131,1027.95846645367,2176.80191693291,1610.07348242812,398.482428115016,962.450479233227,1764.05111821086,3616.35463258786,5241.69968051118,579.769968051118,1140.48881789137,331.472843450479,123.447284345048,1025.71884984026,414.91054313099,14468.8722044728,8470.11501597444,313,26.6525096526015,16.2887727564837,0.791512149025844,0.899425287356322,0.658947368421053,-0.244580729513017,FAHNSCC_15,HN,1,FAHNSCC_15,Ki67+ tumor cells,,carcinoma_in_situ_FAHNSCC_15_2
63315,72917,3496.45,128.266666666667,90.9833333333333,605.316666666667,15.7333333333333,822.15,421.533333333333,199.2,944.416666666667,1509.91666666667,429.516666666667,1316.95,955.8,1432.75,373.933333333333,138.233333333333,994.483333333333,1350.31666666667,1219.21666666667,377.233333333333,996.65,877.65,420.783333333333,3470.35,573.016666666667,905.55,320.85,120.516666666667,1010.26666666667,412.7,13710.5333333333,8381.95,60,9.98561829963287,7.65700002587563,0.641882756412002,0.952380952380952,0.740740740740741,-0.654354807790076,FAHNSCC_15,HN,1,FAHNSCC_15,tumor cells,,carcinoma_in_situ_FAHNSCC_15_2
63345,72969,8451.18072289157,193.44578313253,70.4819277108434,609.180722891566,259.722891566265,2018.48192771084,1399.3734939759,201.795180722892,964.481927710843,3268.79518072289,497.024096385542,154.289156626506,948.012048192771,3089.02409638554,431.963855421687,180.144578313253,1289.93975903614,2485.68674698795,577.614457831325,391.240963855422,958.578313253012,2810.86746987952,262.10843373494,3212.34939759036,975.156626506024,1241.20481927711,331.771084337349,129.638554216867,1021.27710843374,412.084337349398,13756.6626506024,9659.59036144578,83,11.3879079610162,9.37454573030406,0.567748961627943,0.943181818181818,0.754545454545455,-0.493523393628557,FAHNSCC_15,HN,1,FAHNSCC_15,stromal cells,,carcinoma_in_situ_FAHNSCC_15_2
63364,72999,13878.4555555556,147.366666666667,71.9,611.588888888889,276.788888888889,3948.34444444445,650.411111111111,222.755555555556,962.755555555556,5976.72222222222,587.433333333333,150.433333333333,994.111111111111,6079.58888888889,535.755555555556,243.3,1394.4,2801.95555555556,613.255555555556,780.477777777778,962.322222222222,2167.58888888889,260.977777777778,4414.96666666667,1108.14444444444,860.011111111111,295.355555555556,118.988888888889,1021.6,416.2,14698.6111111111,9044.04444444444,90,16.0656647693597,8.25555380365083,0.857872145715006,0.825688073394496,0.576923076923077,-0.675752945140236,FAHNSCC_15,HN,1,FAHNSCC_15,stromal cells,,carcinoma_in_situ_FAHNSCC_15_2
63387,73031,15738.6090909091,174.790909090909,76.4454545454546,606.727272727273,245.345454545455,4363.17272727273,725.836363636364,216.527272727273,960.854545454546,6586.32727272727,562.981818181818,143.454545454545,980.527272727273,5119.03636363636,443.9,403.681818181818,1494.11818181818,2600.7,661.290909090909,1438.4,990.481818181818,2022.24545454545,262.318181818182,3419.12727272727,1468.95454545455,866.945454545455,295.336363636364,120.8,1039.00909090909,417.081818181818,14705.5,9035.60909090909,110,14.2971328232754,11.0297835547678,0.636267861454918,0.83969465648855,0.611111111111111,0.744317212572648,FAHNSCC_15,HN,1,FAHNSCC_15,stromal cells,,carcinoma_in_situ_FAHNSCC_15_2
63475,73155,5180.33707865169,94.1011235955056,62.1573033707865,595.460674157303,69.4719101123596,1240.57303370787,1044.96629213483,179.134831460674,1003.8202247191,2084.96629213483,1637.57303370787,176.370786516854,943.258426966292,1761.75280898876,696.078651685393,254.988764044944,3146.74157303371,1705.52808988764,519.606741573034,380.595505617978,956.808988764045,1692.92134831461,226.325842696629,1476.37078651685,684.168539325843,975.865168539326,300.23595505618,252.011235955056,1008.88764044944,409.325842696629,14095.0337078652,9607.25842696629,89,12.5490601354021,9.13301080337974,0.685805947240561,0.917525773195876,0.684615384615385,-1.21098110540833,FAHNSCC_15,HN,1,FAHNSCC_15,effector CD8+ T cells,,carcinoma_in_situ_FAHNSCC_15_2
63516,73216,2929.75,510.413793103448,142.181034482759,603.206896551724,8.69827586206897,442.137931034483,416.551724137931,211.620689655172,944.73275862069,799.568965517241,363.163793103448,2477.37068965517,950.758620689655,856.913793103448,381.293103448276,128.103448275862,920.5,869.086206896552,1680.08620689655,401.293103448276,955.637931034483,631.956896551724,325.241379310345,2140.84482758621,568.189655172414,740.844827586207,281.939655172414,110.112068965517,975.801724137931,412.612068965517,13942.7327586207,8063.22413793103,116,14.7403560276737,10.1954806507305,0.722212479687903,0.943089430894309,0.690476190476191,-1.02892059725931,FAHNSCC_15,HN,1,FAHNSCC_15,tumor cells,,carcinoma_in_situ_FAHNSCC_15_2
63541,73250,17456.0472972973,209.209459459459,77.0608108108108,604.891891891892,90.3986486486487,4249.82432432432,632.47972972973,221.256756756757,956.445945945946,6561.02702702703,508.398648648649,153.952702702703,950.506756756757,5924.21621621622,389.243243243243,132.75,1131.30405405405,4576.29054054054,603.831081081081,404.878378378378,950.25,5128.82432432432,293.324324324324,3664.08783783784,998.02027027027,2090.56756756757,301.27027027027,119.783783783784,1005.33783783784,419.993243243243,14884.3513513514,8836.27702702703,148,18.1431081327112,10.4830734816761,0.816178949141666,0.930817610062893,0.669683257918552,0.3772314267635,FAHNSCC_15,HN,1,FAHNSCC_15,stromal cells,,carcinoma_in_situ_FAHNSCC_15_2
63551,73268,6429.61012658228,279.756962025316,82.5569620253165,607.792405063291,15.2607594936709,1552.39746835443,532.26582278481,226.994936708861,958.794936708861,2770.46329113924,428.632911392405,1140.92911392405,5851.0582278481,1928.6582278481,415.751898734177,162.432911392405,947.022784810127,1842.53924050633,772.825316455696,426.739240506329,965.772151898734,1380.84810126582,358.374683544304,1780.75189873418,576.351898734177,1141.91392405063,385.356962025317,133.313924050633,985.524050632911,416.311392405063,13904.7088607595,8449.04556962025,395,26.9251601712084,18.7780036212566,0.716667760058335,0.95873786407767,0.685763888888889,-0.820692383891987,FAHNSCC_15,HN,1,FAHNSCC_15,tumor cells,,carcinoma_in_situ_FAHNSCC_15_2
63552,73269,2689.85714285714,177.467532467532,64.8441558441559,596.025974025974,9.06493506493507,631.376623376623,369.545454545455,184.688311688312,947.246753246753,1149.80519480519,374.0,2657.14285714286,957.818181818182,1046.36363636364,413.805194805195,116.753246753247,986.324675324675,1015.46753246753,3300.8961038961,395.155844155844,968.636363636364,754.012987012987,381.61038961039,4647.90909090909,572.727272727273,828.766233766234,290.25974025974,122.857142857143,1007.37662337662,408.974025974026,14291.3376623377,8353.85714285714,77,10.5263710811884,9.33534271917005,0.462051873573166,0.939024390243902,0.777777777777778,1.55573582947519,FAHNSCC_15,HN,1,FAHNSCC_15,tumor cells,,carcinoma_in_situ_FAHNSCC_15_2
63560,73277,3390.78205128205,94.9487179487179,59.7307692307692,598.769230769231,61.4102564102564,827.730769230769,377.589743589744,190.051282051282,932.410256410256,1298.96153846154,356.576923076923,1018.12820512821,944.333333333333,1018.96153846154,341.935897435897,124.884615384615,988.461538461539,931.564102564102,797.128205128205,375.384615384615,941.487179487179,730.948717948718,292.012820512821,878.820512820513,571.846153846154,762.025641025641,280.397435897436,111.5,993.25641025641,412.615384615385,13485.5,9428.02564102564,78,12.0447573401927,8.23005553087296,0.730147613462688,0.951219512195122,0.722222222222222,-1.11940451593418,FAHNSCC_15,HN,1,FAHNSCC_15,tumor cells,,carcinoma_in_situ_FAHNSCC_15_2
63606,73340,20840.1891891892,256.662162162162,85.7702702702703,610.540540540541,178.472972972973,5265.66216216216,1299.09459459459,231.621621621622,961.027027027027,7267.33783783784,607.662162162162,146.945945945946,987.932432432432,6884.89189189189,721.391891891892,502.527027027027,1257.35135135135,3528.08108108108,563.635135135135,438.364864864865,973.621621621622,3192.02702702703,269.108108108108,3763.52702702703,960.945945945946,1153.39189189189,300.175675675676,126.094594594595,1028.39189189189,415.756756756757,14553.5405405405,9141.72972972973,74,10.501944066368,9.87355614402138,0.340720569834343,0.840909090909091,0.74,-0.309700294876049,FAHNSCC_15,HN,1,FAHNSCC_15,stromal cells,,carcinoma_in_situ_FAHNSCC_15_2
63634,73380,4929.91666666667,160.85,75.5333333333333,604.316666666667,355.916666666667,1240.13333333333,405.566666666667,177.166666666667,951.183333333333,1919.6,418.866666666667,1139.31666666667,934.316666666667,1160.43333333333,421.916666666667,134.45,1142.31666666667,1118.51666666667,546.2,378.5,999.333333333333,843.633333333333,207.483333333333,807.083333333333,1184.48333333333,742.816666666667,274.766666666667,145.716666666667,988.25,407.166666666667,14456.35,9307.45,60,10.2115463586667,7.54482080402183,0.673867802764721,0.9375,0.75,-0.94226640260693,FAHNSCC_15,HN,1,FAHNSCC_15,tumor cells,,carcinoma_in_situ_FAHNSCC_15_2
