,Carcinoma_AGSCC_2_10_tumorales_mieloides_no_tumorales.csv,Carcinoma_AGSCC_2_11_tumorales_mieloides_no_tumorales.csv,Carcinoma_AGSCC_2_12_tumorales_mieloides_no_tumorales.csv,Carcinoma_AGSCC_2_13_tumorales_mieloides_no_tumorales.csv,Carcinoma_AGSCC_2_14_tumorales_mieloides_no_tumorales.csv,Carcinoma_AGSCC_2_15_tumorales_mieloides_no_tumorales.csv,Carcinoma_AGSCC_2_16_tumorales_mieloides_no_tumorales.csv,Carcinoma_AGSCC_2_17_tumorales_mieloides_no_tumorales.csv,Carcinoma_AGSCC_2_18_tumorales_mieloides_no_tumorales.csv,Carcinoma_AGSCC_2_19_tumorales_mieloides_no_tumorales.csv,Carcinoma_AGSCC_2_1_tumorales_mieloides_no_tumorales.csv,Carcinoma_AGSCC_2_20_tumorales_mieloides_no_tumorales.csv,Carcinoma_AGSCC_2_21_tumorales_mieloides_no_tumorales.csv,Carcinoma_AGSCC_2_22_tumorales_mieloides_no_tumorales.csv,Carcinoma_AGSCC_2_23_tumorales_mieloides_no_tumorales.csv,Carcinoma_AGSCC_2_24_tumorales_mieloides_no_tumorales.csv,Carcinoma_AGSCC_2_25_tumorales_mieloides_no_tumorales.csv,Carcinoma_AGSCC_2_26_tumorales_mieloides_no_tumorales.csv,Carcinoma_AGSCC_2_27_tumorales_mieloides_no_tumorales.csv,Carcinoma_AGSCC_2_28_tumorales_mieloides_no_tumorales.csv,Carcinoma_AGSCC_2_29_tumorales_mieloides_no_tumorales.csv,Carcinoma_AGSCC_2_2_tumorales_mieloides_no_tumorales.csv,Carcinoma_AGSCC_2_30_tumorales_mieloides_no_tumorales.csv,Carcinoma_AGSCC_2_31_tumorales_mieloides_no_tumorales.csv,Carcinoma_AGSCC_2_32_tumorales_mieloides_no_tumorales.csv,Carcinoma_AGSCC_2_33_tumorales_mieloides_no_tumorales.csv,Carcinoma_AGSCC_2_34_tumorales_mieloides_no_tumorales.csv,Carcinoma_AGSCC_2_35_tumorales_mieloides_no_tumorales.csv,Carcinoma_AGSCC_2_36_tumorales_mieloides_no_tumorales.csv,Carcinoma_AGSCC_2_37_tumorales_mieloides_no_tumorales.csv,Carcinoma_AGSCC_2_38_tumorales_mieloides_no_tumorales.csv,Carcinoma_AGSCC_2_39_tumorales_mieloides_no_tumorales.csv,Carcinoma_AGSCC_2_3_tumorales_mieloides_no_tumorales.csv,Carcinoma_AGSCC_2_40_tumorales_mieloides_no_tumorales.csv,Carcinoma_AGSCC_2_4_tumorales_mieloides_no_tumorales.csv,Carcinoma_AGSCC_2_5_tumorales_mieloides_no_tumorales.csv,Carcinoma_AGSCC_2_6_tumorales_mieloides_no_tumorales.csv,Carcinoma_AGSCC_2_7_tumorales_mieloides_no_tumorales.csv,Carcinoma_AGSCC_2_8_tumorales_mieloides_no_tumorales.csv,Carcinoma_AGSCC_2_9_tumorales_mieloides_no_tumorales.csv,Carcinoma_FAHNSCC_14_1_tumorales_mieloides_no_tumorales.csv,Carcinoma_FAHNSCC_14_2_tumorales_mieloides_no_tumorales.csv,Carcinoma_FAHNSCC_14_3_tumorales_mieloides_no_tumorales.csv,Carcinoma_FAHNSCC_14_4_tumorales_mieloides_no_tumorales.csv,Carcinoma_FAHNSCC_14_5_tumorales_mieloides_no_tumorales.csv,Carcinoma_FAHNSCC_15_1_tumorales_mieloides_no_tumorales.csv,Carcinoma_FAHNSCC_15_2_tumorales_mieloides_no_tumorales.csv,Dysplasia-HG_FAHNSCC_15_1_tumorales_mieloides_no_tumorales.csv,Dysplasia-HG_FAHNSCC_15_2_tumorales_mieloides_no_tumorales.csv,Dysplasia-HG_FAHNSCC_15_3_tumorales_mieloides_no_tumorales.csv,Dysplasia-HG_FAHNSCC_15_4_tumorales_mieloides_no_tumorales.csv,Dysplasia-LG_FAHNSCC_15_1_tumorales_mieloides_no_tumorales.csv,Dysplasia-LG_FAHNSCC_15_2_tumorales_mieloides_no_tumorales.csv,Dysplasia-Stroma_FAAGSCC_13_1_tumorales_mieloides_no_tumorales.csv,Dysplasia-Stroma_FAAGSCC_13_2_tumorales_mieloides_no_tumorales.csv,Dysplasia-Stroma_FAAGSCC_13_3_tumorales_mieloides_no_tumorales.csv,Dysplasia-Stroma_FAAGSCC_13_4_tumorales_mieloides_no_tumorales.csv,Dysplasia-Stroma_FAAGSCC_13_5_tumorales_mieloides_no_tumorales.csv,Dysplasia-Stroma_FAAGSCC_13_6_tumorales_mieloides_no_tumorales.csv,Dysplasia-Stroma_FAAGSCC_13_7_tumorales_mieloides_no_tumorales.csv,Dysplasia-Stroma_FAAGSCC_13_8_tumorales_mieloides_no_tumorales.csv,Dysplasia_FAAGSCC_13_1_tumorales_mieloides_no_tumorales.csv,Dysplasia_FAAGSCC_13_2_tumorales_mieloides_no_tumorales.csv,Dysplasia_FAAGSCC_13_3_tumorales_mieloides_no_tumorales.csv,Dysplasia_FAAGSCC_13_4_tumorales_mieloides_no_tumorales.csv,Stroma_ad_Carcinoma-Dysplasia_FAHNSCC_14_1_tumorales_mieloides_no_tumorales.csv,Stroma_ad_Carcinoma_AGSCC_2_10_tumorales_mieloides_no_tumorales.csv,Stroma_ad_Carcinoma_AGSCC_2_1_tumorales_mieloides_no_tumorales.csv,Stroma_ad_Carcinoma_AGSCC_2_2_tumorales_mieloides_no_tumorales.csv,Stroma_ad_Carcinoma_AGSCC_2_3_tumorales_mieloides_no_tumorales.csv,Stroma_ad_Carcinoma_AGSCC_2_4_tumorales_mieloides_no_tumorales.csv,Stroma_ad_Carcinoma_AGSCC_2_5_tumorales_mieloides_no_tumorales.csv,Stroma_ad_Carcinoma_AGSCC_2_6_tumorales_mieloides_no_tumorales.csv,Stroma_ad_Carcinoma_AGSCC_2_7_tumorales_mieloides_no_tumorales.csv,Stroma_ad_Carcinoma_AGSCC_2_8_tumorales_mieloides_no_tumorales.csv,Stroma_ad_Carcinoma_AGSCC_2_9_tumorales_mieloides_no_tumorales.csv,Stroma_ad_Carcinoma_FAHNSCC_14_1_tumorales_mieloides_no_tumorales.csv,Stroma_ad_Carcinoma_FAHNSCC_14_2_tumorales_mieloides_no_tumorales.csv,Stroma_ad_Carcinoma_FAHNSCC_14_3_tumorales_mieloides_no_tumorales.csv,Stroma_ad_Carcinoma_FAHNSCC_15_1_tumorales_mieloides_no_tumorales.csv,Stroma_ad_Carcinoma_FAHNSCC_15_2_tumorales_mieloides_no_tumorales.csv,Stroma_ad_Dysplasia-HG_FAHNSCC_15_1_tumorales_mieloides_no_tumorales.csv,Stroma_ad_Dysplasia-HG_FAHNSCC_15_2_tumorales_mieloides_no_tumorales.csv,Stroma_ad_Dysplasia-HG_FAHNSCC_15_3_tumorales_mieloides_no_tumorales.csv,Stroma_ad_Dysplasia_FAAGSCC_13_10_tumorales_mieloides_no_tumorales.csv,Stroma_ad_Dysplasia_FAAGSCC_13_11_tumorales_mieloides_no_tumorales.csv,Stroma_ad_Dysplasia_FAAGSCC_13_1_tumorales_mieloides_no_tumorales.csv,Stroma_ad_Dysplasia_FAAGSCC_13_2_tumorales_mieloides_no_tumorales.csv,Stroma_ad_Dysplasia_FAAGSCC_13_3_tumorales_mieloides_no_tumorales.csv,Stroma_ad_Dysplasia_FAAGSCC_13_4_tumorales_mieloides_no_tumorales.csv,Stroma_ad_Dysplasia_FAAGSCC_13_5_tumorales_mieloides_no_tumorales.csv,Stroma_ad_Dysplasia_FAAGSCC_13_6_tumorales_mieloides_no_tumorales.csv,Stroma_ad_Dysplasia_FAAGSCC_13_7_tumorales_mieloides_no_tumorales.csv,Stroma_ad_Dysplasia_FAAGSCC_13_8_tumorales_mieloides_no_tumorales.csv,Stroma_ad_Dysplasia_FAAGSCC_13_9_tumorales_mieloides_no_tumorales.csv,Stroma_ad_Dysplasia_FAHNSCC_14_1_tumorales_mieloides_no_tumorales.csv,Stroma_ad_Dysplasia_FAHNSCC_14_2_tumorales_mieloides_no_tumorales.csv,Stroma_ad_Dysplasia_FAHNSCC_14_3_tumorales_mieloides_no_tumorales.csv,Stroma_ad_Dysplasia_FAHNSCC_14_4_tumorales_mieloides_no_tumorales.csv
Carcinoma_AGSCC_2_10_tumorales_mieloides_no_tumorales.csv,0.0,1242.5992478428996,2130.982454583441,997.4797404684122,1000.2818479011045,1313.3110603301454,1972.1313486305223,1001.7409749964793,1470.7200200002185,1958.1750713064723,6357.446972714836,4641.93131160786,2726.094234819673,2672.514080105086,1266.4919912363691,4205.81803674481,4925.967118597027,1715.76128051347,3258.0807755216233,975.5533435630857,1295.094488671034,3979.5939804825866,519.8953417508857,1686.2580395106017,4611.916286353499,1998.496589806482,1952.1230789212689,5063.358714156443,2912.8227610388017,1864.5787705808243,2956.7500877398247,3306.0941659446094,3919.4722323837163,2988.3605875756566,2090.063626479508,1793.7795156719244,1670.663278729445,2390.957741140211,1808.7246048822265,1127.0420538479977,5188.163336543117,5738.345391626226,12823.007671138,1828.4529028080303,4305.748022719826,4019.4699845292157,3759.4601891881525,1586.7748527675312,4999.6685862814775,6183.602710073752,7285.534608651054,7986.886748197679,6847.780311540829,3915.28864871624,6620.94050131274,6455.3706567043355,6909.2120411347905,5864.684548168308,11569.496586893514,4601.876777093371,12992.352423849165,11471.003815586082,15486.233861999306,2822.02479324637,1741.3111630941137,12005.578521127549,10904.42809542254,18619.32733607873,16202.72023750104,8231.13989895824,6840.397243288471,7185.6919211137765,4714.155454794524,6770.509859449466,9829.681589911093,13857.332291421022,12041.761994712646,12132.476939230646,11614.01427453851,11004.25915810784,18056.38720891901,8114.62406947273,11175.514925864489,21175.084825504848,27967.302177521917,6256.870668882421,42527.179767665,17220.046159204274,38759.891133880534,30190.748260001936,29221.995432715274,24987.950336533617,24856.70524433392,30754.56696110351,23698.411474919503,11178.340674387076,12655.462915962156,11864.81890725357,9096.30032164818
Carcinoma_AGSCC_2_11_tumorales_mieloides_no_tumorales.csv,1242.5992478428996,0.0,3012.3944225598902,600.8546009213046,1825.607344290673,2261.995468138109,1477.410638739301,1607.0891956625721,2465.1858637714954,1259.0104775269597,7050.064733639328,5473.414475018521,3720.9397125875976,3692.4907465480537,2240.43845974237,3408.489787421082,4089.1206132312163,2703.5543762417456,4065.1404674621226,1925.9898288070278,2092.946542794887,4100.655157836018,877.9094591363398,714.1488553522188,3790.900578356261,2645.5958840928956,2427.5052997748426,5878.010532341019,3840.3135074304364,1162.925307264513,1758.836808256563,4020.404664457603,4200.089117418214,2361.3900718716504,1114.1341124315102,881.4766484645561,884.6607429383938,1737.8406696214597,848.944163987302,526.561289404069,4362.139598892117,4910.379136734727,12146.815692573353,1116.4323768448212,3484.0954853338562,3622.7909358122,4016.1371444760857,1161.7688216651488,5566.47048292833,6646.670079888201,7740.02368103291,7623.487916206024,6479.497905381939,4246.502695131442,6267.915556104772,6323.063685921044,6929.7440150702705,4931.526625126305,11687.868828016419,5105.449077780768,13535.699579738315,12201.508485549035,16161.677399021493,3507.6832994348897,1579.3627563407028,11350.816872208312,9945.246390883203,18850.84833420959,16355.160805909143,7665.688649476603,5930.396201242721,6195.690740170425,3581.7349761432883,6390.387693360119,9591.05226660321,13949.789875098275,11386.408821507452,11312.15681206934,10897.037823967685,10438.273252452458,17804.201750056407,7052.122469041175,10596.986850295365,21216.627203620563,28138.188348006726,5376.13553282428,42255.81273054998,17203.18452892971,38539.56561489037,29899.352404719924,28951.621317785284,24890.11302009734,24579.08992371482,30421.24346933461,23695.335900637474,10629.670517671888,11783.575600691662,11106.574482562935,8345.115980353201
Carcinoma_AGSCC_2_12_tumorales_mieloides_no_tumorales.csv,2130.982454583441,3012.3944225598902,0.0,2748.3366327768094,1231.5490658244203,840.4107748723529,4056.586978089732,2650.0440644611353,741.2506407439977,3986.045353874931,4384.130223584428,2532.312346638292,993.062642793951,939.424068977021,1287.425967176424,6318.007485151547,7031.804531095283,547.8448912961416,1339.1627702452347,1253.180359537983,1216.5138554899406,3362.5887519115713,2316.6763140275407,3586.7747782491742,6703.839679774343,1121.8886893936733,1441.4969533050999,2949.7169084529155,1191.727484329644,3807.537907452678,4424.104367401186,1559.6564179910263,2823.840418022456,5092.63606194741,3852.8039716827175,3700.304169783215,3688.596634088778,4339.142102857144,3810.8597779480197,3154.35957799057,7267.00065599097,7802.618620554909,14018.882472535955,2957.064587715912,6244.406424523149,4210.096402851253,3204.7333699386363,2916.8317842487772,3494.4900574189414,4855.879020954993,5746.707816524576,7956.053747363611,6703.140504172586,3140.8630010353395,6428.499846973918,5937.691558010547,6165.416464536573,6645.76065161616,10408.674100484459,3110.0444332923876,11122.361585222197,9407.46607505348,13456.03051307146,1739.337022469058,2298.597812926512,12974.31565074614,11982.521695412941,17192.17595199319,14881.050794801167,8140.010919937576,7239.839853458407,7802.084873968141,6060.852087533164,6539.9782700419455,9133.266379464743,12623.654193918906,13417.405906336802,13764.634669770612,13187.723827104379,10911.49275966426,17420.361159107295,9053.534387661039,11084.688765848608,19962.068121098313,26585.37575567714,6951.290424314473,41775.40127633979,16172.676163107953,37911.677225683525,29512.383998955214,28594.70583282687,24015.187793885503,24154.991513590485,30239.89681664639,22632.35452487771,11047.842034370558,14360.777595463976,13496.053806025686,10810.755794964627
Carcinoma_AGSCC_2_13_tumorales_mieloides_no_tumorales.csv,997.4797404684122,600.8546009213046,2748.3366327768094,0.0,1580.6225435544018,1953.9433738604343,1608.9041851373556,1378.017517403651,2138.205492855715,1461.4172827501748,6752.511194702584,5238.539639807683,3415.134727367825,3375.3313461913795,1962.143904814959,3796.9708326418245,4514.080814237182,2399.7185047237,3854.848398133001,1520.2188440452403,1812.2489505978422,4171.171677814212,669.1366343916293,1054.8138346405801,4185.429497678137,2486.2356468296916,2328.012215055559,5636.90152342276,3546.0677929827516,1349.1228206377746,2114.22693619278,3735.754323828093,4252.687297799463,2600.2872032012515,1542.0972120259416,1148.0285393822003,1145.961954116654,1910.86054138406,1291.7332093846385,669.2526532008499,4759.102315769759,5302.66221045351,12282.224351741106,1297.4693875275464,3819.2888698772063,3578.39025691982,3963.3915530294776,1258.05517060328,5434.0777460929885,6538.574655466571,7620.915656609717,7665.333136747269,6605.0666927328775,4162.0140616435365,6380.3028064258815,6396.435066853895,6958.2800230152625,5042.91444277887,11631.974681991229,5019.073432537351,13350.51582063287,11919.523694632671,15934.636094330048,3328.006484548899,1669.0908300925507,11617.846042820038,10304.644200698693,18814.84241941983,16397.16802030708,7857.682500840536,6224.678569944048,6588.899579229873,4080.8802950261397,6560.638230192417,9708.433372694013,14020.171541510752,11749.449072751306,11731.518091256754,11250.168410696559,10563.120303622774,17874.710449054754,7279.467188693563,10719.17909430151,21250.115345755803,28070.590225197644,5672.118464327181,42318.62076536455,17257.80515042692,38607.35400706323,29990.298926471085,28985.94852708883,24913.02526170612,24664.702003733506,30429.480192720494,23705.008437126617,10766.290117664543,12224.22761985329,11463.739326930994,8655.859504096105
Carcinoma_AGSCC_2_14_tumorales_mieloides_no_tumorales.csv,1000.2818479011045,1825.607344290673,1231.5490658244203,1580.6225435544018,0.0,877.3558816975301,2914.598079442949,1883.8701953394714,854.9696095323031,2790.7640222873656,5415.133929050215,3706.3833929321813,2097.3379046013592,2035.6278877881923,1167.6404712381193,5128.262685737491,5841.286747120576,1150.496807979889,2316.50836216448,862.4402530842385,674.0802133865566,3082.5310850874657,1212.3681699945623,2397.7402393218777,5509.548818776542,1100.75612473971,1052.691798737261,4123.859728718584,2230.5153039079364,2615.7488642664975,3234.1347849358217,2355.8437830465746,3010.0131569161795,3926.5659325423007,2679.8750395192574,2518.2253211941984,2499.012519516954,3155.971703527513,2616.6713818299036,1959.7880969800708,6074.947983884955,6609.3074123172455,13159.720699182544,1893.8880898096083,5048.1737463207255,3460.3474452718756,2902.1652764292703,1849.4246360764478,4084.34630527138,5266.022624613217,6375.835154278135,7373.418839865084,6157.635472178796,3027.550833191213,6003.432790247363,5673.22329735788,6092.463506650549,5657.405712601042,10691.25919965212,3691.4248264513626,12066.51977795477,10531.25209866249,14538.913270491073,1908.7969232335652,1289.0653956010246,12255.378169607624,11077.922105191565,17697.990456902444,15293.421686883523,7568.431187332481,6404.45035715639,6878.9251388206,4942.915782936931,6107.7304232303795,9012.072375627247,12949.192990464968,12506.929932003835,12698.494658292866,12160.749960962765,10383.488655824725,17265.622225587755,8018.3954387417125,10556.495719761559,20285.910179441926,27059.781147173566,6012.52079357133,41754.91417231257,16356.016053110216,37953.14558585016,29412.160989081603,28471.988280353842,24148.276993704934,24077.3747111037,30053.762952462926,22848.365993518182,10527.582551433052,13263.823660636583,12437.288787152946,9718.971264646709
Carcinoma_AGSCC_2_15_tumorales_mieloides_no_tumorales.csv,1313.3110603301454,2261.995468138109,840.4107748723529,1953.9433738604343,877.3558816975301,0.0,3242.9635396592084,1836.5697376228486,302.6035264124983,3176.542993507843,5177.564104907105,3341.8603461401267,1480.565982274113,1476.2941705673693,619.7279111250015,5509.395557998187,6226.445509574507,576.7431812030308,2118.7364292073694,483.0680629457545,980.2748713784684,3708.1326642774497,1532.2553231162258,2813.117805796632,5894.3716429580145,1470.3178783836904,1639.5395529400162,3766.187677946901,1617.8933524405284,3042.2757089975194,3838.155501091012,2207.5015081555403,3396.5233994391833,4283.030812222997,3151.8755351877257,2914.670475544388,2882.5910398740407,3587.893093377911,3011.5129129846173,2345.013478380456,6468.685645103536,7010.226059990531,13617.610923557528,2426.799678568275,5518.143993883432,4255.171845311436,3486.0972763928758,2306.450171055139,4182.216301854344,5524.266726818963,6492.440050695849,8138.505073667256,6929.093671273244,3489.0943830208266,6661.375407953244,6315.827237619312,6564.989137595936,6453.33681626355,11043.126804591606,3800.5388555691484,11921.863177242685,10212.06041523278,14255.926465167924,2153.1546934092357,2027.872134740954,12621.283652772461,11610.131167708625,17941.46079937751,15610.63253156699,8353.049879170241,7246.137084990914,7691.734884779542,5552.504934627944,6812.358334132901,9647.896367152582,13336.486589917036,12965.695159155586,13205.735092599587,12651.37787476484,11145.305325110601,17897.804129857686,8795.872807107991,11308.771641563133,20653.68415217083,27314.549146951675,6794.806542887894,42285.92611873101,16811.02796952634,38464.44231634035,30008.504520456594,29026.45978745053,24615.7493471697,24648.115127258377,30617.487227023157,23276.836179915066,11297.307240790642,13769.337697100424,12939.452259960222,10206.740543199945
Carcinoma_AGSCC_2_16_tumorales_mieloides_no_tumorales.csv,1972.1313486305223,1477.410638739301,4056.586978089732,1608.9041851373556,2914.598079442949,3242.9635396592084,0.0,1549.740022983749,3392.912600247123,630.0307055078298,8314.007266137241,6572.072907144561,4638.071298644749,4597.198636449829,3219.7553014420923,2319.0267250092948,3052.4697626998177,3647.7560726943534,5210.334120109313,2923.3447108032306,3228.7399493424064,5544.240566356292,1808.9272653857458,1030.9277718748826,2802.419995347115,3908.960177443826,3765.38931637057,6997.826452423713,4841.984598369481,786.2060831189015,1847.4224543908783,5259.047813573469,5661.744924329819,1077.9406816350695,1634.399201370345,828.4202487919554,808.1390125109418,1026.3271970536669,1069.767956796587,1113.8629416138715,3329.419221697383,3872.790846483356,11923.127156528366,1976.1455953830746,2638.6630795828114,4786.695955023745,5385.401353208406,2088.091568170374,6918.7562293383635,8006.7158783300765,9113.008689733962,8785.844064539679,7705.060421123465,5607.144775666373,7408.504678757656,7589.707020342708,8177.627335986708,5507.039979777448,12957.300029025835,6465.587098700896,14901.196485619412,13423.977468264731,17437.53652253563,4768.256765164901,2907.4040227645414,11252.788200485316,10072.950029497952,20227.99458125427,17791.030420309213,8795.110413598508,6807.771575948225,6883.199429697469,3966.6307825154777,7544.086756780069,10899.43447618361,15376.248634412179,11013.527784998878,10769.995606066057,10315.467271876189,11551.724894159595,19042.94708471331,7318.79986135897,11682.602377537323,22576.903766652755,29422.86802226624,5888.831919409055,43456.47200043638,18559.829824998942,39788.724423636435,31126.07306948108,30112.8401588891,26151.226340034023,25813.305427409752,31467.353801304085,24991.15353907388,11744.587537688185,11136.730537352822,10475.877587051531,7576.49716667891
Carcinoma_AGSCC_2_17_tumorales_mieloides_no_tumorales.csv,1001.7409749964793,1607.0891956625721,2650.0440644611353,1378.017517403651,1883.8701953394714,1836.5697376228486,1549.740022983749,0.0,1989.4456160243649,1882.6514545321759,6925.940419817163,5160.657817469228,3221.6858346993745,3188.7768676731716,1824.7511726622943,3741.148635124769,4486.74457354916,2246.389701413365,3837.18340887998,1585.7502299883524,1866.558037359581,4959.087114502013,989.4912187846878,1718.2638057581883,4257.263855390699,2902.1840552385547,2873.162294363929,5588.7667730684425,3428.147404487894,1810.872434732476,3146.960598818806,3908.1357125358313,4846.918286944961,2496.3224512907045,2272.6331882265786,1740.0206743222404,1495.657900644626,2188.5260646619,1771.171627940447,1234.1971130522018,4766.067515010826,5315.650155840981,12839.914682287981,2302.535935888242,4024.3124995214894,4776.726773432882,4686.294620387081,2170.2909785284573,5772.617076728977,7035.135026545004,8088.951667309513,8855.48055880126,7729.201238758058,4779.311410837318,7404.572652467843,7380.705504304483,7740.069628030823,6339.2587005755895,12439.32146929808,5385.900586979298,13643.97843438648,12008.394502911537,16030.808110672438,3642.479128705053,2512.1677732321,12088.933419251263,11162.462211847329,19497.23556281887,17135.247315469514,9089.013219059043,7481.919291224686,7719.252616268332,5025.034179625792,7610.463368094887,10804.43720886755,14816.478556040103,12041.218028065297,11977.555158641284,11482.914277856835,11809.413715210321,18982.872604394764,8465.713199268925,11964.564478114859,22104.363372393087,28825.334669614313,6747.715568270484,43380.02304373405,18184.5523969361,39640.43049599436,31098.223773817317,30064.407402878885,25875.96182663448,25753.596205849935,31498.14701923935,24624.59025082936,12021.576880530594,12435.050528458212,11700.731713183844,8871.50061258925
Carcinoma_AGSCC_2_18_tumorales_mieloides_no_tumorales.csv,1470.7200200002185,2465.1858637714954,741.2506407439977,2138.205492855715,854.9696095323031,302.6035264124983,3392.912600247123,1989.4456160243649,0.0,3337.2705338779147,5024.129944173813,3191.9009856009225,1314.6117168174378,1281.8643561366994,739.4413237096431,5670.335294008842,6386.783632294458,465.4226216065167,1953.9744212628354,648.9410885408574,967.0159919007488,3609.4845535519667,1681.9004184947803,2991.991838915957,6057.2753252611055,1382.883119025762,1562.1888740485172,3617.1603185561726,1485.135021854952,3202.0260151913008,4009.993405410715,2079.814412276623,3305.6610515464795,4432.109982357903,3309.3073959634,3100.463348565799,3049.426846521395,3738.820690419986,3183.6920770723104,2503.8982544271003,6631.292153501069,7172.592209844361,13713.136093427656,2539.2120300605307,5662.729564747277,4210.980254730256,3400.195942162119,2391.5758612834447,4071.3366213164454,5421.266471502094,6371.322522397567,8073.202483840775,6851.32642258833,3390.2507870283716,6593.125578660065,6223.03536785474,6437.007659956802,6460.706479406601,10922.87997581693,3676.1857704825857,11745.931340060853,10068.797675833084,14108.039982947246,2053.1028172253887,2027.2345553082766,12721.87680574797,11724.935309681894,17821.1401993598,15509.49894313783,8277.477810111206,7204.006725202075,7669.171439867713,5687.387593426548,6731.115525861974,9555.44799997671,13236.576116024811,13041.271950621534,13283.129449999475,12734.509250843199,11071.658299953326,17795.56678742671,8837.87126782549,11237.792545956028,20541.64599728811,27191.182865788465,6798.827381868003,42162.72921672762,16717.25300801368,38340.82955398577,29906.08864063527,28917.66629405784,24497.090535722222,24542.90314461038,30510.105567238043,23165.74446013869,11219.688148854499,13861.53782569475,13024.146173534693,10301.299414477646
Carcinoma_AGSCC_2_19_tumorales_mieloides_no_tumorales.csv,1958.1750713064723,1259.0104775269597,3986.045353874931,1461.4172827501748,2790.7640222873656,3176.542993507843,630.0307055078298,1882.6514545321759,3337.2705338779147,0.0,8142.52926788414,6483.815486166533,4601.642115823978,4533.954720686989,3086.502950006214,2354.8827365489724,3071.2832190109625,3560.894344422726,5081.0826846326045,2822.4462109461247,3119.3115121281458,5272.938009493221,1690.4553409226005,740.1144214928672,2741.3651989458535,3697.7553752040235,3549.8804618922877,6906.634413066908,4767.28394817819,500.97541989883473,1290.4563303014174,5087.320908953856,5392.820211381825,1219.0875964817615,1186.3510531933025,557.1527165271832,618.902341482051,957.337611161289,746.7432846766975,932.6039989559381,3318.38184472422,3866.3805501791603,11690.814857148827,1562.173094670261,2475.4949418343267,4341.126898145048,5150.022691867218,1703.857319251551,6697.245936097832,7780.131623983671,8874.831565649392,8314.8055555816,7223.913846073233,5371.379822438503,6927.903223972973,7123.568780090005,7780.805782008754,4978.9672664777745,12554.982397601614,6240.298205680071,14675.50144308346,13275.689197900829,17266.47398463721,4580.655042168338,2644.599631070824,10951.041596574112,9660.938401601352,19879.168657633607,17441.068500050307,8258.854781237054,6210.227058601726,6298.654753271996,3397.0545979894946,7062.137129691442,10404.593644481662,15027.009565563032,10774.901230966329,10595.263678097195,10166.897841374575,11034.11645506948,18560.892597678674,6821.957944729024,11157.769924690649,22134.51340836844,29022.80106445482,5350.51229680702,42972.904975376834,18114.60385514368,39308.12544389502,30643.77728930451,29629.839463350316,25673.20763054122,25333.402836285408,30952.606920367198,24528.40674379486,11203.655421917752,10997.667046251196,10316.004053044753,7450.55113274906
Carcinoma_AGSCC_2_1_tumorales_mieloides_no_tumorales.csv,6357.446972714836,7050.064733639328,4384.130223584428,6752.511194702584,5415.133929050215,5177.564104907105,8314.007266137241,6925.940419817163,5024.129944173813,8142.52926788414,0.0,3362.0809112331353,4164.861090455383,4144.659990083485,5229.111801212984,10428.699669780433,11092.215864907712,4745.557270780028,3220.7672459171436,5408.414804856808,5113.07742224668,3308.2927117882255,6529.556380090228,7586.904818082982,10819.563378486748,4475.082050684178,4645.839355970549,3098.861609189959,4351.477621795578,7846.365297815332,7792.310032720108,3077.302904789195,3347.7128071932966,9306.294510299958,7699.757122534908,7774.737216383593,7804.179083199749,8252.024023180491,7846.2310541586585,7290.3083364368595,11302.886086874118,11807.36269079272,15715.949848163213,6843.953418396227,9995.43715182294,4717.9929901919,3199.958708942715,6777.484908915371,1840.5828783794016,2064.856049474927,1883.0445140227368,6718.312064326115,5033.852243431536,3593.055843043866,6128.463554378327,3991.352582556111,4584.13059798436,7745.116240404949,6869.790927642433,2388.165410139408,6854.839336463939,5508.416580583525,9278.952654173856,3569.3940589537547,5672.858960835839,15211.865147192604,14183.353425670532,13106.123838599127,10876.587207858394,6219.823871847791,8315.915852966045,9822.601321393317,9345.308034763355,5947.836006277592,5848.811170867792,8722.818779324723,15898.019703988997,16518.438062336278,15897.464397924845,8838.630441017427,14140.392468340746,10069.741328869914,9135.720764515565,16022.293476630904,22536.64602581685,8758.367484755883,38244.38435560154,12423.794020747984,34291.131645239504,26120.420797437615,25333.904624140363,20307.681873382,20788.641689860837,27148.92639554151,18851.701364239107,8740.14454259518,17290.833261095406,16277.451819898884,13854.109236148694
Carcinoma_AGSCC_2_20_tumorales_mieloides_no_tumorales.csv,4641.93131160786,5473.414475018521,2532.312346638292,5238.539639807683,3706.3833929321813,3341.8603461401267,6572.072907144561,5160.657817469228,3191.9009856009225,6483.815486166533,3362.0809112331353,0.0,1990.900703502756,1999.2519369249344,3461.7299715908102,8823.908550867447,9536.319620220082,2943.4316882598223,1476.9037963028643,3749.5811381221138,3517.8900607819446,4386.979704776863,4819.551000351505,6066.377161802417,9208.245729885894,2916.4967129789798,3372.158299738899,531.5309154918289,1755.4939536729805,6297.645068177001,6743.001279362088,2517.163406889906,3641.087299565633,7609.774876242049,6326.359857117018,6184.319883624056,6183.2689414177175,6809.439712770335,6298.60628665957,5650.179694251721,9766.370531523578,10298.494171054885,15807.689155572774,5399.695846551688,8701.40234184931,5752.258694325162,4195.93200967122,5358.491563388709,3579.2915672440213,4724.6440365116705,5020.791347266378,9111.9568398912,7654.870818839151,4093.880065856584,7324.538145212003,6494.347995530111,6483.307822653546,8548.171736660193,9930.640006272357,3289.0477043248784,9167.537905372692,6939.357061504234,11002.305118151171,3024.7860099262207,4497.2625785881955,14604.719015338307,13782.350744948728,16092.144201772311,13973.444824085107,9041.459109513424,8816.1008241873,9624.074046709995,8362.166961285142,7406.4340841689445,9197.910386817011,11946.006791275546,15298.824026621558,15866.29654591452,15260.282410020047,11749.904759221077,17463.829221472173,10957.235239406144,11960.146894536703,19135.458385179907,25368.149073406636,8732.53199390848,41428.479037776946,15685.886808476162,37470.456460801484,29385.448118730612,28522.28587371948,23482.10427325777,24032.193854781213,30181.221324601756,22037.77074015101,11787.655835537933,16578.783786604345,15617.76672270258,13068.338753512533
Carcinoma_AGSCC_2_21_tumorales_mieloides_no_tumorales.csv,2726.094234819673,3720.9397125875976,993.062642793951,3415.134727367825,2097.3379046013592,1480.565982274113,4638.071298644749,3221.6858346993745,1314.6117168174378,4601.642115823978,4164.861090455383,1990.900703502756,0.0,417.95944060690596,1648.5548892560366,6924.551860364456,7642.780535004255,1075.0613526017878,1162.7973769538364,1911.1064079026094,2171.922643613114,3905.9824161444612,2952.0331187756215,4272.861860883094,7317.883461557386,1873.7557372698493,2269.826922731472,2402.58054017374,710.2511868768427,4462.6064832542415,5247.733636991222,1936.3895727823053,3211.9191953963577,5684.300982610047,4591.687369559074,4375.121657003255,4322.0441428701215,4999.045005473494,4457.865576778105,3764.484156990189,7889.299968039559,8429.896501986068,14613.92128357775,3756.806485460666,6931.195648792859,5013.17671973678,3765.0777269683854,3627.191971856175,3731.3127829586533,5082.3222762989235,5787.428852542153,8614.86327815531,7272.021527595045,3538.2920279485884,7009.821299749778,6391.537157970508,6499.517962332847,7536.00063332931,10538.417277840697,3288.7673121369735,10804.080820217607,8907.168144068562,12970.72929624273,2308.7909870026956,3175.1987508481357,13528.879080689872,12633.492602203805,17197.87516031878,14960.205139877484,8701.934722260574,8070.127578783785,8665.311464326942,6876.771621820185,7101.948309022581,9469.648489206207,12742.502318076193,13971.97108142462,14369.293934539417,13786.21551381268,11470.581740405325,17757.18082269393,9916.012732894813,11661.539809142603,20047.130544391435,26552.12633901333,7804.287635592583,42016.341638644226,16361.25448447546,38126.153256195386,29810.156420127016,28894.97687877726,24188.52755379049,24450.962259688593,30548.730643418345,22792.02067055674,11585.501014438109,15009.192688141276,14114.016782233115,11467.01170411409
Carcinoma_AGSCC_2_22_tumorales_mieloides_no_tumorales.csv,2672.514080105086,3692.4907465480537,939.424068977021,3375.3313461913795,2035.6278877881923,1476.2941705673693,4597.198636449829,3188.7768676731716,1281.8643561366994,4533.954720686989,4144.659990083485,1999.2519369249344,417.95944060690596,0.0,1652.759719211369,6861.319629099638,7576.29863195566,1002.3718508839077,1170.4363719334897,1868.984529848691,2093.9556223080626,4010.750883149562,2888.9743161642737,4211.147592795833,7247.6963552562875,1873.7833755224215,2221.8370409619806,2408.588127283211,544.2252014433298,4384.431385039426,5215.158628554463,2043.8744564796389,3311.591444836821,5630.010077273285,4512.321384422432,4330.403238795396,4260.840650822838,4925.168371692791,4389.156546518632,3697.2781726088856,7818.615020595147,8360.425482518094,14569.513087615454,3737.331307679081,6839.396816071274,5021.351294331095,3871.614357455958,3572.8599067393047,3825.7786525562055,5184.156024310802,5819.2839748236465,8674.391567205184,7368.2372928831455,3683.264147156786,7045.897324410877,6485.822217409944,6572.546438049942,7510.367771432438,10593.896316318465,3424.972611208924,10750.717120656742,8878.765830781624,12930.968492863238,2407.556719782862,3110.935100538776,13482.020902852602,12603.290227016707,17192.47297243759,14979.068232422127,8804.313995949553,8059.848000417728,8615.135049532306,6832.631589613352,7157.232058602226,9567.429848853568,12781.01334150543,13898.819255208613,14303.521627108688,13724.92245553693,11554.95463622345,17850.325132805054,9870.805651904062,11734.791256068744,20061.680401525526,26578.44762351922,7758.1453320372975,42072.688232435445,16402.115956208494,38169.067534916496,29888.808218886148,28966.183677700075,24217.833573819385,24524.15101290037,30592.40190840677,22828.20270034974,11679.676831474782,14930.03856479632,14042.396707893964,11400.600093416844
Carcinoma_AGSCC_2_23_tumorales_mieloides_no_tumorales.csv,1266.4919912363691,2240.43845974237,1287.425967176424,1962.143904814959,1167.6404712381193,619.7279111250015,3219.7553014420923,1824.7511726622943,739.4413237096431,3086.502950006214,5229.111801212984,3461.7299715908102,1648.5548892560366,1652.759719211369,0.0,5408.689783055142,6115.854979674074,916.7682110451348,2394.162592920745,531.6897060437473,1208.132365124968,3908.8207774644457,1462.242749005541,2695.6495741073813,5794.610979157791,1748.9489676868275,1737.4043159526198,3845.349982673258,1815.7924359764593,2888.9812904394043,3823.122050231643,2434.3091072313455,3432.9988435718064,4229.043936158183,2995.143884016767,2884.540104169752,2798.246975639938,3412.2160151161884,2888.800584616402,2252.012665215353,6342.35655196548,6875.047522616269,13353.90382442898,2321.042150899818,5324.911373647479,4281.478195291573,3547.669051858395,2091.3871186978504,4191.60898232018,5524.303998938232,6481.945956838196,8151.296945149074,6966.720643080035,3367.085460391452,6632.691756488965,6352.6457796029335,6459.9472369961095,6378.375253299618,10946.106810452693,3723.35943354446,11857.696177652115,10213.563856397084,14225.964667152255,2264.895765379113,2026.0412543487364,12348.767324789233,11417.346920927277,17938.25859770994,15646.305802163275,8427.193126131813,7264.231673036277,7627.3397783023165,5429.917760860162,6810.225319780634,9742.537183197042,13390.280552802526,12670.903340870665,12959.857749389126,12402.286537087064,11161.619458393181,17925.985138192176,8696.062939017296,11310.932081958063,20646.11594571437,27224.42160259381,6703.208237171898,42263.94124615044,16828.827414339055,38449.29977581841,30025.346347495175,29013.1651635795,24593.165751900557,24659.377832832557,30544.35693938908,23263.466387077657,11332.138521371686,13539.053653660487,12696.861179373464,9972.819155777855
Carcinoma_AGSCC_2_24_tumorales_mieloides_no_tumorales.csv,4205.81803674481,3408.489787421082,6318.007485151547,3796.9708326418245,5128.262685737491,5509.395557998187,2319.0267250092948,3741.148635124769,5670.335294008842,2354.8827365489724,10428.699669780433,8823.908550867447,6924.551860364456,6861.319629099638,5408.689783055142,0.0,760.5931026042929,5903.897935972614,7408.327931539722,5155.3313135142525,5454.838534306997,7310.951683419219,4016.34196214087,2856.3944259905543,594.5131616067983,6015.871222009741,5789.334793495013,9241.044756084719,7105.290806789606,2591.9495908050676,2711.1803804879823,7400.88559615411,7417.1298622925515,1333.8141840007736,2958.462292887254,2702.981940942748,2682.6568749250578,2252.320208933972,2632.9341503972546,3189.268483954821,1165.8284357150194,1701.3560651591947,10767.380486756816,3603.6513500883257,1319.3825650395731,6228.572553276029,7326.070063955921,3710.5372819037025,8920.4673057935,9987.038555655283,10972.948498114929,9653.951584388245,8814.529563315398,7476.294421826708,8172.509340473378,8899.359546703992,9571.485973592246,5647.033129442843,14320.718387758092,8429.418355079917,16820.395538475823,15580.78675323399,19525.688016892334,6880.662795983017,4790.0179307471535,10346.982598110731,9074.814078498453,21713.31766072822,19211.408891244097,9315.782170179498,6549.3429368408315,6441.120516489184,3491.1957912364187,8251.428193279624,11935.337823734084,16791.696452769906,9650.34454000843,8952.226435737835,8629.942705150965,11926.56943072694,19781.909526203814,6444.411029817302,11982.502994228376,23702.170196737967,30686.692938312128,5663.751050945893,43889.66736190136,19702.875687504496,40355.13543885921,31604.829032128084,30567.04221986079,26939.57881942885,26341.04169683441,31665.079078547078,25985.226886812663,12032.040084589251,9165.121950837321,8658.072441941584,5754.335049783303
Carcinoma_AGSCC_2_25_tumorales_mieloides_no_tumorales.csv,4925.967118597027,4089.1206132312163,7031.804531095283,4514.080814237182,5841.286747120576,6226.445509574507,3052.4697626998177,4486.74457354916,6386.783632294458,3071.2832190109625,11092.215864907712,9536.319620220082,7642.780535004255,7576.29863195566,6115.854979674074,760.5931026042929,0.0,6616.675657052779,8113.928971495678,5872.363254863736,6163.007259850954,7906.6136875978655,4725.785053128578,3534.308047471086,401.48790388719397,6710.2558226109195,6465.040726135291,9946.86064484344,7821.664890802175,3271.799309221329,3319.7653932668204,8084.639737504362,7979.176014219151,2035.2957417799626,3483.6750539144687,3414.9630006798075,3393.7912587215446,2855.119505151644,3272.5349295511915,3900.3484619575265,585.8960295465547,1091.7601106542465,10388.643420092058,4261.778744585194,1596.2540133066464,6780.6645962554985,7969.349551409154,4336.447552812389,9567.431505708928,10631.538304861306,11555.020939122893,10006.334766242097,9195.357465781628,8072.030701981635,8499.573690160385,9336.455768988177,9977.84822769032,5956.813081440659,14715.581829121289,9064.537725874507,17409.460852045337,16251.374848972227,20171.943501258284,7556.106435867253,5436.427702169091,10068.33832025546,8828.52881462975,22112.725746733628,19594.98765901115,9547.777218027068,6669.874578754922,6515.054694394916,3610.521800341821,8568.162574091082,12233.616125414705,17170.71628594668,9216.12914211957,8415.675579953937,8148.468047589156,12179.209985057152,20083.82583925496,6397.0997845943875,12224.636773925013,24030.427171453604,31043.312757077296,5884.607242196023,44107.84575567602,20044.867348208518,40585.633241111485,31820.50516275344,30826.41822572648,27231.850532397188,26571.93482452745,31872.028916965,26313.621453371394,12229.352738452557,8587.028939886384,8165.7874697608695,5310.986877216806
Carcinoma_AGSCC_2_26_tumorales_mieloides_no_tumorales.csv,1715.76128051347,2703.5543762417456,547.8448912961416,2399.7185047237,1150.496807979889,576.7431812030308,3647.7560726943534,2246.389701413365,465.4226216065167,3560.894344422726,4745.557270780028,2943.4316882598223,1075.0613526017878,1002.3718508839077,916.7682110451348,5903.897935972614,6616.675657052779,0.0,1667.5892845370543,894.200399644842,1269.8360325300819,3482.08182394176,1937.0072667911857,3225.1403297574284,6286.071709121349,1215.009365650273,1550.0818596477354,3370.1596381032427,1261.3472256388409,3424.6151079747106,4250.140625566788,1815.2446463757929,3037.0678111279612,4677.984617922268,3554.92998483687,3349.5821072915132,3280.996204371057,3986.601227832099,3407.20920575011,2727.774991777906,6867.173604497972,7411.029763254819,13846.647432672056,2837.6564901399897,5900.549507416989,4324.9592248207655,3349.775336345513,2674.485789746387,3788.555347127528,5179.4419079581885,6097.925276225375,8083.504779940295,6820.641962889651,3341.65050701187,6573.604818606063,6096.437365116426,6379.342222176573,6717.280103192565,10688.80563745146,3419.494548311296,11499.436254963935,9802.965175884612,13836.172144203776,1917.7238438777,2258.9409749633287,12857.474647014331,11831.643606230631,17526.85774590441,15205.001780001698,8246.993653497639,7322.988929539011,7841.827578928633,5899.76408176362,6681.85143442907,9330.484210414097,12931.172955329019,13139.370280490548,13435.629336837887,12900.018663147344,11033.226302696336,17617.77416356028,9045.648485753447,11207.655792675037,20253.67019898142,26924.496759295893,6987.9933806356,41993.972379988365,16436.09497724107,38142.85883576988,29725.445036232948,28797.51075237278,24260.806912472486,24365.793348211955,30415.638302604453,22914.526271685838,11171.00720884734,14035.427627440788,13193.480305260391,10528.844693900237
