,Carcinoma_AGSCC_2_1.csv,Carcinoma_AGSCC_2_10.csv,Carcinoma_AGSCC_2_11.csv,Carcinoma_AGSCC_2_12.csv,Carcinoma_AGSCC_2_13.csv,Carcinoma_AGSCC_2_14.csv,Carcinoma_AGSCC_2_15.csv,Carcinoma_AGSCC_2_16.csv,Carcinoma_AGSCC_2_17.csv,Carcinoma_AGSCC_2_18.csv,Carcinoma_AGSCC_2_19.csv,Carcinoma_AGSCC_2_2.csv,Carcinoma_AGSCC_2_20.csv,Carcinoma_AGSCC_2_21.csv,Carcinoma_AGSCC_2_22.csv,Carcinoma_AGSCC_2_23.csv,Carcinoma_AGSCC_2_24.csv,Carcinoma_AGSCC_2_25.csv,Carcinoma_AGSCC_2_26.csv,Carcinoma_AGSCC_2_27.csv,Carcinoma_AGSCC_2_28.csv,Carcinoma_AGSCC_2_29.csv,Carcinoma_AGSCC_2_3.csv,Carcinoma_AGSCC_2_30.csv,Carcinoma_AGSCC_2_31.csv,Carcinoma_AGSCC_2_32.csv,Carcinoma_AGSCC_2_33.csv,Carcinoma_AGSCC_2_34.csv,Carcinoma_AGSCC_2_35.csv,Carcinoma_AGSCC_2_36.csv,Carcinoma_AGSCC_2_37.csv,Carcinoma_AGSCC_2_38.csv,Carcinoma_AGSCC_2_39.csv,Carcinoma_AGSCC_2_4.csv,Carcinoma_AGSCC_2_40.csv,Carcinoma_AGSCC_2_5.csv,Carcinoma_AGSCC_2_6.csv,Carcinoma_AGSCC_2_7.csv,Carcinoma_AGSCC_2_8.csv,Carcinoma_AGSCC_2_9.csv,Carcinoma_FAHNSCC_14_1.csv,Carcinoma_FAHNSCC_14_2.csv,Carcinoma_FAHNSCC_14_3.csv,Carcinoma_FAHNSCC_14_4.csv,Carcinoma_FAHNSCC_14_5.csv,Carcinoma_FAHNSCC_15_1.csv,Carcinoma_FAHNSCC_15_2.csv,Dysplasia-HG_FAHNSCC_15_1.csv,Dysplasia-HG_FAHNSCC_15_2.csv,Dysplasia-HG_FAHNSCC_15_3.csv,Dysplasia-HG_FAHNSCC_15_4.csv,Dysplasia-LG_FAHNSCC_15_1.csv,Dysplasia-LG_FAHNSCC_15_2.csv,Stroma_ad_Carcinoma-Dysplasia_FAHNSCC_14_1.csv,Stroma_ad_Carcinoma_AGSCC_2_1.csv,Stroma_ad_Carcinoma_AGSCC_2_10.csv,Stroma_ad_Carcinoma_AGSCC_2_2.csv,Stroma_ad_Carcinoma_AGSCC_2_3.csv,Stroma_ad_Carcinoma_AGSCC_2_4.csv,Stroma_ad_Carcinoma_AGSCC_2_5.csv,Stroma_ad_Carcinoma_AGSCC_2_6.csv,Stroma_ad_Carcinoma_AGSCC_2_7.csv,Stroma_ad_Carcinoma_AGSCC_2_8.csv,Stroma_ad_Carcinoma_AGSCC_2_9.csv,Stroma_ad_Carcinoma_FAHNSCC_14_1.csv,Stroma_ad_Carcinoma_FAHNSCC_14_2.csv,Stroma_ad_Carcinoma_FAHNSCC_14_3.csv,Stroma_ad_Carcinoma_FAHNSCC_15_1.csv,Stroma_ad_Carcinoma_FAHNSCC_15_2.csv,Stroma_ad_Dysplasia-HG_FAHNSCC_15_1.csv,Stroma_ad_Dysplasia-HG_FAHNSCC_15_2.csv,Stroma_ad_Dysplasia-HG_FAHNSCC_15_3.csv,Stroma_ad_Dysplasia_FAHNSCC_14_1.csv,Stroma_ad_Dysplasia_FAHNSCC_14_2.csv,Stroma_ad_Dysplasia_FAHNSCC_14_3.csv,Stroma_ad_Dysplasia_FAHNSCC_14_4.csv
Carcinoma_AGSCC_2_1.csv,0.0,3365.255798852204,2772.170405008111,2656.795544954611,3040.142344698428,2860.5094717613524,3248.8782421626975,3310.1233879815936,3712.8255419475045,2873.378083295602,3050.602001127181,1185.919409395286,2505.4666658740757,3090.1656901280758,3175.6426502392123,3441.177630681024,3982.203200725635,3851.8481032572213,2649.740070570757,2460.6593657024787,2990.6340375739933,2562.214996655104,1319.448352088316,3075.6753252887406,3051.097839043264,3855.6582820940966,2299.023778956607,2301.7891702066404,1813.527680775919,2991.65972252753,3149.987487416636,2776.795338657482,1776.7163739897273,3137.381161528723,3860.768596444268,3174.9950910405505,3553.504022227343,3419.3509487882234,3150.3008936695637,3169.5123717617907,4054.068776991541,4180.03239293197,4179.628973745606,2537.55835637354,3603.1383259046656,1394.6415991940264,1290.596429462015,3102.252095609901,1441.917409880305,1331.5825932176951,1745.7887396783856,2046.5346673182644,1744.084168932129,4749.820665440805,4034.203090288867,3131.7275737677282,3704.508345949454,1757.6476988016884,1484.4178259791238,1766.2651802360024,2381.0259259152895,1416.4231108229594,2033.0643111288205,3481.8294331817438,5201.4952356281665,5251.220273053887,5096.15527285491,2532.555335060755,3935.469658212032,2704.939467766104,2093.9137379674357,4548.336687166719,2380.365441009662,5030.3310862477365,5643.152098724695,4879.247894383327
Carcinoma_AGSCC_2_10.csv,3365.255798852204,0.0,1408.9392403512895,1249.0618817596762,1198.6936610945606,900.4447006911771,816.468169629737,914.484375054871,756.6327712775695,838.353635388964,1284.509307806699,3181.3560514396763,1661.4003565885214,1139.2618523206074,981.5080171761367,670.7756461180916,1627.9733866656425,1775.5767885118255,1480.877175322006,1594.640074191717,836.172371841064,1257.9566131628892,2910.816053832314,667.9277283827707,1006.9335985533357,1995.6137980815652,1534.7923418645853,1564.5475439784914,2514.739473862228,1149.0200853129122,980.7204426565058,1526.6947021337394,2012.813139383952,885.6049185333151,1446.5552022905756,1136.8116847071024,966.7204421955419,892.5070148367413,954.372559947175,723.9408967147547,1679.589545557093,1907.9950968761455,1961.6463317859707,1341.5281266991683,1340.3495068573789,2617.5908727660376,3086.664525138711,766.9570671085557,2585.684580274703,3705.14095816164,4090.3136095779796,2432.4060382701537,2215.303113758181,3403.031542101955,6650.436210486832,2246.53798812714,6326.611791374198,4180.972113715024,3033.1276569120714,2268.6093674960707,1452.924499292492,2942.8963253526235,4713.78574508187,6221.209800642356,3950.0222727552077,4123.725523739443,4137.019211428736,3769.0927075590857,5811.1572663033085,2582.567188230409,3606.7895368469676,6934.422425843277,4570.432757672071,3950.373470451097,4634.560898182773,3514.068150422349
Carcinoma_AGSCC_2_11.csv,2772.170405008111,1408.9392403512895,0.0,1400.6634017065317,926.0621469211562,1218.9100910984412,1410.0020891413828,1035.3258100983396,1498.0415234221384,1203.08281034881,949.0520507105825,2489.1032410460466,1612.1970129598787,1667.780823952982,1518.9842836193195,1491.1958271758865,1750.1552448608782,1778.6060501517002,1423.9534519509816,1578.343688390891,1336.8817090436382,1146.7552676017913,2328.7020982589456,1153.1343269142556,930.2807710355893,1810.0243616453088,1344.9324112829952,1339.983542336177,2028.8316433679677,1443.9015578532021,940.1339031769865,1002.287583869552,1565.3638732733752,1021.6852995768778,1635.5606629151168,989.9537657884309,1371.19598419538,1165.1182791763388,1037.9831298973547,1090.145777022967,1790.6845554944675,1982.7371793745529,2017.7276941062119,1083.4562151648747,1327.6217757357178,1944.1103433543658,2459.009542507584,1323.6730374752954,2097.680385580335,3044.9585194347214,3412.4136572192688,1758.3119565302836,1643.7127443980623,3224.6352791698596,5889.490968984732,1822.939155892107,5590.28249348811,3453.842214834498,2391.5318007908672,1733.986791845325,1037.9597700059348,2216.052663806743,3943.169402953908,5491.395492047151,3775.5073707352362,3947.9913549600055,3921.33527289963,3035.099086743669,5076.63321608487,1932.3150589489305,2822.699040046108,6196.329521772109,3733.7492410574428,3762.9199070362743,4430.316088926433,3360.953982113753
Carcinoma_AGSCC_2_12.csv,2656.795544954611,1249.0618817596762,1400.6634017065317,0.0,1510.9622404895056,804.5087585594088,977.6838563237588,1422.486137968058,1617.2763462639073,880.0897339358356,1618.0234952715823,2519.0798163639224,1002.3612752156419,849.9483876348095,950.171724253961,1158.7430329134186,2393.903120565683,2452.3122734798303,743.9651145656837,783.2623131756371,872.7916987432928,841.134534971891,2054.873638584862,1015.922335969521,1441.687624788049,2564.3700377268433,838.6388679485098,878.4236208327351,1575.1050363791214,949.4678099814422,1348.0474231156613,1706.3962353855877,1315.974472691537,1370.0764597764355,2224.224452764899,1543.0053946883402,1683.7792360887638,1568.0939483943105,1423.6435550871388,1171.2769609122379,2429.2466106421457,2646.216379286243,2705.561258249904,909.6429099746271,1974.1551542024142,1989.161005136235,2298.1194112622416,1001.7039509112071,1845.0536761668604,2922.0759629772356,3244.9085212356536,2208.774127136063,1853.093857300391,3909.6661786104937,6212.616689522468,2363.490801058081,5880.942331452332,3648.4376002854706,2374.3713589591316,1684.1811933675071,1192.5272949770335,2319.3202680870786,4110.952829219266,5721.364180683278,4442.849968972601,4584.080260653387,4550.487059229801,3592.138061050547,5550.560600270095,2687.3301727774915,3327.9651277346966,6567.560356238685,4180.8167880610135,4403.288390461772,5068.276522374604,4061.8771557577056
Carcinoma_AGSCC_2_13.csv,3040.142344698428,1198.6936610945606,926.0621469211562,1510.9622404895056,0.0,1216.6924602284523,1369.7066607394015,952.4765033904588,1178.9898254664008,1172.6547697119236,875.9135604343621,2829.472480929601,1733.622271638286,1692.5572581413344,1496.6821409698077,1363.6870555465227,1517.2310426412773,1556.8550394136437,1649.39393179126,1764.7096293189068,1330.6720676880436,1313.8941547368672,2671.987054371453,1056.4264676422713,810.1921968986052,1720.857633274953,1570.644946637063,1591.541498835212,2359.1982618175075,1474.1317505480363,892.5164248681076,1102.1311960351209,1774.5056115569148,839.540931694717,1322.2799322503702,915.250672447121,1048.5425884806857,904.8575575753964,833.0196857556484,1020.554171747284,1597.5989751867094,1810.631764243702,1836.9376164455007,1330.403343442705,1180.612204737283,2304.064760734586,2798.2298359804695,1234.9502965594618,2386.8190889532293,3370.507708367303,3796.485940326847,2010.7832982258394,1907.9661071127832,3133.0607329582335,6086.127259602811,1943.6542359474388,5759.170368793262,3742.9779100389937,2727.4442614868954,2057.1925650755843,1329.299368651654,2585.914564730797,4250.953909440472,5701.153876295421,3665.614979263138,3846.9844272089863,3873.123777279687,3157.159386103308,5213.457161089685,1978.1008799037859,3087.6796939319743,6320.865606563935,3962.9840859482615,3681.9101786123406,4356.546131956236,3247.7476327684753
Carcinoma_AGSCC_2_14.csv,2860.5094717613524,900.4447006911771,1218.9100910984412,804.5087585594088,1216.6924602284523,0.0,806.4521674948592,1056.7206374842256,1201.5781841277987,665.7018005168741,1253.400382215188,2757.078846258506,1216.569814804962,913.0921241488313,873.9220556021652,925.6419740078338,1944.3479588302598,2000.7006509936682,1004.8105886717641,1101.3894580572705,707.181397241232,956.0752484640726,2393.638701718879,755.4074659312887,1088.728130290029,2148.480582577667,1015.9793887375658,1080.4575443405374,1942.0010000434795,973.4562403260923,1048.6884040533316,1484.0616964932765,1549.4508529776813,1034.495503612764,1738.5312562240942,1229.8544939797275,1240.344649630429,1143.899708887513,1070.1977798726718,824.6723643472054,1985.403719368444,2216.1286512132506,2239.348011532977,967.2606083311559,1546.1270248953344,2181.888890984681,2602.594422367521,790.4250892378316,2119.746926563818,3205.969959010655,3574.710192524243,2150.3146564898934,1880.1195862728514,3510.9827579289267,6330.717771686082,2092.2191143625982,5992.730228090095,3801.720209542733,2606.0274462055145,1838.5218626557369,1139.2966521659887,2515.24364094678,4313.908943496248,5879.716153616686,4052.435130931434,4212.748306480016,4191.141248723908,3542.0195749495683,5551.6785303731185,2476.6054358131355,3328.441092833736,6634.518068481529,4273.9535318192775,4029.081037803075,4700.206441923196,3650.437624102224
Carcinoma_AGSCC_2_15.csv,3248.8782421626975,816.468169629737,1410.0020891413828,977.6838563237588,1369.7066607394015,806.4521674948592,0.0,1170.5254530395518,1120.0209874270804,776.7749811607073,1465.2588285062584,3061.025626152066,1243.4083811453004,836.1161310614572,642.4278217496186,669.1181049962901,2085.7585271545654,2220.1976503330184,1273.5560791803118,1277.2743863081034,760.9391491344662,1177.6616549802873,2716.9742976218595,779.0413118825305,1231.184145286526,2368.1293806101366,1308.7212277650915,1336.6973953784577,2227.7058868673166,836.9650613810868,1169.4166110054628,1715.1725001747523,1852.9900978722064,1137.4762437378427,1859.0764547890426,1364.1511165834747,1315.1011490938065,1239.17923925934,1158.7389146809624,934.8089305266022,2104.917701709253,2343.9671934116996,2405.758157298602,1245.5723598319878,1698.4370318840947,2505.8005986147987,2947.1774027676106,800.4667125242343,2444.8756454136096,3556.0312732218713,3893.935426047877,2437.0747577687516,2215.1100651218862,3767.7173449217726,6642.5200822535635,2427.184236122243,6319.511605286415,4132.834520165465,2928.4386052139316,2181.521695014868,1439.760876090663,2818.954490163065,4650.790272194595,6207.58782679593,4338.178862239195,4498.326065052557,4489.038629931469,3828.4967891322854,5826.478089175427,2768.612278217364,3624.1712162005924,6937.675276710058,4567.257646926371,4320.766502546668,4994.587913969896,3926.931518028893
Carcinoma_AGSCC_2_16.csv,3310.1233879815936,914.484375054871,1035.3258100983396,1422.486137968058,952.4765033904588,1056.7206374842256,1170.5254530395518,0.0,907.9911638773062,1071.3082239877958,877.3993811855045,2983.983019353021,1933.1737523499564,1493.0464533886943,1386.282558293372,1040.0036198060616,1215.8796217616114,1336.636562531687,1530.3370977078878,1747.619575585544,1130.542267104519,1291.225653509157,2768.747646271404,878.1429321472992,769.7383678393245,1507.7809352654278,1523.1148116759468,1605.5477400543089,2506.2494615435803,1469.280879146801,723.7308299936105,1142.7573560032413,1974.4594968661595,738.8206799912913,1143.284384264251,859.5553108244874,871.873501370254,681.329592673848,853.2814216760924,690.8895022612691,1265.9244456747729,1448.350454768913,1527.14960447456,1159.9872368404797,906.3732162754939,2387.8342255032144,2942.886087967787,996.781496775943,2480.691198093989,3596.5572778749042,3937.1875197918193,2182.877283682044,2001.3680361655495,2913.8791239206703,6416.074618216495,1765.9670863806414,6095.5406273962235,3958.5729723028467,2816.911158116836,2064.605588978626,1217.5983231179434,2701.09565853321,4490.057313004084,5985.779568897274,3439.4993335513755,3632.217055984536,3626.005083035935,3459.8319515990997,5553.295847433435,2094.4505286632952,3295.616570502284,6698.397325402052,4291.012381714166,3452.8930311570402,4128.06546584897,3000.1580026322536
Carcinoma_AGSCC_2_17.csv,3712.8255419475045,756.6327712775695,1498.0415234221384,1617.2763462639073,1178.9898254664008,1201.5781841277987,1120.0209874270804,907.9911638773062,0.0,1120.3681591491627,1263.5222900190272,3460.2786675922575,2001.8408792848306,1528.3714207868268,1303.9741782311412,916.4661457169238,1334.9646299972646,1585.3123896299462,1836.7484462237026,1956.6711675946933,1162.4634435395942,1525.966530797482,3247.813469297919,950.0626949084219,1030.430931561733,1770.3561506461517,1887.5667122539523,1904.2428996504827,2861.165896910506,1450.9422470341012,1067.9824036666796,1540.5846456326005,2371.3328877452445,935.007494016211,1156.247574450999,1081.7727053684664,892.6325711895704,798.5673707181223,947.9564443934732,862.8478625287248,1377.1343182244154,1592.0945433045429,1677.022942030515,1600.5202235923723,1109.896628478516,2868.9606274684197,3400.0013906485915,978.1988845059609,2918.54724753659,4036.595616841746,4412.209795698649,2638.3036472792087,2475.3559185410027,3141.832640028849,6840.646535439483,2281.909276209681,6512.072741124053,4408.103229333564,3305.7670031855614,2555.9860758736468,1701.9110991397572,3189.0114379164406,4958.095177970839,6409.579034262271,3709.436651686718,3902.4641256268274,3944.9226824158977,3877.758199233962,5958.940531775999,2554.446964180554,3764.1006869295306,7096.10459334272,4733.982822954812,3742.884101865207,4431.264458495429,3278.2120240765603
Carcinoma_AGSCC_2_18.csv,2873.378083295602,838.353635388964,1203.08281034881,880.0897339358356,1172.6547697119236,665.7018005168741,776.7749811607073,1071.3082239877958,1120.3681591491627,0.0,1247.3209795368698,2749.3177514840986,1170.0903113532681,935.8414841209857,863.8048024167526,882.3136871595583,1926.6290046844993,2027.1059937053096,1142.906431001737,1175.9125803724723,663.64041627224,949.6602997780817,2445.441603150496,675.8481167837374,1060.3798330272314,2177.7299288154313,1092.0709204730535,1136.9354714342585,2018.717039768091,885.3611719040467,1055.6394590087616,1439.053230213255,1563.4507277821358,966.1697401612337,1691.1795545631464,1172.5562563428598,1204.1210454118766,1107.0838223589988,973.1555278731822,824.0441253927813,1981.4074497030936,2229.2553504683588,2247.2390645992164,1032.9414504644096,1566.2407718128236,2192.253769121167,2618.571761425342,715.4403330610818,2135.477693592826,3239.3186096581417,3608.7129076954125,2107.9162616702947,1874.2413617089285,3550.989150917638,6266.2673931392665,2179.122620611584,5921.205554236362,3746.4595546108294,2610.814236259409,1863.4481637627712,1145.0018615390659,2493.158381677922,4271.166825442339,5813.417625842297,4102.245204462146,4262.007040585101,4236.139627491831,3438.461381604058,5486.281585446653,2482.0596846990466,3255.3068831036917,6556.506558780948,4196.594656923342,4083.760335986773,4754.750174525766,3696.3900748043375
Carcinoma_AGSCC_2_19.csv,3050.602001127181,1284.509307806699,949.0520507105825,1618.0234952715823,875.9135604343621,1253.400382215188,1465.2588285062584,877.3993811855045,1263.5222900190272,1247.3209795368698,0.0,2812.4197775704765,1960.3914382761907,1802.076889539797,1604.52160749396,1474.6346457386242,1278.1171584817257,1282.7339760140983,1719.6206137230965,1880.5645670550584,1412.1504131606391,1348.2725037780313,2634.1893216258495,1127.7270887961017,760.4041013243299,1387.9528204960732,1579.0991929536428,1726.2997577525887,2508.930512846687,1607.521410751007,830.774205914721,967.5181408113611,1863.6231600422009,859.1942236355624,1137.857798697315,842.7836617088844,1106.116631088804,860.5972225495609,825.311512435624,1056.346657783683,1350.6445602938209,1540.0760862144828,1553.6916392210442,1294.1035666211483,973.0060268081139,2227.389668458842,2711.1332124886503,1311.6346337465804,2368.3618253242885,3344.5025741297954,3752.836438177963,1979.4306907627627,1889.0085124530249,2803.757572514761,6111.603426856238,1625.0730660865622,5795.708472488102,3643.75093408831,2630.9870160286896,1935.6333344925335,1219.1564429846928,2435.154396193778,4216.258916115412,5657.810742161538,3332.9677802576666,3520.763768164942,3493.822313165268,3148.832444237815,5263.648951763515,1754.3502593786989,2996.477815018293,6371.135603886988,3964.565160985164,3324.1759945179565,3986.639402865352,2903.398805048952
Carcinoma_AGSCC_2_2.csv,1185.919409395286,3181.3560514396763,2489.1032410460466,2519.0798163639224,2829.472480929601,2757.078846258506,3061.025626152066,2983.983019353021,3460.2786675922575,2749.3177514840986,2812.4197775704765,0.0,2456.756946077322,2914.311567020511,3006.458046231543,3213.4634504955243,3656.8528337568296,3514.808256475535,2427.4601441605328,2274.766626844549,2815.444432688985,2316.915181888916,1223.8251485282021,2845.7173143916602,2760.9609521390876,3495.268314986738,2173.763039301707,2209.683147487824,1782.2513422044483,2738.769029018532,2801.8436830923515,2445.0746093916964,1658.3972475842806,2895.0427889872735,3578.5266031240453,2881.761895865811,3329.833574279544,3137.9609993036097,2980.7204233226903,2939.1120919940313,3679.1264840540052,3781.2714133364625,3817.234644417474,2304.768764602247,3265.8501223310145,1131.7170926828535,1083.7476989117783,2931.8257040066205,1361.208967609416,1306.7821551567956,1586.4593207554356,1935.1275450501935,1532.9622100946472,4382.449201136746,4060.304123852854,2659.1253043501865,3728.1499025868534,1681.6071428377572,1143.1235221804338,1572.9147778523593,2102.434284654931,1175.4042336771784,2062.31599878092,3523.237068808663,4851.640240910969,4908.78771485242,4748.09542347318,2430.6455521720454,3989.387212454012,2363.03360070466,2068.292995246259,4619.497794218226,2433.3633184864384,4701.540878672613,5321.664083632455,4541.990045200952
Carcinoma_AGSCC_2_20.csv,2505.4666658740757,1661.4003565885214,1612.1970129598787,1002.3612752156419,1733.622271638286,1216.569814804962,1243.4083811453004,1933.1737523499564,2001.8408792848306,1170.0903113532681,1960.3914382761907,2456.756946077322,0.0,1067.037017061037,1174.96028283523,1527.1645914114672,2851.733896725952,2893.525855772862,1193.0708097603656,912.6791779087739,1227.5273809988332,1165.3964322012328,2097.168363920022,1432.98138843846,1796.8134289054035,3015.984764306779,1154.4159211606966,1059.0762454189264,1514.445473005061,1037.2060121159714,1850.215251262087,1955.5296987391719,1326.8905178997907,1781.84259569384,2600.1069062713673,1910.1723326609044,2073.3187410057776,1982.06792281677,1727.8383151367814,1657.112293004348,2921.0664812140512,3153.942309957769,3165.666789781568,1419.0413094635155,2447.022169799594,2093.2736368063765,2327.239045993617,1351.4455078324472,1930.7052164514928,2863.2698998284854,3183.464336987192,2253.4933962770197,1950.7541386644825,4307.401059428389,5985.458135216767,2765.2984521796493,5668.057013246312,3502.136553307189,2433.7613688233564,1885.8496390341102,1517.147382929373,2304.0426647889976,3967.343500326276,5518.944478858249,4845.644065450111,4948.8512078657795,4909.590784171547,3532.2603570355263,5348.9215359100235,2828.7357166976544,3324.0074357444732,6307.938184014792,4044.2279216511433,4768.992294890093,5434.5071813534105,4476.8856327332805
Carcinoma_AGSCC_2_21.csv,3090.1656901280758,1139.2618523206074,1667.780823952982,849.9483876348095,1692.5572581413344,913.0921241488313,836.1161310614572,1493.0464533886943,1528.3714207868268,935.8414841209857,1802.076889539797,2914.311567020511,1067.037017061037,0.0,793.6340482816679,967.1160850116526,2455.3282229478905,2557.274774713676,1093.165055363645,1060.750002593948,834.9453677468931,1207.2591922484364,2516.0555652005955,1058.5905677022242,1586.7396880222775,2734.9562171797083,1208.4612994450522,1228.4719128861052,1958.2433242898176,880.2629777259497,1489.86371566162,2019.1656103702696,1747.8651198170664,1479.0998544237043,2269.9451552444957,1709.9064024290233,1675.8111839290689,1605.855316986782,1523.8265270590784,1199.1500933097211,2497.610058362613,2727.1582598408268,2760.3352015377577,1309.437835082169,2068.6431721454383,2483.158933390569,2763.6587272340175,981.2996757442507,2313.2468700527743,3375.8803788991872,3682.059966354893,2529.1396011737543,2273.0655090802215,4098.783898019337,6586.45977568276,2587.3210783852783,6255.122999132331,4031.6700296855574,2810.80743176088,2101.8720454736003,1496.9971346722918,2775.1391520127595,4534.373287587008,6128.841414027144,4634.167649468353,4785.813425863759,4756.864713312892,3938.1253313971265,5841.961484110784,3047.5750252433077,3693.294078908447,6914.308998176732,4566.8662429861115,4611.159303647796,5282.327320806112,4241.787056705976
Carcinoma_AGSCC_2_22.csv,3175.6426502392123,981.5080171761367,1518.9842836193195,950.171724253961,1496.6821409698077,873.9220556021652,642.4278217496186,1386.282558293372,1303.9741782311412,863.8048024167526,1604.52160749396,3006.458046231543,1174.96028283523,793.6340482816679,0.0,783.0232882612077,2267.303169170354,2379.572348129832,1228.1934903006609,1224.3299875076,793.241441462897,1225.431870279529,2653.156696959982,922.46138569466,1418.7146142951158,2575.836457896398,1279.726459201123,1356.1805267101463,2167.4756871943723,796.9244530683588,1363.8598616312793,1841.9285103300829,1813.7981378667291,1318.370240301713,2015.3725435943559,1522.6742632135363,1489.050603999274,1423.649054155817,1316.7369084753498,1094.4238969032856,2322.7454084560336,2580.1650951934166,2616.0656523965854,1327.7575378510471,1926.899438614285,2479.067026788116,2870.370313923432,894.926943878655,2412.0502352635854,3504.651924807181,3851.334487855893,2452.650263472727,2250.7956347069494,3927.285520611879,6574.688038396105,2482.8718333066563,6249.7864431748985,4077.9564601916727,2857.028018112721,2168.801337331488,1450.5255054796621,2813.070166182617,4598.214220180135,6138.625887938154,4484.951705685456,4631.93118504334,4607.451314757357,3839.227340776289,5779.849443472845,2879.6913505754746,3609.3131364496935,6877.23814942491,4517.811372606653,4452.686846959511,5120.052511024325,4083.059086939639
Carcinoma_AGSCC_2_23.csv,3441.177630681024,670.7756461180916,1491.1958271758865,1158.7430329134186,1363.6870555465227,925.6419740078338,669.1181049962901,1040.0036198060616,916.4661457169238,882.3136871595583,1474.6346457386242,3213.4634504955243,1527.1645914114672,967.1160850116526,783.0232882612077,0.0,1877.3032139640434,2039.9217811602596,1369.0298917625644,1477.4759113687112,770.3546548055052,1293.8589126561028,2895.9115365658,756.9128614806341,1188.2455184448493,2262.8385163945677,1528.755461013935,1512.9947046023512,2419.3428439660297,957.6862390586,1151.2769537468157,1730.9667138902914,2036.0163604824784,1058.4622326528022,1684.7149845492927,1326.1006142142007,1158.443887050613,1113.8349162144923,1168.6390061589982,804.561186749871,1908.122298985814,2125.8727918774816,2206.6912643546393,1371.7657041117325,1580.526496156572,2689.0566931415474,3128.933214450391,782.3256044270096,2653.7009134962823,3766.124451043048,4075.622133163464,2572.630917380149,2343.9647416836883,3644.2880772384915,6770.525723838158,2388.4541480073326,6442.401071598472,4304.5624683736405,3095.491480584351,2366.024343969652,1522.2156129712437,3004.7243557917127,4824.908531735081,6354.890085658464,4184.776018208417,4359.407216100364,4360.436216358564,3933.954757405329,5947.978362949063,2814.3366091968032,3751.158294822776,7051.415641647649,4711.466968221241,4184.981894762978,4866.781811684347,3776.759350332829
Carcinoma_AGSCC_2_24.csv,3982.203200725635,1627.9733866656425,1750.1552448608782,2393.903120565683,1517.2310426412773,1944.3479588302598,2085.7585271545654,1215.8796217616114,1334.9646299972646,1926.6290046844993,1278.1171584817257,3656.8528337568296,2851.733896725952,2455.3282229478905,2267.303169170354,1877.3032139640434,0.0,671.5495236086955,2535.1327183907993,2739.1944454156965,2015.708554972468,2196.359725595449,3571.3173867780515,1708.1134587958816,1332.7062665922278,828.407488408044,2467.1569782769393,2533.778098619929,3452.96842722505,2419.290209154981,1341.808739224178,1494.1245436191543,2842.763913277241,1324.000870512959,777.3157100381403,1246.9849772998882,1325.3201428507102,1098.345185354877,1387.7110934153384,1478.213133616224,612.3234162463464,634.6247653142964,654.7361837240048,2024.3901220721311,758.9269695537608,3077.8758535454854,3645.4683852177127,1814.372190267366,3296.308474199059,4248.491225083204,4681.448857231835,2778.1189867471335,2662.582915578323,2112.899042577091,6720.678357854947,1866.2923646165673,6392.772979562553,4429.048428902289,3456.0766119219106,2723.1284440559166,1962.9591422725102,3307.4456996994777,4931.230880936799,6266.336236422777,2590.9216352502413,2840.681277347795,2907.873654651234,3663.2237788436887,5761.942903132656,2000.4083712746324,3655.899921334603,6957.254263691817,4555.727689018382,2679.663442275844,3347.6699018177856,2138.3039784716825
Carcinoma_AGSCC_2_25.csv,3851.8481032572213,1775.5767885118255,1778.6060501517002,2452.3122734798303,1556.8550394136437,2000.7006509936682,2220.1976503330184,1336.636562531687,1585.3123896299462,2027.1059937053096,1282.7339760140983,3514.808256475535,2893.525855772862,2557.274774713676,2379.572348129832,2039.9217811602596,671.5495236086955,0.0,2588.7319821622254,2782.3654487882654,2124.0254354639433,2226.3323776042034,3448.2266333894454,1832.7866718191358,1472.0232330475112,707.2053619613454,2474.711230717273,2583.531231014241,3434.925127483514,2535.627309460654,1422.423883429759,1492.9912418805732,2810.84912089817,1454.0944631289267,942.066781777038,1422.2374607270492,1464.6495165910846,1253.800561142266,1478.0624768741632,1591.6674510315208,784.1832418349276,723.8218497936709,721.7751087343842,2028.4009241988063,885.5922410631954,2936.0969365632427,3492.450389008976,1925.7504947765594,3218.903229028771,4088.6030460781976,4551.103071930363,2689.630982992881,2594.046401988512,1964.792936310054,6471.182180499248,1671.4895866050642,6142.450835966804,4185.460983987727,3303.6436837927813,2602.2861743963454,1906.3538860533051,3183.2878966709477,4695.273664968359,6032.423468177547,2429.0529228037035,2676.935634327128,2762.4230257992294,3444.6590510174738,5531.161708530772,1781.9124641307567,3440.712708248143,6693.936122075252,4313.531343893369,2508.1598594519446,3160.319736520972,1960.2027450397898
Carcinoma_AGSCC_2_26.csv,2649.740070570757,1480.877175322006,1423.9534519509816,743.9651145656837,1649.39393179126,1004.8105886717641,1273.5560791803118,1530.3370977078878,1836.7484462237026,1142.906431001737,1719.6206137230965,2427.4601441605328,1193.0708097603656,1093.165055363645,1228.1934903006609,1369.0298917625644,2535.1327183907993,2588.7319821622254,0.0,797.5329843383049,1089.3150668263547,915.1506596230745,1959.4961590109265,1243.5102333749464,1553.9777638322262,2681.3676124954513,798.494047575229,943.850133244699,1451.531138424442,1159.8521682290336,1453.1727032951408,1791.1774485862707,1301.9908420645095,1521.325612821403,2370.414073675801,1660.62932230551,1833.7248503207945,1722.6820335693915,1552.7434295255555,1305.6672533699948,2547.6055193157463,2765.1608604563385,2815.3336246049575,952.8669965811567,2092.930061899331,1853.0076215229667,2180.252243764742,1224.9696982284472,1760.1587470198904,2841.520569847765,3097.149032984564,2188.106584106456,1873.2559620505594,4002.862093172978,6164.1855682931555,2357.764299688303,5842.4233306388305,3569.7584319540288,2265.1605348474613,1669.1856822447699,1215.0381399834837,2195.4068173487753,4069.6777885267174,5675.038405930327,4534.578436860537,4675.975799772976,4617.0565304843885,3591.9675698386154,5548.081231006829,2711.868113129542,3294.406197807474,6559.878722101609,4145.010535645477,4487.950103208671,5145.440257749423,4165.715392331489
Carcinoma_AGSCC_2_27.csv,2460.6593657024787,1594.640074191717,1578.343688390891,783.2623131756371,1764.7096293189068,1101.3894580572705,1277.2743863081034,1747.619575585544,1956.6711675946933,1175.9125803724723,1880.5645670550584,2274.766626844549,912.6791779087739,1060.750002593948,1224.3299875076,1477.4759113687112,2739.1944454156965,2782.3654487882654,797.5329843383049,0.0,1182.286243354876,986.2512130628256,1841.2748826828258,1358.8899579008107,1690.7616646503618,2874.5048774047104,833.1939006840814,875.8767057644924,1323.8613181929416,1085.476203523165,1685.4326403038206,1921.4299382070167,1186.4108514291222,1686.8108954202994,2561.257084041071,1806.1296944825235,2035.5918558187245,1913.0231412677308,1710.9869501619971,1504.3901100065707,2778.3742005928007,2982.9059957598656,3043.3041096283787,1132.9712367584962,2295.335363226723,1842.4597308941752,2080.8551421230363,1287.7720160229749,1650.2709613957777,2688.887264714073,2967.6526646909933,2164.413588508863,1824.999147488224,4131.1018707167905,5991.422081653355,2515.670545131088,5685.632517465444,3424.4982586177975,2197.807436658953,1635.2259269490162,1297.7705471782347,2107.0915242674027,3902.7452146057644,5510.641377622726,4662.361219295058,4778.31995078579,4721.299696773052,3510.282291713068,5406.459457055164,2736.4428277482803,3242.144274802139,6379.46789785385,4025.008583763128,4590.077845053123,5248.932147211665,4312.062539107322
Carcinoma_AGSCC_2_28.csv,2990.6340375739933,836.172371841064,1336.8817090436382,872.7916987432928,1330.6720676880436,707.181397241232,760.9391491344662,1130.542267104519,1162.4634435395942,663.64041627224,1412.1504131606391,2815.444432688985,1227.5273809988332,834.9453677468931,793.241441462897,770.3546548055052,2015.708554972468,2124.0254354639433,1089.3150668263547,1182.286243354876,0.0,1013.0674339331911,2499.6449301532484,736.5548273565101,1173.0043574328968,2289.795861836254,1171.8638773471616,1171.5923524826771,2035.8475477521345,864.6242895527109,1114.6772732398933,1593.7016652308732,1661.712550901948,1082.388602854388,1844.6837009971384,1283.5697126209784,1269.7430435475894,1184.9789917873106,1115.5920343141536,830.1622978591428,2064.7477336814195,2295.009147537958,2348.42038496276,1085.0975479838728,1656.3384367768053,2298.1737142885145,2722.4359551846305,684.7399031120124,2241.4918544316142,3333.7259568943286,3690.0418648150403,2234.573133098001,1967.7176858902621,3671.688957943037,6360.477358553775,2238.1341249746206,6032.918099555895,3867.6251394173546,2679.2560052649264,1978.4956748592572,1198.3415840582481,2616.709941529447,4385.202675694958,5923.620443538788,4218.4797234888465,4376.96007461625,4364.788910917608,3593.068826933225,5605.526235859425,2645.4038400173204,3384.973359959574,6670.2357444696645,4317.2661943300545,4206.865258458667,4887.412937549341,3818.3191768105544
Carcinoma_AGSCC_2_29.csv,2562.214996655104,1257.9566131628892,1146.7552676017913,841.134534971891,1313.8941547368672,956.0752484640726,1177.6616549802873,1291.225653509157,1525.966530797482,949.6602997780817,1348.2725037780313,2316.915181888916,1165.3964322012328,1207.2591922484364,1225.431870279529,1293.8589126561028,2196.359725595449,2226.3323776042034,915.1506596230745,986.2512130628256,1013.0674339331911,0.0,1977.9626633216963,1013.7546407470276,1149.9675162439003,2339.369004675598,914.1144353786173,990.3074268881458,1641.2774140563913,1020.9316040928816,1192.547343892094,1379.4888086392853,1215.7650024486481,1216.2610711195243,2001.6003599019,1302.0440790469786,1548.443974826248,1407.4095708234029,1234.8393905396726,1102.1852356573902,2242.1722191192785,2449.670646579562,2505.3073522711557,848.4107070777742,1783.3415013583315,1779.7376038261966,2171.314074319838,1077.7030608189662,1716.5325708605267,2826.7318469842958,3122.8300610445676,1982.2833139121067,1603.2824998602182,3696.646705695954,5974.577785473575,2207.037871339805,5657.122282771406,3381.0910612462812,2210.5473096139335,1551.4519162409808,1085.6682104307442,2114.110699752774,3909.0202249276244,5500.462946889062,4250.803417917042,4395.547395963275,4372.964562773465,3339.8388486256877,5332.972184285383,2339.123798112108,3056.26161264326,6336.666133469583,3963.382911176507,4209.097610464943,4896.375208216654,3837.77086341701
Carcinoma_AGSCC_2_3.csv,1319.448352088316,2910.816053832314,2328.7020982589456,2054.873638584862,2671.987054371453,2393.638701718879,2716.9742976218595,2768.747646271404,3247.813469297919,2445.441603150496,2634.1893216258495,1223.8251485282021,2097.168363920022,2516.0555652005955,2653.156696959982,2895.9115365658,3571.3173867780515,3448.2266333894454,1959.4961590109265,1841.2748826828258,2499.6449301532484,1977.9626633216963,0.0,2584.190455923918,2600.567329529672,3460.09017653696,1770.1021257751415,1837.3502306906419,1200.6203961729484,2391.0460204524666,2590.867079866744,2399.4406624963162,1411.5747858890304,2684.5104154312503,3462.457051521309,2718.9136756019075,3130.421374737973,2960.1961947345235,2758.1810280130644,2676.5608310994653,3607.5979977977095,3726.981614993554,3775.6565767186416,1939.0867661737145,3136.116848798092,1055.8408173086746,974.1637064642949,2631.3351461103075,920.9493874794124,1349.0842656020616,1590.392764205287,2123.24239673293,1653.7315339720449,4429.753124624646,4793.970217844432,2681.5575443366815,4457.832943481148,2218.9085138419964,1178.1683661093573,1359.8222466385964,1846.7039481521256,1204.1729637093713,2659.038208404392,4176.495926366141,4908.978175729689,4957.65004970362,4823.531882035277,2946.7737849365344,4636.873345335102,2612.6853572594387,2576.7869647643097,5342.117261364034,3063.316339737175,4745.018946644087,5381.4761400095995,4583.237611160673
Carcinoma_AGSCC_2_30.csv,3075.6753252887406,667.9277283827707,1153.1343269142556,1015.922335969521,1056.4264676422713,755.4074659312887,779.0413118825305,878.1429321472992,950.0626949084219,675.8481167837374,1127.7270887961017,2845.7173143916602,1432.98138843846,1058.5905677022242,922.46138569466,756.9128614806341,1708.1134587958816,1832.7866718191358,1243.5102333749464,1358.8899579008107,736.5548273565101,1013.7546407470276,2584.190455923918,0.0,901.0595962135324,1975.1737093985641,1264.4474369918553,1302.4725327541078,2207.0576999883033,1005.5023704513843,871.1561798418895,1339.6555737875547,1702.3730974905443,788.8619285512804,1517.7444830171278,1022.7912324820139,1006.5366715448145,905.0179278420294,866.8954728351389,699.2848509813548,1762.1476456331247,1992.0707403866816,2038.5633344194891,1081.2336157893342,1353.511668111308,2303.514728733231,2765.0881583560513,703.735932153824,2296.3239232978312,3408.3968735671438,3751.733985539269,2170.3224589127876,1968.3021616956803,3390.3523344808546,6383.876413605635,2088.066081132972,6060.991215104529,3876.6141709673193,2718.0244380377208,1982.3743052141278,1188.7343980022051,2605.314402907576,4420.873760410765,5955.620542518923,3935.448818350204,4104.009887608009,4100.027011933874,3527.727949990462,5564.458498838407,2415.844389620193,3329.5718563735472,6677.774918180387,4302.444438458028,3926.6492487096502,4604.309810616894,3517.251032420981
Carcinoma_AGSCC_2_31.csv,3051.097839043264,1006.9335985533357,930.2807710355893,1441.687624788049,810.1921968986052,1088.728130290029,1231.184145286526,769.7383678393245,1030.430931561733,1060.3798330272314,760.4041013243299,2760.9609521390876,1796.8134289054035,1586.7396880222775,1418.7146142951158,1188.2455184448493,1332.7062665922278,1472.0232330475112,1553.9777638322262,1690.7616646503618,1173.0043574328968,1149.9675162439003,2600.567329529672,901.0595962135324,0.0,1561.9695578261733,1470.795513988993,1532.8611474586457,2391.118595433424,1392.0455298338077,717.7457204057134,943.5316254695499,1806.9957290426364,651.4434236171493,1215.2944667586974,691.3467469881706,949.2480369893406,761.3279959766921,726.4904963561597,849.4658757734574,1369.2911748318477,1576.881629359992,1625.3910099581742,1197.6645055764811,987.4785807588373,2203.2108716822195,2716.8639256566826,1046.6770365205366,2290.8465831503877,3343.201653399396,3718.852020839087,2025.8073638334151,1828.878844025018,2978.711667111449,6148.588139150498,1828.1155437884702,5820.17287915437,3712.1457546829447,2640.11812267459,1935.6001173791246,1169.7322922664112,2511.4599205356944,4248.73571964002,5695.693043770708,3537.968836638349,3730.0169038250665,3737.5929195346566,3204.303670810824,5293.46708477796,1966.80384897608,3080.8407605615976,6401.476088499088,4033.0905112728187,3559.4437907258234,4238.623487569033,3117.5592454806774
Carcinoma_AGSCC_2_32.csv,3855.6582820940966,1995.6137980815652,1810.0243616453088,2564.3700377268433,1720.857633274953,2148.480582577667,2368.1293806101366,1507.7809352654278,1770.3561506461517,2177.7299288154313,1387.9528204960732,3495.268314986738,3015.984764306779,2734.9562171797083,2575.836457896398,2262.8385163945677,828.407488408044,707.2053619613454,2681.3676124954513,2874.5048774047104,2289.795861836254,2339.369004675598,3460.09017653696,1975.1737093985641,1561.9695578261733,0.0,2549.916616390728,2614.903435650832,3481.68211058538,2684.071546632134,1554.7237946329317,1528.8358621831908,2847.833083823875,1571.5715331666881,1076.6658250739754,1462.2427084767912,1654.7773950458936,1386.9030209929047,1575.596758186273,1792.3526554901173,868.6355313260285,772.9673027705416,750.9666482985045,2078.8143619067514,978.8219211675391,2954.5716364715563,3519.609090998981,2072.4506353305874,3249.369566609025,4094.3533739783643,4540.209165083299,2671.410223092841,2603.297438981761,1794.431061786285,6384.583162081261,1658.7163816458963,6036.863203351179,4150.979665777055,3314.0800045309024,2597.162760289275,1952.6292167422598,3158.5732126105418,4664.7248456063635,5940.624191821823,2323.719901211678,2572.9352375225735,2639.889642705656,3324.241354090538,5401.852565296415,1689.739897628652,3363.7258530718095,6606.269441637139,4228.042151763736,2412.189011996516,3066.7620242592097,1863.6594946043213
