,Carcinoma_AGSCC_2_29_mieloides.csv,Dysplasia-LG_FAHNSCC_15_2_mieloides.csv,Stroma_ad_Dysplasia_FAHNSCC_14_2_mieloides.csv,Carcinoma_AGSCC_2_31_mieloides.csv,Carcinoma_AGSCC_2_25_mieloides.csv,Carcinoma_AGSCC_2_24_mieloides.csv,Stroma_ad_Dysplasia_FAHNSCC_14_4_mieloides.csv,Carcinoma_AGSCC_2_11_mieloides.csv,Stroma_ad_Dysplasia_FAAGSCC_13_5_mieloides.csv,Carcinoma_AGSCC_2_37_mieloides.csv,Carcinoma_AGSCC_2_27_mieloides.csv,Stroma_ad_Dysplasia-HG_FAHNSCC_15_1_mieloides.csv,Carcinoma_AGSCC_2_7_mieloides.csv,Stroma_ad_Carcinoma_FAHNSCC_15_1_mieloides.csv,Carcinoma_AGSCC_2_19_mieloides.csv,Dysplasia-Stroma_FAAGSCC_13_7_mieloides.csv,Carcinoma_FAHNSCC_14_3_mieloides.csv,Stroma_ad_Dysplasia_FAAGSCC_13_8_mieloides.csv,Stroma_ad_Carcinoma_AGSCC_2_9_mieloides.csv,Stroma_ad_Dysplasia-HG_FAHNSCC_15_3_mieloides.csv,Stroma_ad_Dysplasia_FAAGSCC_13_3_mieloides.csv,Carcinoma_AGSCC_2_13_mieloides.csv,Stroma_ad_Carcinoma_AGSCC_2_5_mieloides.csv,Carcinoma_FAHNSCC_14_5_mieloides.csv,Stroma_ad_Carcinoma_AGSCC_2_10_mieloides.csv,Stroma_ad_Dysplasia_FAHNSCC_14_1_mieloides.csv,Stroma_ad_Carcinoma_AGSCC_2_8_mieloides.csv,Stroma_ad_Carcinoma_FAHNSCC_14_2_mieloides.csv,Dysplasia_FAAGSCC_13_1_mieloides.csv,Carcinoma_AGSCC_2_6_mieloides.csv,Stroma_ad_Carcinoma_AGSCC_2_7_mieloides.csv,Dysplasia_FAAGSCC_13_4_mieloides.csv,Dysplasia-Stroma_FAAGSCC_13_1_mieloides.csv,Carcinoma_FAHNSCC_14_4_mieloides.csv,Carcinoma_AGSCC_2_5_mieloides.csv,Stroma_ad_Carcinoma_AGSCC_2_4_mieloides.csv,Stroma_ad_Dysplasia_FAAGSCC_13_4_mieloides.csv,Carcinoma_AGSCC_2_4_mieloides.csv,Dysplasia-Stroma_FAAGSCC_13_8_mieloides.csv,Carcinoma_AGSCC_2_23_mieloides.csv,Carcinoma_AGSCC_2_20_mieloides.csv,Carcinoma_AGSCC_2_36_mieloides.csv,Stroma_ad_Dysplasia_FAAGSCC_13_9_mieloides.csv,Carcinoma_AGSCC_2_12_mieloides.csv,Carcinoma_AGSCC_2_10_mieloides.csv,Stroma_ad_Carcinoma_FAHNSCC_15_2_mieloides.csv,Carcinoma_AGSCC_2_9_mieloides.csv,Dysplasia-Stroma_FAAGSCC_13_2_mieloides.csv,Carcinoma_AGSCC_2_35_mieloides.csv,Dysplasia_FAAGSCC_13_2_mieloides.csv,Carcinoma_FAHNSCC_15_2_mieloides.csv,Carcinoma_FAHNSCC_14_2_mieloides.csv,Carcinoma_AGSCC_2_2_mieloides.csv,Carcinoma_AGSCC_2_1_mieloides.csv,Stroma_ad_Dysplasia_FAAGSCC_13_11_mieloides.csv,Dysplasia-Stroma_FAAGSCC_13_6_mieloides.csv,Stroma_ad_Carcinoma_AGSCC_2_1_mieloides.csv,Stroma_ad_Carcinoma_FAHNSCC_14_1_mieloides.csv,Stroma_ad_Dysplasia_FAAGSCC_13_1_mieloides.csv,Carcinoma_AGSCC_2_16_mieloides.csv,Dysplasia-HG_FAHNSCC_15_2_mieloides.csv,Stroma_ad_Dysplasia_FAAGSCC_13_6_mieloides.csv,Dysplasia-HG_FAHNSCC_15_3_mieloides.csv,Stroma_ad_Carcinoma_AGSCC_2_6_mieloides.csv,Carcinoma_AGSCC_2_18_mieloides.csv,Carcinoma_AGSCC_2_39_mieloides.csv,Carcinoma_AGSCC_2_3_mieloides.csv,Stroma_ad_Carcinoma_FAHNSCC_14_3_mieloides.csv,Carcinoma_AGSCC_2_21_mieloides.csv,Stroma_ad_Carcinoma_AGSCC_2_2_mieloides.csv,Carcinoma_AGSCC_2_8_mieloides.csv,Dysplasia-Stroma_FAAGSCC_13_5_mieloides.csv,Carcinoma_AGSCC_2_30_mieloides.csv,Carcinoma_AGSCC_2_17_mieloides.csv,Stroma_ad_Dysplasia_FAAGSCC_13_2_mieloides.csv,Carcinoma_AGSCC_2_38_mieloides.csv,Stroma_ad_Dysplasia_FAHNSCC_14_3_mieloides.csv,Stroma_ad_Dysplasia-HG_FAHNSCC_15_2_mieloides.csv,Dysplasia-Stroma_FAAGSCC_13_3_mieloides.csv,Carcinoma_AGSCC_2_22_mieloides.csv,Dysplasia_FAAGSCC_13_3_mieloides.csv,Dysplasia-HG_FAHNSCC_15_1_mieloides.csv,Carcinoma_AGSCC_2_34_mieloides.csv,Carcinoma_AGSCC_2_26_mieloides.csv,Stroma_ad_Carcinoma-Dysplasia_FAHNSCC_14_1_mieloides.csv,Stroma_ad_Dysplasia_FAAGSCC_13_7_mieloides.csv,Dysplasia-Stroma_FAAGSCC_13_4_mieloides.csv,Stroma_ad_Dysplasia_FAAGSCC_13_10_mieloides.csv,Dysplasia-LG_FAHNSCC_15_1_mieloides.csv,Carcinoma_FAHNSCC_15_1_mieloides.csv,Carcinoma_AGSCC_2_15_mieloides.csv,Carcinoma_AGSCC_2_40_mieloides.csv,Stroma_ad_Carcinoma_AGSCC_2_3_mieloides.csv,Carcinoma_AGSCC_2_14_mieloides.csv,Dysplasia-HG_FAHNSCC_15_4_mieloides.csv,Carcinoma_FAHNSCC_14_1_mieloides.csv,Carcinoma_AGSCC_2_33_mieloides.csv,Carcinoma_AGSCC_2_28_mieloides.csv
Carcinoma_AGSCC_2_29_mieloides.csv,0.0,10150.260607954344,13686.694365502892,913.0638750980171,1128.647084696663,972.2886327304623,11922.708099865726,1081.096645856335,16579.648332528082,518.9989553089628,982.9318518718868,11415.09479629583,1481.3768676673367,9953.887066559939,1290.845065131657,7837.475973672458,4016.172669395587,14979.049724519056,12819.600777672791,9197.268204639377,20121.603463761316,1353.0831470676906,13111.874519693427,7926.978504294726,12794.310677822757,12720.857791050377,13409.950288217615,11883.964463525213,7611.251139003855,951.6877703976902,13085.218988958819,5981.36979565733,7652.079756699734,7433.635095344275,1364.0571915009923,12361.818478938207,18441.34341001697,1142.7079156610312,10191.658982891126,865.9810093904051,1639.8979066071342,744.7514524440296,14557.991517124652,943.6410568148603,763.6909894574206,9688.074666353581,1115.1110857056026,12498.551585444444,1480.4642985853557,7862.005413456092,9996.452379471295,4632.863252970196,1743.894282668081,3830.1855785167536,9114.021923849996,10939.38722560491,17873.12842248175,9749.86669397643,17271.7566536445,978.1186483165275,9347.476335267478,12335.606932477625,7536.52932047418,11232.882535084002,992.8970940167649,1146.5677210621616,883.1945231944912,9644.962688088166,1568.7279784680159,16804.341993853694,914.3463918616251,6991.547805982482,1365.3279665034722,1507.472097224657,12656.506567093506,1317.3357314419795,14334.149126482542,9212.9389287899,10734.47232431806,749.2110735478665,8672.76689660798,7273.255947604176,418.397699912045,1186.0787826316453,9897.785439282778,13660.466428025635,13804.168421781917,21350.41886495203,9754.078440789477,9235.656859778746,648.9111167664907,980.2757529008309,13370.054125713126,692.7792134471448,8201.399562359133,3930.6031605057606,562.8367502377484,929.4314324799117
Dysplasia-LG_FAHNSCC_15_2_mieloides.csv,10150.260607954344,0.0,10933.641837179488,10106.21519017203,9485.006353409552,9803.145316272516,6852.147793923924,10703.320582929988,16899.65479015678,10348.079809263321,10430.873880720816,2142.9935246907885,9291.427108937807,6684.658913599264,9381.496436722922,5300.413041837242,6950.747359209861,14079.168190055725,9054.205320807014,10872.17393959145,18383.411183218795,9372.358339007837,4342.3826255574,2806.9957082676838,6029.090990843773,4373.099599260237,6833.095607576327,7725.01268406475,8235.814562762469,10273.61390458737,4808.6601906022215,5677.715317666607,4621.632133272176,5741.17104507576,9892.260083717032,3449.7044515317425,14712.931369215326,9415.227639933883,6515.196259620256,9928.684457601385,10379.181111610254,10079.07383858598,13796.03713243742,10160.080205584878,10057.91816491393,9906.124206387783,9494.93643232392,3605.1067328882423,9798.817128884282,6915.1536666064785,4457.825544293657,5964.116591880712,9590.388616988701,9180.922804829304,3773.03978222416,4790.5050445839,10312.245603643236,3971.708123235565,18820.164350354975,10133.109119482122,5524.491151900574,14177.663495397279,6940.117565889972,2903.4041477664696,10121.030375727525,10618.412893600214,9584.845923301162,5032.487721464118,10762.63416290114,7934.772372518474,10100.365435085449,4755.903074787641,10001.209457255836,9768.038758269604,10411.52020140812,10074.868194620658,11616.13288528616,9276.28968096011,3840.6825781048574,9735.427141296475,3063.0342677594863,6735.749652511575,10022.20707180072,10266.949704762863,2625.89437975219,15018.704650809343,5096.1819650278885,16818.017281818164,1677.3060686374288,5809.7874713281235,9880.315760187197,10085.198636824196,6661.113116881877,10337.696814438108,6853.208151153447,7024.30734601656,10247.198266827796,9965.399171590165
Stroma_ad_Dysplasia_FAHNSCC_14_2_mieloides.csv,13686.694365502892,10933.641837179488,0.0,13144.343650072902,12914.63265506278,13423.354414572932,4468.8683137380385,14267.486490503841,25770.005247543315,13591.175296919637,13435.097771707002,11985.960429334005,12588.849457148734,16353.81768041592,12843.698367325655,14875.029696401149,13932.74711107398,23533.425012165273,19156.025683897442,19246.196349722686,28233.86746943535,13492.647498815228,10146.153080013308,11304.204137500052,6407.867681696033,14747.429227862667,17193.41187302797,3272.9065915967026,16320.661795868864,13928.215070484364,14077.779366189745,13356.172302908735,13536.781547375409,14284.633065144788,13834.731636175304,12813.008501776092,24840.354009091254,13371.983562159261,16579.696539477,13037.56654411874,13050.63316334254,13909.098116716727,23202.78520293219,13240.758159053039,13365.493031903312,18769.70181756662,12813.922197010139,11899.576434824996,14367.775719680307,15921.143060718616,14162.66214238628,13300.104529922433,14442.18755811267,15115.999855747299,13022.67011304945,15270.584315266653,20703.048724596654,6974.230729915634,27208.472220090436,13657.059507586066,15313.200820330927,22355.637052638507,15493.583235182123,11780.505685291771,12998.969755326638,14585.547678648818,13642.71438057005,6092.579072601887,13511.273647200454,18327.391535962222,13038.4157443567,13527.262457501196,12664.184113140762,12501.35078160122,20105.468559273,14072.703226371308,1359.0215439981139,18305.297325344032,14212.827269905374,13218.169624047458,11913.71575458503,15134.22442327947,13527.526149395475,13347.521809410631,8769.64711755507,23433.264223038488,11680.84348896947,27307.74444413931,10700.674220956254,15301.671998990967,13566.585011006111,13723.578241893256,16515.607098753648,13476.412824055995,15981.619986855078,13830.10122511715,13855.54402927603,13131.028929962218
Carcinoma_AGSCC_2_31_mieloides.csv,913.0638750980171,10106.21519017203,13144.343650072902,0.0,727.7297148584131,988.8894087062822,11525.458097359327,1458.849069293417,16711.301442438926,655.3473767104141,738.1480047969826,11215.580917451773,1276.6322778790377,9910.232442791916,889.8169742562463,7781.817109784797,3955.5429752815908,15247.464166350595,12744.644613803875,9280.701452206134,20332.65167289497,1240.188717143731,12858.235328123075,7740.394258983363,12387.714198471045,12585.140017376749,13263.234333819302,11379.627901122547,7565.18405852391,1061.5541827725215,12859.793604318307,5934.05065376755,7577.811195392178,7230.438540109738,1384.08198694164,12148.801720000649,18709.577401240294,1141.1772399356164,10141.058055639673,406.8833735029157,1039.4687696446272,990.5581865036668,14580.783785420495,426.7459548149927,720.4058574078537,9726.212445892366,832.0510030961289,12190.127209827304,1781.2041731739519,7858.143547760552,9790.736151412939,4534.605813771767,2012.084659636825,3945.327795292326,8902.55300487098,10886.226843164459,17686.16736624316,9306.126359441732,17470.66745709024,750.8795435696012,9213.623909945147,12406.536839478174,7495.333216227892,10947.149484044006,310.56771943928874,1725.5370133582473,1077.9310408533606,9294.394148567999,1112.5464710058693,16640.71712144167,310.3832022984474,6896.483924242206,583.9071924541729,713.7775078362027,12673.256904922024,1388.1081374432902,13764.060052343935,9159.763994836114,10583.094688829591,745.2312265794619,8500.507630207176,7060.832250623943,827.6892325313881,700.7892321114182,9468.436506576756,13775.463242958349,13510.493332811142,21299.510499706746,9682.612702900715,9099.563675518046,781.082728154305,1014.6332779632904,13154.320501323244,420.11475809716967,8146.327959524319,3829.8922253067026,1218.8071775770713,611.4195691430223
Carcinoma_AGSCC_2_25_mieloides.csv,1128.647084696663,9485.006353409552,12914.63265506278,727.7297148584131,0.0,673.4395970130208,11243.005826716038,1525.65292716807,16181.91346543312,969.8054761100259,1036.1791077798825,10821.353000356547,1126.778939653324,9257.09553273758,316.0963645033037,7154.797480984272,3322.5942277294066,14895.785598434664,12141.914816272356,8701.701316989018,19933.576631015785,717.2952896873119,12522.236027905132,7312.612046509447,12110.761394173844,12067.340241889513,12772.96968279714,11144.874190543978,6904.295396576496,1078.786077718934,12505.143455220004,5282.550097322534,6987.9383288624995,6825.307643623169,1067.1307783418702,11774.997791728454,18339.728632579267,859.3306907229628,9463.240411143684,503.3057495788908,1244.8028532034928,1136.6913274337617,13910.916228389744,776.973772122056,987.3735606772386,9066.324508865633,770.321331182315,11877.615474123038,1853.0031103305396,7181.341760217308,9403.188672101349,3974.7426197318964,1923.096802577446,3401.5932980478988,8521.646301320267,10250.890930526779,17233.729301723484,9044.994056627103,16997.89026531142,931.9109121495516,8689.68933088686,11812.556561686462,6832.550714144664,10636.455822698968,840.2104722929931,1811.6829848667553,1073.191278491854,8997.753901585871,1620.7737820453717,16167.71801031855,709.8973005417449,6334.9953501801965,753.6897825914948,653.8140376198849,12041.708417328622,1263.7079931447388,13554.85899022394,8485.498336764173,10091.319752964248,628.1317017291776,8035.223995366024,6683.004834423207,921.0985092484665,869.254452385075,9203.847112969352,13235.967687969165,13198.350069081394,20659.359457541275,9024.412221431148,8608.765055071268,792.5402252222559,951.0448958148652,12788.2317757386,956.3714381305184,7496.369099144384,3204.123024162644,1381.6462554265288,864.7905762529246
Carcinoma_AGSCC_2_24_mieloides.csv,972.2886327304623,9803.145316272516,13423.354414572932,988.8894087062822,673.4395970130208,0.0,11728.291140168882,1111.92006421815,15861.467709682607,851.4304895536314,1247.8938682021862,11269.36527866354,1537.9797205328139,9454.330870781581,797.6479386080637,7414.564013938115,3574.9542648153338,14417.88740087678,12414.216294524242,8479.963085668476,19451.39051997839,749.7016101531731,12975.066387431403,7709.785596616673,12602.499470632649,12393.3628909782,13098.57133028819,11659.078585077385,7072.624676137589,709.1342359355233,12957.278653132198,5464.357318696391,7246.780462247148,7230.211049852911,692.0063981102336,12226.068866211264,17861.264384302674,965.7028042252362,9616.067160978115,734.6234165695631,1712.64410708991,761.8592503726975,13871.69616255214,1002.3262243606646,1185.4905816606765,9037.038077676656,1147.306369982253,12333.85040829766,1540.4996760520794,7210.267191953391,9846.48382120647,4272.627422563797,1585.8210478501567,3126.8829474178165,8971.755242408193,10483.849610780735,17565.30015885732,9558.373330049813,16577.695267977262,585.4362497777804,8987.488887737261,11614.505037511783,7017.054256063928,11092.308003144635,1121.6490405080476,1424.4812381612924,704.5923965812842,9451.629089379046,1954.8787219050794,16511.551950483783,878.5262893754567,6622.486725227319,1194.2654619944794,1153.3913536201082,11957.488975103268,846.3833160516996,14043.600466888347,8639.863400198412,10459.115345925964,581.294652200558,8377.136957648954,7130.109321978045,668.718281008068,1032.120042690562,9706.237535660088,12940.662009728867,13659.740958796281,20845.85419913452,9211.604795089868,9000.352280862777,498.342635016112,648.0068990084292,13240.527951369857,974.1802151160617,7696.325203489935,3434.34861991711,1187.1779188947344,1144.9291654121578
Stroma_ad_Dysplasia_FAHNSCC_14_4_mieloides.csv,11922.708099865726,6852.147793923924,4468.8683137380385,11525.458097359327,11243.005826716038,11728.291140168882,0.0,12659.578249255908,22407.538628903418,11926.582550284264,11880.280643286782,7838.221846281314,10845.261326857899,12591.614011450562,11237.63995318118,11066.044383113262,11149.530206887022,19932.84452692553,15269.284160155072,16139.11373605848,24532.789959345217,11753.486553320985,5984.458318504589,7344.324507184373,2558.8820863090814,10717.08959570818,13141.49910317323,1496.7751690899736,13103.62987711343,12256.421566076422,9848.103222914102,10195.037859600685,9757.24931353162,10730.77610421827,12101.689727104478,8755.537629759063,21027.66844902265,11605.760167363607,12679.271467272349,11465.342208082811,11486.36767554779,12221.156742361618,19657.84845585776,11707.051984856707,11643.527445332653,15418.217787070613,10988.595889557182,7653.855880590253,12419.03657745417,12269.142887188584,10207.408086298561,10259.888360884728,12460.10369297529,12796.13842931761,9096.348024687653,11240.967425769168,16575.464934407493,3153.026938935,24109.434220746414,12042.048457673618,11477.320023549524,19334.328946904927,12119.214256612599,7588.6411817258295,11430.213506934719,12807.73641621028,11843.81492694922,2437.959187219867,11892.523571055479,14189.521599735666,11492.015730173262,9945.040226205814,11144.848605347019,10975.805932350953,16392.034104114467,12361.038964223066,4896.709044990517,14866.72734835589,10128.150626748504,11443.088779572687,8101.941874382772,11646.099976209925,11761.761665073318,11828.1853267236,4694.192484916898,20288.141061506925,7272.016663757128,23292.839357248846,6678.167324863747,11508.372181746221,11815.487200729853,12044.721809208037,12401.567890037366,11857.596037938396,12428.612659316266,11131.299408251944,12125.867348828395,11464.647597417044
Carcinoma_AGSCC_2_11_mieloides.csv,1081.096645856335,10703.320582929988,14267.486490503841,1458.849069293417,1525.65292716807,1111.92006421815,12659.578249255908,0.0,16039.167030879595,1014.1476342703204,1548.7479291502602,12153.212392384097,2188.8052106972546,10336.419387636726,1536.3443840926416,8312.420919329472,4468.251563263395,14379.962588627126,13311.666813609976,8773.062337419251,19609.55627706247,1506.844096754147,13891.880068565173,8604.018326787305,13507.312429840118,13299.884904974931,14005.324672804993,12503.305759020504,7818.4444231411935,737.9048507285647,13864.80792460426,6307.441591744051,8143.395776272188,8124.565434163937,1057.294733614482,13123.720935932966,17876.273150799345,1485.2750318018607,10328.610999338785,1323.9188856310395,2213.431069872787,869.9380885084151,14211.550100432907,1385.0223237573603,1551.6764616206103,9596.429431764218,1839.0063306061566,13278.540833912895,1171.9325205632085,7712.428283273251,10730.161505831695,5178.2542147380755,1498.2529354012063,3396.087366189931,9868.003668738833,11374.875677441416,18471.853756970646,10425.41372322027,16711.99240478185,948.6349465669692,9894.572102047561,11875.136450871341,7868.709580554814,12012.998101191633,1490.540131396411,753.2727095699046,1215.426614663038,10405.967603898216,2324.4910914721827,17417.93033900594,1399.7546664485155,7528.387750781938,1911.8514014200396,2010.3719114350488,12441.107252566138,908.5973137646002,14897.622907406576,9330.31097238824,11356.760890456673,1379.6568013190135,9283.303152383582,8014.113972299254,1018.6859957605325,1581.6102280894527,10587.935420264062,13183.378640135661,14584.565263125685,21651.522414834137,10045.23290753613,9895.705197568783,1098.8115682660696,891.8645259973961,14134.000822917584,1270.8867003572293,8556.278966028553,4327.0329002708095,1223.7713683474567,1528.6902132206274
Stroma_ad_Dysplasia_FAAGSCC_13_5_mieloides.csv,16579.648332528082,16899.65479015678,25770.005247543315,16711.301442438926,16181.91346543312,15861.467709682607,22407.538628903418,16039.167030879595,0.0,16629.108480558647,17023.765289083745,17459.96472475294,16150.512238071162,10989.371545039146,16188.176392673564,12074.033429530868,13411.69837515579,4341.8671579220245,11406.488345648224,7644.873897608657,4519.647016193649,15642.35384559549,20830.32820356241,15321.330824768342,22786.940026479624,15138.455299180823,14774.185684965749,23125.015865299913,9866.915392458744,15899.151485753055,18533.218050679756,12443.897918579292,12830.480787329641,11874.687765581977,15358.750899210165,18221.178531832742,5379.838581302784,16026.957308125333,10952.257630109038,16439.11699528476,17393.33709274746,16120.725869206264,4411.897258295943,16735.992756305404,16780.312293553303,7574.209063192976,16418.374467365207,19257.86149274973,15222.318488779352,10487.03055752904,14196.554542063426,12860.545211090764,14912.026140178337,12882.581218578523,14741.729579916893,13272.034909131711,16431.78136602854,19991.8161573083,3340.641852612688,16062.003669703374,12395.126667157638,4659.292712617977,10342.379902834477,18351.58374715179,16892.593447005358,16102.682724743236,15789.152192655793,20233.33271735423,17714.083287939244,16705.415877072133,16686.311494330992,12511.236064084998,16928.106794963467,16765.99367273377,7570.978340710146,15438.095180589311,26395.949888273444,8492.624150084283,15195.069107116367,16153.159176479365,14373.731967672484,11313.946206991346,16301.703633556477,16800.6266789511,19298.468113966464,3334.4519912530586,20873.078476457067,14275.775675422898,16107.014100141569,12315.327466508563,16116.46937750251,15849.232692704398,16493.43372188729,16747.948556530493,10264.487410717778,13345.476917112988,16658.026563889685,16777.975877268647
Carcinoma_AGSCC_2_37_mieloides.csv,518.9989553089628,10348.079809263321,13591.175296919637,655.3473767104141,969.8054761100259,851.4304895536314,11926.582550284264,1014.1476342703204,16629.108480558647,0.0,949.8608816187609,11549.47677504751,1593.7265916086553,10116.744128330614,1139.7639311516732,8017.991854905832,4180.550137977253,15026.64305905771,13001.108710898558,9243.382570577553,20173.162256475378,1380.2383145904914,13204.868005874936,8063.210297983272,12804.322506105611,12890.373308697033,13561.809832261686,11826.987414820263,7763.395859522161,800.3946064057296,13207.29227295727,6141.428279176831,7846.940723564878,7572.911088588941,1337.8122475484804,12496.551583099876,18496.892674024602,1308.1500127439035,10315.81225632091,672.4463274550968,1523.8806837343438,845.3115871939203,14608.481253413302,793.1175755173294,892.4241536110935,9739.406383023206,1192.2908588228343,12550.233096341568,1499.7273454123697,7912.481785673176,10133.5583167866,4824.8964366057735,1767.18199052838,3880.9230969394534,9250.34169319044,11110.77132966286,18012.39638232173,9737.678123489937,17322.064673443547,761.5299314631154,9520.068774916244,12383.77944416247,7691.943046441173,11299.654205181145,761.7945383705803,1241.9608731583185,925.5600820718056,9670.637194835344,1623.286270775166,16957.580438710993,714.8655654328618,7177.069480383177,1117.431025377046,1270.7376627982394,12710.910510445334,1249.890502571298,14212.69222044574,9339.13430364875,10886.775367291533,705.0924541994993,8823.730625376043,7408.835882168033,383.71897033254214,1024.9289578297119,9896.433281034673,13710.076631380316,13862.405357941929,21519.834586061428,9884.927897183365,9387.638165531878,582.2168353906064,873.6963921292402,13502.447355951897,493.34403591901616,8354.437095125666,4063.11656037867,824.9532629958354,944.3430718464218
Carcinoma_AGSCC_2_27_mieloides.csv,982.9318518718868,10430.873880720816,13435.097771707002,738.1480047969826,1036.1791077798825,1247.8938682021862,11880.280643286782,1548.7479291502602,17023.765289083745,949.8608816187609,0.0,11613.932672672274,1324.1586575963552,10235.824700974645,1186.4128714019782,8120.745180657769,4292.470552973751,15469.200721847268,13085.192798503786,9594.046118140006,20575.720095827284,1581.810344789694,13240.539495147843,8127.5453388925425,12697.069242473597,12947.121474872409,13621.013099046393,11663.023656785794,7892.715970354884,1303.162139960407,13252.529683501696,6263.348784987381,7916.44478060781,7638.409856142457,1694.5362562963162,12547.169014848027,18947.295150614103,1442.5638034929889,10467.94897990714,772.3836958951363,881.9606162963303,1021.7843347855164,14907.984231002743,518.2598822017374,467.77610505840005,10052.561489449308,1294.134491403934,12573.327898679876,2029.638374297314,8183.467334255174,10199.73065338349,4881.469387386719,2232.9181509243817,4254.206772449003,9302.271983030603,11219.60589965308,18077.731003183744,9632.239055371356,17739.25825441595,1040.6711294941883,9579.304731964961,12733.467220063225,7821.253183119033,11313.537483237908,852.6764813124933,1796.512105560464,1308.4357618433492,9653.92123112962,963.8509189556348,17008.70814254567,657.4660903671428,7234.424490603083,980.8314129235107,1109.0377450751268,13000.647459477788,1650.654077787502,14039.812184961505,9485.9116547728,10941.681449017153,955.0068611593656,8879.233488751655,7458.173346885359,1016.683740407017,450.21312196498644,9770.903065948212,14090.095689310325,13885.681967523447,21632.62821657031,10005.148467382087,9437.7479693806,1061.6632962596468,1234.3256148929327,13546.306260318162,719.1624761945358,8471.905727390427,4157.117739648718,1229.0497729612493,696.0936433896204
Stroma_ad_Dysplasia-HG_FAHNSCC_15_1_mieloides.csv,11415.09479629583,2142.9935246907885,11985.960429334005,11215.580917451773,10821.353000356547,11269.36527866354,7838.221846281314,12153.212392384097,17459.96472475294,11549.47677504751,11613.932672672274,0.0,10365.98639519713,6705.996536195014,10785.053498440235,5548.273010978041,8363.917158259754,14332.980879099785,8509.184278706813,11664.308973646344,18322.8132998318,10883.686629768988,3467.7879575598868,3731.567157366672,6430.966891117629,3481.2961790731906,5677.055722996706,8762.586385679284,9243.529795954808,11726.043825239318,2700.63750160275,7080.055564276598,5483.33339588843,5721.991168704102,11411.76522536003,1648.5407812281371,14569.7489291423,10781.971857983712,6585.1861691573,11158.740132390505,11217.848889803572,11566.258473230391,13960.828199682048,11390.868362207391,11229.087409617294,10415.091030821752,10484.293961783123,2047.4331769774983,11392.314066054963,8287.510139711054,3494.5529423089947,7339.261569652949,11217.402290973208,10877.943952066898,3020.847171871799,4344.599897464397,8837.451920267418,5032.300166740684,19599.79059419422,11597.687235081006,5280.644163086481,15024.584097597508,7711.66122131856,1244.4683943887158,11204.580959347148,12084.552859229723,11081.26365661603,6136.146427453533,11578.970645261736,6401.284498332997,11265.174608937295,5737.060749939157,11000.556808183914,10706.849191249388,10525.5818466285,11600.78238589694,12658.65065158933,9638.358233665378,2797.4837193448143,11028.692131988755,3951.004902141771,6312.237966704307,11317.798213231146,11538.20953794207,3270.7949713764992,15780.349119999608,3554.4707124959355,16003.593285634908,3468.7172938266526,5377.365408381846,11255.795598787161,11550.020349560062,4914.756602426747,11492.333530926946,7339.887206575587,8656.310168059828,11585.897791364603,11060.696145220601
Carcinoma_AGSCC_2_7_mieloides.csv,1481.3768676673367,9291.427108937807,12588.849457148734,1276.6322778790377,1126.778939653324,1537.9797205328139,10845.261326857899,2188.8052106972546,16150.512238071162,1593.7265916086553,1324.1586575963552,10365.98639519713,0.0,9027.149184505532,1197.6338124978984,6876.807968636073,3093.9593327303705,14763.377743866793,11839.555399282091,8697.591471779324,19809.575965905682,1516.5116239565868,12064.997760720207,6881.608531102636,11718.844576594107,11701.997988887362,12375.50561392298,10796.116178836126,6675.133697679102,1800.642554266622,12046.642512575774,5036.187635895587,6670.616862733328,6394.287097098026,1822.296285834531,11320.586495487605,18206.442908051777,1056.881281941508,9254.148396295479,1340.8218305884348,1280.8305130876552,1637.0465473426536,13882.646851065112,1145.9345285187983,991.9598424432796,9038.062828177826,960.9974369866399,11431.176678806556,2214.2763681349293,7136.301364347394,8951.915168445084,3645.426496618797,2351.886196569582,3502.89645944043,8071.72258911386,9980.788483906616,16830.36754724112,8674.99850388671,16999.805540571797,1671.8706843472983,8335.031662204176,11800.97809308799,6604.686534862685,10178.76070531474,1267.1902391544327,2338.718628205318,1598.109992103648,8577.713869723813,1651.5183891561676,15760.391558457082,1235.5425954307575,5989.226951458016,1350.1426889921931,1327.1367812287458,12006.809802052621,2041.5755638149444,13230.519369284799,8343.41383742142,9697.294106629777,1337.916907104462,7633.240493955897,6231.516710618932,1384.4940298003396,1199.220822639944,8823.2655844447,13210.485782049283,12743.763115565142,20392.242369971398,8837.248193388108,8191.585572478222,1481.76037471076,1646.7410696757336,12330.756472222909,1572.6179903803477,7279.532336960455,3096.5252159999754,1546.960206449217,834.3967970148336
Stroma_ad_Carcinoma_FAHNSCC_15_1_mieloides.csv,9953.887066559939,6684.658913599264,16353.81768041592,9910.232442791916,9257.09553273758,9454.330870781581,12591.614011450562,10336.419387636726,10989.371545039146,10116.744128330614,10235.824700974645,6705.996536195014,9027.149184505532,0.0,9149.00879610611,2559.2160501546477,6098.049921270892,7737.87230320904,3403.973695471955,5775.237565109535,12058.74838487776,8894.499792432356,10123.821494318687,5311.780991058314,12563.78071304695,4264.14424746426,4756.696232794957,13410.464258518896,3993.194518790581,9922.89533623089,7594.183283992959,4175.025991757217,3199.7256115950304,2998.484875578151,9390.920423525953,7267.582824280824,9697.96441266819,9023.200374303196,1538.6629709158422,9700.628023756311,10070.177939938623,9686.50125848717,7309.970004878573,9965.088602112852,9864.530682548106,4035.4241344045454,9274.083546850105,8338.810644641006,9309.420698632004,4280.056021049901,3300.947450665382,5490.630122143871,8929.42968562923,7908.055126707646,4025.5109831117816,2506.464074940796,8336.35818088994,9949.08073426748,13368.484639748027,9836.510470576999,1554.7376226409312,8812.792189677179,2968.4505952696013,7507.588769657746,9930.764082943997,10320.823656765398,9258.865119047014,10423.713184046605,10454.71412307647,7463.730904404616,9910.398957597867,3249.1416342146276,9784.187171924697,9485.498911401563,3967.8874878139977,9575.473272678115,17006.316859362087,3206.4570459715637,4253.136281534982,9505.791133778075,4534.584702076441,3359.3533480940805,9790.04665971698,10071.853686495173,8945.251298075586,9507.592301784973,10033.047705374374,11627.821836291921,6144.48374232295,1506.6947185952658,9652.515568653578,9750.798190912987,6038.064757247467,10135.226196329022,2164.5897734258588,6110.21961767475,10021.607818267712,9741.157510936373
Carcinoma_AGSCC_2_19_mieloides.csv,1290.845065131657,9381.496436722922,12843.698367325655,889.8169742562463,316.0963645033037,797.6479386080637,11237.63995318118,1536.3443840926416,16188.176392673564,1139.7639311516732,1186.4128714019782,10785.053498440235,1197.6338124978984,9149.00879610611,0.0,7048.447970097287,3215.229180370946,14940.044917723651,12033.887736893874,8713.981944622166,19952.417956082914,844.582246306695,12490.840557989422,7251.356697319532,12104.662838454007,11977.159223695446,12686.083119112927,11071.03861283465,6793.61937624138,1247.7526352400312,12473.387477729635,5171.55960037355,6883.606481252435,6773.877345478336,1172.0028770265367,11741.88764344198,18380.184658370952,851.3801210241086,9352.837048435327,664.1008179632965,1237.0628619795452,1229.8679020786246,13916.213368979157,883.7503242837129,1129.1296638979975,9079.894024081088,768.2658165225007,11862.886096165677,1906.1269441831532,7175.402313082684,9362.627665579168,3869.102162448434,1997.625817398106,3422.9858645841837,8487.741008299432,10142.244168617559,17147.740448554872,9015.356621009674,17020.09320412276,979.4358685927409,8590.996196851711,11824.242573536807,6724.785307080868,10609.311457672347,871.6178590229158,1948.919458207779,1187.4387834915437,8983.68455430191,1584.5150314278644,16086.886631171687,852.4018204089315,6226.586171382095,743.0981686429946,671.276920883666,12055.520354025028,1375.5856308753864,13434.008940839576,8385.816216110574,10008.873310090548,808.6276534872077,7952.666002673466,6645.858856527224,1087.1310322989102,974.3234417694682,9178.770309739411,13236.110299410557,13175.298507576717,20550.7423072966,8923.711295757987,8546.370118173742,1006.466297329423,1117.431709237213,12756.627392615563,1083.220971657163,7385.656904609566,3145.727864145002,1318.9357534268336,879.8690984867598
Dysplasia-Stroma_FAAGSCC_13_7_mieloides.csv,7837.475973672458,5300.413041837242,14875.029696401149,7781.817109784797,7154.797480984272,7414.564013938115,11066.044383113262,8312.420919329472,12074.033429530868,8017.991854905832,8120.745180657769,5548.273010978041,6876.807968636073,2559.2160501546477,7048.447970097287,0.0,3916.6318565832166,9426.556943337795,5218.185138544728,6178.237679169508,13930.887414360946,6888.219035388008,8868.25362963751,3768.783735005076,11014.041656833699,5186.344769580846,5924.8154321170505,11891.626532485267,3859.5439713543474,7898.956345597593,7190.198723303772,2662.8285601784655,1519.927052750842,1351.641159482331,7401.059418543329,6481.053313642624,11959.878008259391,6939.178491550453,2594.1765142542176,7599.539245599115,7827.389336088909,7641.768038209783,8912.914697228529,7849.66441555858,7728.636566554532,5045.852050939894,7086.323806411779,7424.005781752726,7303.278763111165,3148.2538346922142,3094.6164384052313,3351.873944126245,6990.432018742851,6257.15296706687,2915.5746843468028,3240.780573346122,10225.518779287198,8392.154503305439,14271.955228221337,7770.214742457265,1840.9822649200194,9560.56897171166,2379.6423173762255,6456.050595816096,7770.344302702504,8252.693814244461,7204.550726084995,8896.11597489653,8208.254321441904,9219.05540958562,7774.544957238722,1702.5208773300192,7595.310873808506,7296.615699772709,5905.464082651011,7586.1067841150325,15534.12137580479,4250.008398787091,3715.0777856499685,7404.203435979819,3164.4811753329427,2206.6577390930684,7689.497424978073,7956.360702388402,7415.951932938767,10445.049028756264,8980.172366996343,13588.607887221486,4845.139979375486,1980.695107452102,7552.615872786641,7709.961314293117,6618.237026048075,8016.571056944793,1973.505387993524,4075.0208883416717,7909.14359880301,7567.8491887826995
Carcinoma_FAHNSCC_14_3_mieloides.csv,4016.172669395587,6950.747359209861,13932.74711107398,3955.5429752815908,3322.5942277294066,3574.9542648153338,11149.530206887022,4468.251563263395,13411.69837515579,4180.550137977253,4292.470552973751,8363.917158259754,3093.9593327303705,6098.049921270892,3215.229180370946,3916.6318565832166,0.0,12167.739235266861,8907.492944902593,5964.405269605291,17175.652238232848,3043.2578900508756,10979.851254782898,4857.294130068574,11943.322740133048,8991.84910746432,9744.044939492556,11692.265350816882,3795.9336561730647,4059.95124836197,10378.15956411019,2110.342089914102,3767.5142093862046,3902.965480013368,3556.992901068785,9485.27167260638,15596.134133560618,3115.76864668929,6291.257457888349,3765.9831600619386,4034.438583690356,3798.3220463624384,11054.231855542017,4021.0490066315765,3910.194028517518,6205.306344094769,3271.2518018777587,10146.988326259008,3472.342879437871,4465.876333635419,6705.012566515447,1158.3245257245655,3136.9049110466644,2592.8863616054596,6143.512429769162,6994.324855479361,14059.520008142907,9022.272975973117,14263.2919509695,3938.1235399194343,5588.019647186908,9038.615461077003,3637.3275011412884,8953.333127696033,3944.578615915146,4425.986452013931,3356.5380059458635,8966.692948232429,4408.330315574024,13067.637574113325,3948.6332851744282,3329.339544713375,3766.0624703335466,3467.905789210844,9151.703427959057,3743.8270720178302,14570.437405500272,5428.103358493197,7197.573994386595,3575.8857796062707,4997.187221659334,4000.6279482988293,3856.691308139112,4127.076176252185,8812.269974986308,10471.31986754359,11543.010212169798,17378.3509870834,6069.618531671832,5717.702693299928,3719.66730652064,3876.8191659970717,10233.104211804306,4192.903183366623,4355.849968305525,570.5715467112603,4081.85848878301,3747.127929673359
Stroma_ad_Dysplasia_FAAGSCC_13_8_mieloides.csv,14979.049724519056,14079.168190055725,23533.425012165273,15247.464166350595,14895.785598434664,14417.88740087678,19932.84452692553,14379.962588627126,4341.8671579220245,15026.64305905771,15469.200721847268,14332.980879099785,14763.377743866793,7737.87230320904,14940.044917723651,9426.556943337795,12167.739235266861,0.0,7928.09225059839,6369.222170556339,5593.295343423081,14288.233748437502,17749.066093999027,12740.622985445023,20054.316852693773,11627.923406039572,11197.723961549733,20715.550676898383,8564.75931459416,14302.551225942803,15041.016545092401,10560.963892919255,10377.893362179957,9407.526043553758,13972.514219975134,14887.225130926436,4013.216726775849,14631.868383308376,8129.207679514918,14934.024629003432,16020.265600557585,14520.729519190336,2555.6284592397155,15267.746226530626,15224.428346394161,6123.857122855384,15024.803001957,15970.966815907543,13674.72445540081,8421.056547399612,10963.000958356612,11589.577126079943,13366.939232133709,11709.814339943274,11628.220338038316,10055.088134492693,13164.616717982872,17365.994232734065,6641.0610968144965,14560.894187830801,9134.814022051569,4224.872725382047,8674.711281488635,15152.890266246171,15421.733439276653,14425.786187036649,14207.442116421344,17760.025398774513,16244.147350437757,13214.615791810109,15140.900231029296,10117.599946569635,15533.758386731968,15532.685839136404,4152.63002904529,13905.282483824489,24168.304640686,6923.440131019329,11844.713629138578,14619.487731222087,11865.637644210214,9464.589571196306,14701.523906831047,15340.568953956366,16452.58877568463,3766.2960293605934,17679.590902770004,12669.785978087215,13462.6563715041,9046.164451418823,14565.669413297428,14299.64019543311,12904.325674517435,15198.883519468587,8011.175904149756,12109.963185236322,15057.35497359767,15306.301054372978
Stroma_ad_Carcinoma_AGSCC_2_9_mieloides.csv,12819.600777672791,9054.205320807014,19156.025683897442,12744.644613803875,12141.914816272356,12414.216294524242,15269.284160155072,13311.666813609976,11406.488345648224,13001.108710898558,13085.192798503786,8509.184278706813,11839.555399282091,3403.973695471955,12033.887736893874,5218.185138544728,8907.492944902593,7928.09225059839,0.0,7976.176591838226,10607.743076270586,11888.116536621324,11848.33131985357,7995.499791924008,14812.710151212726,5211.28977226957,3676.417327617099,16103.678400806162,6638.382104612314,12897.310159342147,8356.831445081845,7284.022596846566,6094.116050895186,5791.053733899602,12402.660624853157,8583.512071505222,8183.921347873804,11940.588134771751,4001.7527431895824,12587.21967849815,12833.050712057217,12642.095909670328,7119.049942312668,12828.102679562879,12698.663760244863,5652.80928419041,12077.151987637337,9775.582681537628,12302.46643508176,7091.951028531461,5176.085636538184,8300.363222152282,11964.19524469945,10916.416842897808,6228.212693150775,4515.285398109357,5504.373278211504,12498.138662749867,14152.25246187384,12773.956787200266,3988.7408382889616,9617.690807429002,5810.561397599346,9086.92505151121,12758.918900476949,13252.483185667277,12180.479520251469,13106.384257819602,13212.929264138744,5353.7148022690735,12738.775641141825,6163.750711791963,12588.04115848313,12289.363028996442,4044.7883741305254,12586.112540091644,19821.264262773235,5154.7833758856705,5793.9842636284475,12391.448221116489,7285.053332505438,5923.615251785017,12680.59021803672,12934.759742103295,11220.90111737941,10161.416564838228,11619.555661882816,8727.788129283863,8958.406008241283,4097.979050762004,12536.657718065473,12709.093617421204,5456.362917480855,12977.204702099963,5077.477456312319,9001.348715479307,12883.33671239584,12548.286227565628
