,Carcinoma_AGSCC_2_29_mieloides.csv,Dysplasia-LG_FAHNSCC_15_2_mieloides.csv,Stroma_ad_Dysplasia_FAHNSCC_14_2_mieloides.csv,Carcinoma_AGSCC_2_31_mieloides.csv,Carcinoma_AGSCC_2_25_mieloides.csv,Carcinoma_AGSCC_2_24_mieloides.csv,Stroma_ad_Dysplasia_FAHNSCC_14_4_mieloides.csv,Carcinoma_AGSCC_2_11_mieloides.csv,Stroma_ad_Dysplasia_FAAGSCC_13_5_mieloides.csv,Carcinoma_AGSCC_2_37_mieloides.csv,Carcinoma_AGSCC_2_27_mieloides.csv,Stroma_ad_Dysplasia-HG_FAHNSCC_15_1_mieloides.csv,Carcinoma_AGSCC_2_7_mieloides.csv,Stroma_ad_Carcinoma_FAHNSCC_15_1_mieloides.csv,Carcinoma_AGSCC_2_19_mieloides.csv,Dysplasia-Stroma_FAAGSCC_13_7_mieloides.csv,Carcinoma_FAHNSCC_14_3_mieloides.csv,Stroma_ad_Dysplasia_FAAGSCC_13_8_mieloides.csv,Stroma_ad_Carcinoma_AGSCC_2_9_mieloides.csv,Stroma_ad_Dysplasia-HG_FAHNSCC_15_3_mieloides.csv,Stroma_ad_Dysplasia_FAAGSCC_13_3_mieloides.csv,Carcinoma_AGSCC_2_13_mieloides.csv,Stroma_ad_Carcinoma_AGSCC_2_5_mieloides.csv,Carcinoma_FAHNSCC_14_5_mieloides.csv,Stroma_ad_Carcinoma_AGSCC_2_10_mieloides.csv,Stroma_ad_Dysplasia_FAHNSCC_14_1_mieloides.csv,Stroma_ad_Carcinoma_AGSCC_2_8_mieloides.csv,Stroma_ad_Carcinoma_FAHNSCC_14_2_mieloides.csv,Dysplasia_FAAGSCC_13_1_mieloides.csv,Carcinoma_AGSCC_2_6_mieloides.csv,Stroma_ad_Carcinoma_AGSCC_2_7_mieloides.csv,Dysplasia_FAAGSCC_13_4_mieloides.csv,Dysplasia-Stroma_FAAGSCC_13_1_mieloides.csv,Carcinoma_FAHNSCC_14_4_mieloides.csv,Carcinoma_AGSCC_2_5_mieloides.csv,Stroma_ad_Carcinoma_AGSCC_2_4_mieloides.csv,Stroma_ad_Dysplasia_FAAGSCC_13_4_mieloides.csv,Carcinoma_AGSCC_2_4_mieloides.csv,Dysplasia-Stroma_FAAGSCC_13_8_mieloides.csv,Carcinoma_AGSCC_2_23_mieloides.csv,Carcinoma_AGSCC_2_20_mieloides.csv,Carcinoma_AGSCC_2_36_mieloides.csv,Stroma_ad_Dysplasia_FAAGSCC_13_9_mieloides.csv,Carcinoma_AGSCC_2_12_mieloides.csv,Carcinoma_AGSCC_2_10_mieloides.csv,Stroma_ad_Carcinoma_FAHNSCC_15_2_mieloides.csv,Carcinoma_AGSCC_2_9_mieloides.csv,Dysplasia-Stroma_FAAGSCC_13_2_mieloides.csv,Carcinoma_AGSCC_2_35_mieloides.csv,Dysplasia_FAAGSCC_13_2_mieloides.csv,Carcinoma_FAHNSCC_15_2_mieloides.csv,Carcinoma_FAHNSCC_14_2_mieloides.csv,Carcinoma_AGSCC_2_2_mieloides.csv,Carcinoma_AGSCC_2_1_mieloides.csv,Stroma_ad_Dysplasia_FAAGSCC_13_11_mieloides.csv,Dysplasia-Stroma_FAAGSCC_13_6_mieloides.csv,Stroma_ad_Carcinoma_AGSCC_2_1_mieloides.csv,Stroma_ad_Carcinoma_FAHNSCC_14_1_mieloides.csv,Stroma_ad_Dysplasia_FAAGSCC_13_1_mieloides.csv,Carcinoma_AGSCC_2_16_mieloides.csv,Dysplasia-HG_FAHNSCC_15_2_mieloides.csv,Stroma_ad_Dysplasia_FAAGSCC_13_6_mieloides.csv,Dysplasia-HG_FAHNSCC_15_3_mieloides.csv,Stroma_ad_Carcinoma_AGSCC_2_6_mieloides.csv,Carcinoma_AGSCC_2_18_mieloides.csv,Carcinoma_AGSCC_2_39_mieloides.csv,Carcinoma_AGSCC_2_3_mieloides.csv,Stroma_ad_Carcinoma_FAHNSCC_14_3_mieloides.csv,Carcinoma_AGSCC_2_21_mieloides.csv,Stroma_ad_Carcinoma_AGSCC_2_2_mieloides.csv,Carcinoma_AGSCC_2_8_mieloides.csv,Dysplasia-Stroma_FAAGSCC_13_5_mieloides.csv,Carcinoma_AGSCC_2_30_mieloides.csv,Carcinoma_AGSCC_2_17_mieloides.csv,Stroma_ad_Dysplasia_FAAGSCC_13_2_mieloides.csv,Carcinoma_AGSCC_2_38_mieloides.csv,Stroma_ad_Dysplasia_FAHNSCC_14_3_mieloides.csv,Stroma_ad_Dysplasia-HG_FAHNSCC_15_2_mieloides.csv,Dysplasia-Stroma_FAAGSCC_13_3_mieloides.csv,Carcinoma_AGSCC_2_22_mieloides.csv,Dysplasia_FAAGSCC_13_3_mieloides.csv,Dysplasia-HG_FAHNSCC_15_1_mieloides.csv,Carcinoma_AGSCC_2_34_mieloides.csv,Carcinoma_AGSCC_2_26_mieloides.csv,Stroma_ad_Carcinoma-Dysplasia_FAHNSCC_14_1_mieloides.csv,Stroma_ad_Dysplasia_FAAGSCC_13_7_mieloides.csv,Dysplasia-Stroma_FAAGSCC_13_4_mieloides.csv,Stroma_ad_Dysplasia_FAAGSCC_13_10_mieloides.csv,Dysplasia-LG_FAHNSCC_15_1_mieloides.csv,Carcinoma_FAHNSCC_15_1_mieloides.csv,Carcinoma_AGSCC_2_15_mieloides.csv,Carcinoma_AGSCC_2_40_mieloides.csv,Stroma_ad_Carcinoma_AGSCC_2_3_mieloides.csv,Carcinoma_AGSCC_2_14_mieloides.csv,Dysplasia-HG_FAHNSCC_15_4_mieloides.csv,Carcinoma_FAHNSCC_14_1_mieloides.csv,Carcinoma_AGSCC_2_33_mieloides.csv,Carcinoma_AGSCC_2_28_mieloides.csv
Carcinoma_AGSCC_2_29_mieloides.csv,0.0,921.5202823448959,1721.4301244669498,0.9528133279071938,0.9528133279071938,0.9528133279071938,1349.0923440429904,31.691578226688762,1455.7083067815847,0.9528133279071938,38.64507681106156,1082.8475956423943,45.744333331281126,982.6664406674233,4.385922020134892,751.9553472877146,274.2958797088063,1226.1352727074045,1113.9309272287267,657.2853803819344,1886.7411006871296,0.9528133279071938,1553.3907933805613,644.6488489016874,1393.2255521681275,1273.0203528875243,1301.2157494756732,1380.219580254762,685.4037997165459,0.9528133279071938,1479.7086985642002,433.5626610040115,552.4879478894845,619.7410373083231,65.47757209867356,1191.8844351887803,1639.239687852383,0.9528133279071938,903.1491277618817,0.9528133279071938,0.9528133279071938,32.684378763001234,1335.1362953718906,0.9528133279071938,0.9528133279071938,785.2621946406414,3.614516419395642,1304.1047050499637,66.37560027761899,625.6823910303593,963.1340061346536,222.0375346129729,119.52443332563874,207.67570607807764,782.9242743068103,1041.716199142118,1923.9300305401184,990.4866229522627,1743.9024884771684,0.9528133279071938,921.6992050513898,1247.743035998391,595.0350821845964,1198.0824610768536,0.9528133279071938,110.09547010868772,44.02719722944,1085.9615351977627,0.9528133279071938,1805.6805663120363,0.9528133279071938,567.1339048238491,0.9528133279071938,0.9528133279071938,1330.3420461846608,134.38914530655316,1871.176703359501,924.4223632959245,1119.760856272023,9.009478401386456,811.240914695859,588.1151000518032,0.9528133279071938,0.9528133279071938,1087.2128372350317,1422.4690644732464,1402.1712442156593,2431.166557009431,977.750683105746,880.7545022887418,9.99354149315917,0.9528133279071938,1426.9971430246544,0.9528133279071938,784.3704417656734,120.96515637254444,73.4350588261515,0.9528133279071938
Dysplasia-LG_FAHNSCC_15_2_mieloides.csv,921.5202823448959,0.0,1835.8623618632346,922.435456348205,922.435456348205,922.435456348205,1097.7759766815213,932.6574322573116,2030.8724805658305,922.435456348205,960.1277198313597,857.7875205293922,890.2802730534808,1132.2238462235491,919.7207028868,1067.0038064179098,903.600758784787,1707.0045081878334,1370.0092598158246,1231.8911600419838,2461.799549799556,922.435456348205,1101.7466205652725,673.6146061042973,1170.6297570920726,1260.0665791418792,1405.6450912347932,1344.2032518119643,1265.4118127471713,922.435456348205,1256.0764645937993,1035.897123111602,1068.2457924237694,1110.8892840603748,986.9602151189716,1016.6534585494023,2034.43962300253,922.435456348205,1081.3494282436689,922.435456348205,922.435456348205,923.5331550131858,1987.2062620030088,922.435456348205,922.435456348205,1276.0713396329947,925.0971594396939,1212.9592323731372,987.4859626459678,1045.7407021576253,1164.3949510790865,927.3147842383008,1030.028151211816,1060.6777941147384,932.9345942749392,1086.8337210471109,2030.164285114753,862.5780379411766,2511.7152217087287,922.435456348205,1168.3079959737374,1822.0760514367748,909.336240154695,1001.6665495350722,922.435456348205,1003.5814676448806,965.1538638208759,886.7178908078769,922.435456348205,1736.8630394216354,922.435456348205,932.4021093509324,922.435456348205,922.435456348205,1770.93427151262,1055.8717883268512,2052.849145274753,1395.0273328890225,1116.60511980579,915.1963613531931,996.1540445649575,990.4462793481814,922.435456348205,922.435456348205,999.4202395742117,2040.4346543150941,1053.5309536586901,2792.602453110473,738.5050293940186,1196.2256503725248,923.6847808903241,922.435456348205,1564.0075431018884,922.435456348205,1227.1728777321723,959.3354338895588,994.9177018464496,922.435456348205
Stroma_ad_Dysplasia_FAHNSCC_14_2_mieloides.csv,1721.4301244669498,1835.8623618632346,0.0,1720.477311139043,1720.477311139043,1720.477311139043,1208.9997556112994,1751.2160760378242,3149.6512184539647,1720.477311139043,1758.169574622197,2183.4089489320595,1676.7790247401947,2538.726431932222,1717.0851022820368,2309.83742104249,1946.2672688800772,2915.791009616367,2681.8149818791353,2367.395936466662,3544.6805586924434,1720.477311139043,2177.567731192425,1769.642820964515,1767.2284569484798,2619.3401451012974,2839.8037815435637,1028.5084002205583,2341.6720215401633,1720.477311139043,2707.4801078433525,2058.921225196164,2086.882663138245,2293.7648928126355,1785.0020699098088,2341.255679855781,3194.0679890989345,1720.477311139043,2304.9810658135466,1720.477311139043,1720.477311139043,1752.2088765741366,3052.59965526861,1720.477311139043,1720.477311139043,2488.3761629152077,1723.139014230531,2506.303386111777,1785.4280912606127,2096.9430311592705,2535.8719044524446,1911.578044448321,1839.0489311367735,1927.2002038892122,2231.8969708332797,2455.274789971261,3469.0359073279446,1744.256140476209,3453.189861162979,1720.477311139043,2521.6503913674424,2965.8798400464534,2158.599290571184,2322.6326218030804,1720.477311139043,1829.6199679198226,1762.1359653657917,1315.506820621247,1720.477311139043,3145.298989377046,1720.477311139043,2009.3879036240196,1720.477311139043,1720.477311139043,2996.263238814631,1853.9136431176876,601.9797600253197,2617.026443933118,2515.4209103634066,1713.4688357287093,2248.4276437414537,2234.194606734974,1720.477311139043,1720.477311139043,1992.7390817341927,3137.076435747396,2154.309355849344,4130.258568680803,1799.4870725618694,2482.113088874098,1729.5180393042947,1720.477311139043,2930.7544551373426,1720.477311139043,2393.866045489535,1832.2454036774025,1792.9595566372866,1720.477311139043
Carcinoma_AGSCC_2_31_mieloides.csv,0.9528133279071938,922.435456348205,1720.477311139043,0.0,0.0,0.0,1349.9555849218773,30.738764898781568,1454.7554934536774,0.0,37.69226348315436,1082.0059235575789,44.79152000337393,982.2284047990576,3.433108692227698,752.2401810019896,273.34306638089913,1225.1824593794975,1113.117286502358,656.3325670540272,1885.9388581858786,0.0,1552.4379800526538,644.4178689240728,1392.2727388402197,1273.4681175841329,1301.9789917676435,1379.266766926855,684.4509863886387,0.0,1480.4369063319318,432.6098476761043,552.805640477001,618.7882239804159,64.52475877076637,1191.8006057930013,1638.2868745244762,0.0,902.1963144339745,0.0,0.0,31.73156543509404,1334.183482043983,0.0,0.0,785.7570252360739,2.661703091488448,1304.3194333740837,65.42278694971179,624.7295777024523,963.9919640931331,221.08472128506568,118.57161999773155,206.72289275017044,783.5758431989761,1042.0895320070813,1924.3767668438188,991.14852633697,1742.949675149261,0.0,920.7463917234827,1246.7902226704837,595.2646188212436,1198.707042232049,0.0,109.14265678078053,43.074383901532805,1085.0087218698554,0.0,1805.9668316693437,0.0,567.7864618425748,0.0,0.0,1329.9782518878242,133.43633197864597,1870.2238900315929,923.9767279845508,1120.4206784787143,8.056665073479262,810.2881013679519,589.0251932958279,0.0,0.0,1086.2600239071244,1422.7230484690583,1402.4255311477386,2431.9557397113845,978.2182018480837,880.8254478925735,9.040728165251977,0.0,1427.9194817178316,0.0,783.4176284377662,120.01234304463723,72.48224549824431,0.0
Carcinoma_AGSCC_2_25_mieloides.csv,0.9528133279071938,922.435456348205,1720.477311139043,0.0,0.0,0.0,1349.9555849218773,30.738764898781568,1454.7554934536774,0.0,37.69226348315436,1082.0059235575789,44.79152000337393,982.2284047990576,3.433108692227698,752.2401810019896,273.34306638089913,1225.1824593794975,1113.117286502358,656.3325670540272,1885.9388581858786,0.0,1552.4379800526538,644.4178689240728,1392.2727388402197,1273.4681175841329,1301.9789917676435,1379.266766926855,684.4509863886387,0.0,1480.4369063319318,432.6098476761043,552.805640477001,618.7882239804159,64.52475877076637,1191.8006057930013,1638.2868745244762,0.0,902.1963144339745,0.0,0.0,31.73156543509404,1334.183482043983,0.0,0.0,785.7570252360739,2.661703091488448,1304.3194333740837,65.42278694971179,624.7295777024523,963.9919640931331,221.08472128506568,118.57161999773155,206.72289275017044,783.5758431989761,1042.0895320070813,1924.3767668438188,991.14852633697,1742.949675149261,0.0,920.7463917234827,1246.7902226704837,595.2646188212436,1198.707042232049,0.0,109.14265678078053,43.074383901532805,1085.0087218698554,0.0,1805.9668316693437,0.0,567.7864618425748,0.0,0.0,1329.9782518878242,133.43633197864597,1870.2238900315929,923.9767279845508,1120.4206784787143,8.056665073479262,810.2881013679519,589.0251932958279,0.0,0.0,1086.2600239071244,1422.7230484690583,1402.4255311477386,2431.9557397113845,978.2182018480837,880.8254478925735,9.040728165251977,0.0,1427.9194817178316,0.0,783.4176284377662,120.01234304463723,72.48224549824431,0.0
Carcinoma_AGSCC_2_24_mieloides.csv,0.9528133279071938,922.435456348205,1720.477311139043,0.0,0.0,0.0,1349.9555849218773,30.738764898781568,1454.7554934536774,0.0,37.69226348315436,1082.0059235575789,44.79152000337393,982.2284047990576,3.433108692227698,752.2401810019896,273.34306638089913,1225.1824593794975,1113.117286502358,656.3325670540272,1885.9388581858786,0.0,1552.4379800526538,644.4178689240728,1392.2727388402197,1273.4681175841329,1301.9789917676435,1379.266766926855,684.4509863886387,0.0,1480.4369063319318,432.6098476761043,552.805640477001,618.7882239804159,64.52475877076637,1191.8006057930013,1638.2868745244762,0.0,902.1963144339745,0.0,0.0,31.73156543509404,1334.183482043983,0.0,0.0,785.7570252360739,2.661703091488448,1304.3194333740837,65.42278694971179,624.7295777024523,963.9919640931331,221.08472128506568,118.57161999773155,206.72289275017044,783.5758431989761,1042.0895320070813,1924.3767668438188,991.14852633697,1742.949675149261,0.0,920.7463917234827,1246.7902226704837,595.2646188212436,1198.707042232049,0.0,109.14265678078053,43.074383901532805,1085.0087218698554,0.0,1805.9668316693437,0.0,567.7864618425748,0.0,0.0,1329.9782518878242,133.43633197864597,1870.2238900315929,923.9767279845508,1120.4206784787143,8.056665073479262,810.2881013679519,589.0251932958279,0.0,0.0,1086.2600239071244,1422.7230484690583,1402.4255311477386,2431.9557397113845,978.2182018480837,880.8254478925735,9.040728165251977,0.0,1427.9194817178316,0.0,783.4176284377662,120.01234304463723,72.48224549824431,0.0
Stroma_ad_Dysplasia_FAHNSCC_14_4_mieloides.csv,1349.0923440429904,1097.7759766815213,1208.9997556112994,1349.9555849218773,1349.9555849218773,1349.9555849218773,0.0,1380.6943498206588,2736.8149105363204,1349.9555849218773,1387.6478484050315,1265.6766532954036,1307.4477657523082,1796.7259684867822,1346.642094932057,1596.774350850527,1519.342576203286,2439.1747400589197,2066.776882621666,1915.7965048053989,3168.0560684673546,1349.9555849218773,1240.5492633135402,1177.4685928297738,1001.568638517146,1846.0089396561855,2068.854288971271,814.6100655909801,1918.3402513611209,1349.9555849218773,1731.6831450428722,1577.230411394901,1543.6263642137396,1752.7807786645146,1414.4803436926436,1410.4635581770733,2585.1326521237793,1349.9555849218773,1766.1192969634992,1349.9555849218773,1349.9555849218773,1381.6871503569712,2657.929895352205,1349.9555849218773,1349.9555849218773,2019.5125655747047,1352.617288013366,1575.2606311638906,1415.0124686427635,1601.664461452723,1789.2452777093959,1486.956149449238,1468.5272049196083,1555.0665823664185,1544.8516742137474,1675.0419564289593,2683.1055711294202,941.6870451893653,3071.407957601077,1349.9555849218773,1827.6888017614338,2581.061908200052,1607.766586960333,1354.670705074979,1349.9555849218773,1459.0982417026576,1393.02996882341,662.8129138765631,1349.9555849218773,2330.818253816715,1349.9555849218773,1538.3448027902778,1349.9555849218773,1349.9555849218773,2472.289743273583,1483.3919169005228,1424.4999557755327,2071.628658134125,1707.215445271768,1342.813713867943,1614.5602535000492,1610.2817111020186,1349.9555849218773,1349.9555849218773,1122.8814623631117,2733.343526331059,1162.2851832322303,3521.3282387609966,1130.5041631579832,1836.436019901295,1358.9963130871292,1349.9555849218773,2074.4064703913546,1349.9555849218773,1901.4316987909774,1451.4230008456973,1422.4043919952535,1349.9555849218773
Carcinoma_AGSCC_2_11_mieloides.csv,31.691578226688762,932.6574322573116,1751.2160760378242,30.738764898781568,30.738764898781568,30.738764898781568,1380.6943498206588,0.0,1442.2294892702084,30.738764898781568,68.43102838193593,1112.74468845636,75.5302849021555,1012.9671696978394,34.171873591009266,782.9789459007712,304.0818312796807,1215.8971755792081,1143.8560514011397,664.6430427460057,1857.8894513376304,30.738764898781568,1583.1767449514355,675.1566338228544,1423.0115037390017,1304.2068824829146,1332.7177566664247,1410.0055318256361,715.1897512874203,30.738764898781568,1511.1756712307129,463.3486125748859,583.5444053757826,649.5269888791976,95.26352366954794,1222.5393706917828,1609.0239640940174,30.738764898781568,932.9350793327561,30.738764898781568,30.738764898781568,62.47033033387561,1319.6723285063947,30.738764898781568,30.738764898781568,816.4957901348555,33.400467990270016,1335.0581982728654,96.16155184849336,655.4683426012338,994.7307289919146,251.82348618384728,149.3103848965131,181.70522291366734,814.3146080977576,1072.828296905863,1955.1155317426005,1021.8872912357516,1721.5025593122307,30.738764898781568,951.4851566222642,1239.7310939228519,595.433507246508,1229.4458071308302,30.738764898781568,139.8814216795621,73.81314880031437,1115.747486768637,30.738764898781568,1836.7055965681252,30.738764898781568,598.5252267413564,30.738764898781568,30.738764898781568,1322.764743811845,164.17509687742753,1900.9626549303753,954.7154928833326,1151.1594433774956,38.795429972260834,841.0268662667335,619.7639581946095,30.738764898781568,30.738764898781568,1116.9987888059059,1392.9261976077637,1433.1642960465203,2462.694504610166,960.3821651398812,911.5642127913552,39.779493064033545,30.738764898781568,1458.658246616613,30.738764898781568,814.1563933365478,150.75110794341882,103.22101039702588,30.738764898781568
Stroma_ad_Dysplasia_FAAGSCC_13_5_mieloides.csv,1455.7083067815847,2030.8724805658305,3149.6512184539647,1454.7554934536774,1454.7554934536774,1454.7554934536774,2736.8149105363204,1442.2294892702084,0.0,1454.7554934536774,1492.4477569368319,2289.3245158735276,1496.6872042066088,1605.3226177632012,1456.6897684719393,1539.8016000182038,1406.0695542986105,1284.3951884528628,1746.785742366811,1233.2209177441011,1341.261608028583,1454.7554934536774,2831.3630556497724,1796.8755658354241,2810.4625293234726,1905.826617653587,2033.6007146186594,2804.4557280320128,1162.1385262562708,1454.7554934536774,2663.668192099163,1363.4532587729482,1473.4180654831757,1729.6150543255903,1519.280252224444,2439.5158407547783,1347.2755878665396,1454.7554934536774,1551.6258093805943,1454.7554934536774,1454.7554934536774,1439.4297270397956,890.1823392094655,1454.7554934536774,1454.7554934536774,1267.1354710803487,1455.538366868664,2588.5942651680875,1460.625575633822,1412.1812693629245,2018.169414012072,1360.7169973593732,1550.730941691236,1346.3802494642541,1806.6450730171136,1868.269746437839,2635.25653116073,2412.580336335836,2095.8457332193893,1454.7554934536774,1838.7734096085333,1070.5963808769739,1380.000813308062,2479.6955299177257,1454.7554934536774,1542.8620703054037,1497.8298773552106,2489.581061757123,1454.7554934536774,2439.9161519547597,1454.7554934536774,1520.1989090432216,1454.7554934536774,1454.7554934536774,1276.6310861394945,1553.2581140445063,3301.585478687601,1414.6542018287582,2111.799180218449,1462.812158527157,1729.4266743107173,1712.7602245193953,1454.7554934536774,1454.7554934536774,2509.0245805972713,1150.2712714948202,2576.50025812101,2699.666299128722,1924.6836394582147,1778.871756934161,1448.8456798187335,1454.7554934536774,2695.9834779573216,1454.7554934536774,1357.5376906507904,1382.3426436522982,1527.237738951922,1454.7554934536774
Carcinoma_AGSCC_2_37_mieloides.csv,0.9528133279071938,922.435456348205,1720.477311139043,0.0,0.0,0.0,1349.9555849218773,30.738764898781568,1454.7554934536774,0.0,37.69226348315436,1082.0059235575789,44.79152000337393,982.2284047990576,3.433108692227698,752.2401810019896,273.34306638089913,1225.1824593794975,1113.117286502358,656.3325670540272,1885.9388581858786,0.0,1552.4379800526538,644.4178689240728,1392.2727388402197,1273.4681175841329,1301.9789917676435,1379.266766926855,684.4509863886387,0.0,1480.4369063319318,432.6098476761043,552.805640477001,618.7882239804159,64.52475877076637,1191.8006057930013,1638.2868745244762,0.0,902.1963144339745,0.0,0.0,31.73156543509404,1334.183482043983,0.0,0.0,785.7570252360739,2.661703091488448,1304.3194333740837,65.42278694971179,624.7295777024523,963.9919640931331,221.08472128506568,118.57161999773155,206.72289275017044,783.5758431989761,1042.0895320070813,1924.3767668438188,991.14852633697,1742.949675149261,0.0,920.7463917234827,1246.7902226704837,595.2646188212436,1198.707042232049,0.0,109.14265678078053,43.074383901532805,1085.0087218698554,0.0,1805.9668316693437,0.0,567.7864618425748,0.0,0.0,1329.9782518878242,133.43633197864597,1870.2238900315929,923.9767279845508,1120.4206784787143,8.056665073479262,810.2881013679519,589.0251932958279,0.0,0.0,1086.2600239071244,1422.7230484690583,1402.4255311477386,2431.9557397113845,978.2182018480837,880.8254478925735,9.040728165251977,0.0,1427.9194817178316,0.0,783.4176284377662,120.01234304463723,72.48224549824431,0.0
Carcinoma_AGSCC_2_27_mieloides.csv,38.64507681106156,960.1277198313597,1758.169574622197,37.69226348315436,37.69226348315436,37.69226348315436,1387.6478484050315,68.43102838193593,1492.4477569368319,37.69226348315436,0.0,1119.698187040733,82.4837834865283,1019.9206682822121,41.12537217538206,789.9324444851441,311.0353298640535,1262.8747228626517,1150.8095499855126,694.0248305371815,1923.6311216690328,37.69226348315436,1590.1302435358084,682.1101324072272,1429.9650023233746,1311.1603810672875,1339.6712552507977,1416.959030410009,722.1432498717932,37.69226348315436,1518.1291698150858,470.3021111592587,590.4979039601553,656.4804874635704,102.21702225392073,1229.4928692761557,1675.9791380076301,37.69226348315436,939.8885779171289,37.69226348315436,37.69226348315436,69.4238289182484,1371.8757455271377,37.69226348315436,37.69226348315436,823.4492887192282,40.35396657464281,1342.0116968572383,103.11505043286616,662.4218411856066,1001.6842275762874,258.7769847682201,156.2638834808859,244.4151562333248,821.2681066821303,1079.781795490236,1962.0690303269735,1028.8407898201244,1780.6419386324155,37.69226348315436,958.4386552066369,1284.482486153638,632.9568823043978,1236.3993057152031,37.69226348315436,146.8349202639349,80.76664738468716,1122.7009853530099,37.69226348315436,1843.6590951524981,37.69226348315436,605.4787253257291,37.69226348315436,37.69226348315436,1367.6705153709786,171.12859546180033,1907.9161535147482,961.6689914677054,1158.1129419618685,45.74892855663363,847.9803648511063,626.7174567789823,37.69226348315436,37.69226348315436,1123.9522873902788,1460.4153119522125,1440.1177946308933,2469.648003194539,1015.9104653312381,918.5177113757279,46.73299164840634,37.69226348315436,1465.611745200986,37.69226348315436,821.1098919209205,157.7046065277916,110.17450898139867,37.69226348315436
Stroma_ad_Dysplasia-HG_FAHNSCC_15_1_mieloides.csv,1082.8475956423943,857.7875205293922,2183.4089489320595,1082.0059235575789,1082.0059235575789,1082.0059235575789,1265.6766532954036,1112.74468845636,2289.3245158735276,1082.0059235575789,1119.698187040733,0.0,1058.7226795644015,1184.506751189742,1082.3775000593498,1060.2671839425852,1057.0035081602307,1994.3355980058006,1447.550593848011,1451.7431446856135,2751.404231367766,1082.0059235575789,1092.1560220770039,811.4241567395259,1327.719689850333,1215.772882853022,1232.9018535939047,1633.7470239722106,1502.8581790154199,1082.0059235575789,910.5311345538496,1144.745394608125,1147.8391172769611,1168.0759404428898,1146.5306823283452,718.678005937527,2172.3574587963967,1082.0059235575789,1282.0722081604135,1082.0059235575789,1082.0059235575789,1113.7374889926728,2212.755598885144,1082.0059235575789,1082.0059235575789,1571.9466539703897,1081.8996996565843,832.9271388285708,1147.2913144061433,1219.6414716494019,1071.5233335293706,1104.3520685976314,1190.9204347207556,1277.5567719176831,1006.0160646716013,944.934918982063,1793.0997730564968,1042.1192841735547,2737.984829527241,1082.0059235575789,1088.1673850363943,2133.071575715954,1162.229373196863,761.0085730116567,1082.0059235575789,1191.148580338359,1125.0803074591115,1148.4324833099802,1082.0059235575789,1576.406862301114,1082.0059235575789,1125.430280842746,1082.0059235575789,1082.0059235575789,1982.432319006118,1215.4422555362244,2411.404901239113,1542.8108601139015,918.8589802822528,1076.283824012322,1096.1938060969587,1018.8701205352254,1082.0059235575789,1082.0059235575789,1061.3059392860594,2333.178789044903,966.5280054250511,2837.88793699851,987.5433163495965,1272.5933827813615,1084.5770643992637,1082.0059235575789,1175.0085152768775,1082.0059235575789,1440.9629920671891,1118.101711750289,1154.1402644527832,1082.0059235575789
Carcinoma_AGSCC_2_7_mieloides.csv,45.744333331281126,890.2802730534808,1676.7790247401947,44.79152000337393,44.79152000337393,44.79152000337393,1307.4477657523082,75.5302849021555,1496.6872042066088,44.79152000337393,82.4837834865283,1058.7226795644015,0.0,1014.5678094335894,47.75090660007714,765.4481333773441,318.1345863842731,1258.2612249371941,1131.4829499162815,697.7242527761282,1913.010498172338,44.79152000337393,1512.8930531374956,617.1884295867469,1353.3322838233519,1263.6469581589504,1306.449237734285,1336.047277853778,700.6527450854184,44.79152000337393,1465.774720726462,444.8981250630942,527.0908394483735,655.6446613599965,109.3162787741403,1171.7495606293242,1648.5984178276626,44.79152000337393,883.668007323684,44.79152000337393,44.79152000337393,76.52308543846797,1377.8816493622933,44.79152000337393,44.79152000337393,830.5485452394475,47.45322309486237,1294.2861877288722,110.21430695308572,610.5590592899342,984.1971919972882,265.3344860495011,163.3631400011055,251.51441275354435,772.4636271308801,1030.0682459184486,1942.3197457194317,963.5679269953857,1782.9064627816786,44.79152000337393,937.760614277589,1289.8241692056474,626.6749823242164,1180.3019791984038,44.79152000337393,153.93417678415446,87.86590390490673,1045.8701997189326,44.79152000337393,1798.900429572846,44.79152000337393,553.0374105734912,44.79152000337393,44.79152000337393,1347.213332587774,178.22785198201987,1827.2718335121617,967.1577353285884,1117.4687825401397,44.81923871663449,801.2330680129384,617.7180113138139,44.79152000337393,44.79152000337393,1057.6337320490684,1467.514568472432,1368.6362322118712,2475.26468396882,945.3461910611067,891.1506814203804,53.8322481686259,44.79152000337393,1441.7541434431757,44.79152000337393,809.9324353267386,164.26210780907266,117.27376550161824,44.79152000337393
Stroma_ad_Carcinoma_FAHNSCC_15_1_mieloides.csv,982.6664406674233,1132.2238462235491,2538.726431932222,982.2284047990576,982.2284047990576,982.2284047990576,1796.7259684867822,1012.9671696978394,1605.3226177632012,982.2284047990576,1019.9206682822121,1184.506751189742,1014.5678094335894,0.0,982.474485203894,745.975301261903,829.8210777554582,1507.1807203357823,936.1510298739561,1007.3359237763658,2006.3820400487148,982.2284047990576,1760.8241379644078,1026.9427470578712,1934.9114427186778,780.2357393218053,882.2755873150697,2137.1164080381354,1033.7637353204625,982.2284047990576,1453.964283616111,808.7670487034484,912.1118429380517,1003.961630036119,1046.7531635698242,1329.557463560394,1744.6647968486136,982.2284047990576,901.7723337688687,982.2284047990576,982.2284047990576,975.0863399759268,1589.1361160935235,982.2284047990576,982.2284047990576,939.527277268513,980.1795567492212,1446.096789706991,1036.3399077662143,977.8419748836761,975.4150437681787,911.2966169716034,1085.6779002297317,1116.1369320720273,934.6037641153009,792.1113416199363,1444.8976075281862,1586.7676131640055,2416.2030032491007,982.2284047990576,761.9174259316862,1423.0927456767286,849.5599561879097,1372.4331062138854,982.2284047990576,1080.8742254490408,1025.3027887005906,1652.6849665740215,982.2284047990576,1346.9766321771053,982.2284047990576,930.7514160576416,982.2284047990576,982.2284047990576,1153.943679059465,1115.6647367777036,2757.282463732933,913.2353045162798,939.8690959322971,983.9080618494512,905.4585268325765,861.6603368628522,982.2284047990576,982.2284047990576,1584.212246018707,1743.2684539227077,1516.3899158242848,2124.2566071861206,1150.2095143782003,896.0300005866662,977.6300115404815,982.2284047990576,1550.034144048609,982.2284047990576,806.4898947350694,924.605343278109,1054.4685902654041,982.2284047990576
Carcinoma_AGSCC_2_19_mieloides.csv,4.385922020134892,919.7207028868,1717.0851022820368,3.433108692227698,3.433108692227698,3.433108692227698,1346.642094932057,34.171873591009266,1456.6897684719393,3.433108692227698,41.12537217538206,1082.3775000593498,47.75090660007714,982.474485203894,0.0,755.6732896942174,270.7501915785104,1228.615568071725,1114.1690436597912,659.7656757462549,1889.3719668781062,3.433108692227698,1550.0074231094973,644.620354870339,1388.86143650963,1273.764386012373,1303.5159968478154,1376.3846326231192,687.8840950808665,3.433108692227698,1478.270405602578,431.27003850709025,553.1781211212332,618.4760976892198,67.95786746299407,1190.154671409373,1638.2209202763293,3.433108692227698,905.6294231262023,3.433108692227698,3.433108692227698,35.16467412732174,1337.616590736211,3.433108692227698,3.433108692227698,789.1901339283016,6.094811783716146,1301.591334768728,68.8558956419395,628.1626863946799,966.1794464176058,223.8735447751788,122.00472868995925,210.15600144239815,782.8299296613258,1043.641352089047,1925.5967557615425,988.5209150420279,1746.3827838414888,3.433108692227698,924.1795004157103,1250.2233313627114,598.2562156909147,1196.00022835695,3.433108692227698,112.57576547300823,46.5074925937605,1081.893559016017,3.433108692227698,1809.3999403615715,3.433108692227698,567.7319198778757,3.433108692227698,3.433108692227698,1333.290750158236,136.86944067087367,1866.847553429265,926.1510113243946,1123.8537871709418,11.48977376570696,810.6264196590071,590.9739432144052,3.433108692227698,3.433108692227698,1083.7895334919967,1426.1561571612858,1401.2515623682239,2435.388848403612,975.0098931953313,881.0683293261704,12.473836857479675,3.433108692227698,1431.3525904100593,3.433108692227698,786.850737129994,123.44545173686495,75.91535419047202,3.433108692227698
Dysplasia-Stroma_FAAGSCC_13_7_mieloides.csv,751.9553472877146,1067.0038064179098,2309.83742104249,752.2401810019896,752.2401810019896,752.2401810019896,1596.774350850527,782.9789459007712,1539.8016000182038,752.2401810019896,789.9324444851441,1060.2671839425852,765.4481333773441,745.975301261903,755.6732896942174,0.0,669.9805778359419,1322.3198335447864,843.4654967044821,849.7698667046965,1956.7130851437016,752.2401810019896,1639.0175724436608,889.3379345787788,1767.4698601817142,872.0811242645633,908.6182924149291,1938.8431508829551,947.7622633270728,752.2401810019896,1420.0979676029258,621.5363379786048,555.3139902539771,892.2677038435896,816.764939772756,1213.819835624215,1595.474920846027,752.2401810019896,814.7936797195034,752.2401810019896,752.2401810019896,783.9717464370837,1474.9327699320263,752.2401810019896,752.2401810019896,928.9373844421175,751.2885756489628,1302.4556198164128,796.307380122695,778.7315508410928,877.0931129426585,678.5805671116841,870.8118009997212,928.4720627578688,687.676489018448,759.3950294816948,1487.7130585322122,1384.742100349571,2224.248014508903,752.2401810019896,701.9304678190344,1375.2098661145217,740.3834878339228,1247.8506804774972,752.2401810019896,861.3828377827701,795.3145649035224,1454.2964227162215,752.2401810019896,1372.1861498153457,752.2401810019896,679.9607526777627,752.2401810019896,752.2401810019896,1190.1685323356865,885.6765129806357,2502.2807857107186,761.2313473198404,920.771712250947,748.372175759608,742.8938418231116,738.0119642071069,752.2401810019896,752.2401810019896,1455.3163621538913,1614.9238974677419,1436.3808343607036,2111.1189550130994,969.5180091455189,906.0494939009704,753.626379608679,752.2401810019896,1453.351389587782,752.2401810019896,808.6278057579358,680.9764866324024,824.722426500234,752.2401810019896
Carcinoma_FAHNSCC_14_3_mieloides.csv,274.2958797088063,903.600758784787,1946.2672688800772,273.34306638089913,273.34306638089913,273.34306638089913,1519.342576203286,304.0818312796807,1406.0695542986105,273.34306638089913,311.0353298640535,1057.0035081602307,318.1345863842731,829.8210777554582,270.7501915785104,669.9805778359419,0.0,1226.7037648922576,918.3242710767292,628.0775596600065,1870.2476214579249,273.34306638089913,1603.733698151422,611.4649392600681,1574.8465830262126,1093.771979253255,1104.4374631105961,1590.822195357854,660.4387375029526,273.34306638089913,1458.617467861352,393.2729862707135,505.93044941700884,537.2724699757175,337.8678251516655,1256.7342058174195,1619.2579355602195,273.34306638089913,746.3851315796762,273.34306638089913,273.34306638089913,305.0746318159932,1354.4785856184062,273.34306638089913,273.34306638089913,701.443118556042,274.42163291271135,1373.6737604009481,332.804628430694,591.798213148111,878.4194659732125,301.6224960469625,381.38276295402767,466.85606445375373,737.3926766307661,887.1402377882036,1734.2316531745184,1182.4319863075148,1882.1245621418605,273.34306638089913,759.800115285174,1175.169091996624,574.7383678871199,1256.4782936059005,273.34306638089913,382.4857231616797,316.41745028243196,1280.092631671524,273.34306638089913,1584.4927342295503,273.34306638089913,545.8342231333593,273.34306638089913,273.34306638089913,1188.143701398733,406.77939835954516,2116.0687111277766,794.1050910634095,972.0025587467953,281.3997314543784,735.8187424093643,571.0015313412279,273.34306638089913,273.34306638089913,1270.3546962736214,1405.4500261637913,1476.9180794228084,2238.7147811250434,956.1017441410831,716.402091132235,278.7966647911359,273.34306638089913,1488.858220881497,273.34306638089913,730.5116390975188,306.2382895760017,345.4657781974385,273.34306638089913
Stroma_ad_Dysplasia_FAAGSCC_13_8_mieloides.csv,1226.1352727074045,1707.0045081878334,2915.791009616367,1225.1824593794975,1225.1824593794975,1225.1824593794975,2439.1747400589197,1215.8971755792081,1284.3951884528628,1225.1824593794975,1262.8747228626517,1994.3355980058006,1258.2612249371941,1507.1807203357823,1228.615568071725,1322.3198335447864,1226.7037648922576,0.0,1593.6233603800908,1082.0944450700897,1392.8409875193179,1225.1824593794975,2471.43900377674,1520.4893231387182,2549.8252578545903,1749.4564518741881,1837.7579311824586,2570.4582371700453,1146.5608557417358,1225.1824593794975,2274.513414944179,1237.4329416405537,1216.8535234177075,1364.3101726375958,1182.679464513518,2040.9685191450653,1560.8299633158774,1225.1824593794975,1473.2196161594175,1225.1824593794975,1225.1824593794975,1233.3953798128045,1162.6252865643605,1225.1824593794975,1225.1824593794975,1138.1857169877746,1223.6602784637503,2218.429539984051,1188.4227011297894,1202.4661430141064,1641.3701707400212,1139.5194016195271,1271.3225165251777,1111.3500536363372,1386.2957497872087,1619.9773591338092,2402.4587680456584,2167.9838237430527,1634.3467692035933,1225.1824593794975,1529.1162854785623,1209.5529970247662,1150.5644951005775,2141.154933834507,1225.1824593794975,1247.8284639474427,1219.275368842042,2213.2778658710786,1225.1824593794975,2264.3955721128564,1225.1824593794975,1269.7872899147605,1225.1824593794975,1225.1824593794975,1351.7116611546076,1171.455956011535,3064.0598583504247,1326.1877971203742,1774.8026955060157,1226.1846440049753,1402.3121575950327,1340.1604734139444,1225.1824593794975,1225.1824593794975,2245.1769662961888,1348.9491122787695,2234.9130893302454,2688.849649560274,1667.0631438393493,1566.7696245081308,1223.2716539731582,1225.1824593794975,2276.876224518697,1225.1824593794975,1133.3721675249008,1163.47417587858,1297.6647048777415,1225.1824593794975
Stroma_ad_Carcinoma_AGSCC_2_9_mieloides.csv,1113.9309272287267,1370.0092598158246,2681.8149818791353,1113.117286502358,1113.117286502358,1113.117286502358,2066.776882621666,1143.8560514011397,1746.785742366811,1113.117286502358,1150.8095499855126,1447.550593848011,1131.4829499162815,936.1510298739561,1114.1690436597912,843.4654967044821,918.3242710767292,1593.6233603800908,0.0,1070.1289196135149,2110.3877682563375,1113.117286502358,2091.0761217552,1146.6573495104326,2240.9014154661936,1010.4208184152607,832.2638822786283,2323.917586599802,1173.1456627868474,1113.117286502358,1613.370078155139,914.0341793067075,989.3855095941573,841.3000738397807,1177.6420452731245,1460.09354878865,1962.659790478682,1113.117286502358,896.8656026315058,1113.117286502358,1113.117286502358,1144.8488519374523,1789.3896462748687,1113.117286502358,1113.117286502358,980.8529922352488,1111.5347393122565,1655.628801742599,1167.0021941101922,1148.3902578097122,907.6372991441099,987.5130698149596,1217.975422956139,1309.1893646848775,938.124245091701,893.5383433864339,1246.619281793528,1846.3509093782384,2601.963326181756,1113.117286502358,783.3458370226793,1433.5918090632717,1066.0799566357173,1684.7335012044516,1113.117286502358,1222.2599432831387,1156.191670403891,1912.411217568103,1113.117286502358,1079.690865542035,1113.117286502358,942.331927796942,1113.117286502358,1113.117286502358,1235.8185211808088,1246.553618481004,2883.1844762505343,799.8986417378576,1086.847750675192,1109.7582931762897,849.3203397791249,865.2942899405939,1113.117286502358,1113.117286502358,1936.495529935864,1852.683585313137,1817.037794873201,1758.763686775374,1443.3587530731552,770.1350987833072,1114.4102113598112,1113.117286502358,1610.1869061407276,1113.117286502358,965.4156240320387,1044.5462092496407,1185.5995320006027,1113.117286502358
Stroma_ad_Dysplasia-HG_FAHNSCC_15_3_mieloides.csv,657.2853803819344,1231.8911600419838,2367.395936466662,656.3325670540272,656.3325670540272,656.3325670540272,1915.7965048053989,664.6430427460057,1233.2209177441011,656.3325670540272,694.0248305371815,1451.7431446856135,697.7242527761282,1007.3359237763658,659.7656757462549,849.7698667046965,628.0775596600065,1082.0944450700897,1070.1289196135149,0.0,1661.9109101776894,656.3325670540272,2002.608927467077,984.2080705515747,2025.2187552740043,1260.1012235390485,1346.7047523750064,2024.6458429769145,717.7569337516363,656.3325670540272,1795.7601776256752,651.3971185881516,694.5990233846838,848.9979750736544,671.9598717222303,1568.5186304401566,1605.3148193834518,656.3325670540272,864.5727967275382,656.3325670540272,656.3325670540272,659.3417659361355,1320.6634102812004,656.3325670540272,656.3325670540272,649.5562058385987,655.4554750863157,1747.1033459834835,665.3514254554409,765.2767664285789,1183.9589744683576,584.284603813308,761.4311252866797,784.3530514557826,986.6483805779574,1146.8387724598083,1905.507647010342,1627.2788429018503,1884.1613154322567,656.3325670540272,1057.234627302628,1040.4029666859717,667.5727399041189,1665.4860424253418,656.3325670540272,739.3900785678303,699.4069509555601,1680.8873536068531,656.3325670540272,1751.405953869793,656.3325670540272,725.7542474807311,656.3325670540272,656.3325670540272,1060.4566995278847,789.7688990326732,2517.6236271668204,817.9660808654917,1330.0771197758613,655.5814855407764,934.2549069198589,878.9316392042775,656.3325670540272,656.3325670540272,1719.6062223973815,1347.6513348186613,1751.4379871111146,2136.5579430558673,1118.358858141603,1002.3096560379365,651.5108450216267,656.3325670540272,1819.1325226417932,656.3325670540272,821.9092126243306,592.3100096397683,728.8148125522716,656.3325670540272
