,Carcinoma_AGSCC_2_1.csv,Carcinoma_AGSCC_2_10.csv,Carcinoma_AGSCC_2_11.csv,Carcinoma_AGSCC_2_12.csv,Carcinoma_AGSCC_2_13.csv,Carcinoma_AGSCC_2_14.csv,Carcinoma_AGSCC_2_15.csv,Carcinoma_AGSCC_2_16.csv,Carcinoma_AGSCC_2_17.csv,Carcinoma_AGSCC_2_18.csv,Carcinoma_AGSCC_2_19.csv,Carcinoma_AGSCC_2_2.csv,Carcinoma_AGSCC_2_20.csv,Carcinoma_AGSCC_2_21.csv,Carcinoma_AGSCC_2_22.csv,Carcinoma_AGSCC_2_23.csv,Carcinoma_AGSCC_2_24.csv,Carcinoma_AGSCC_2_25.csv,Carcinoma_AGSCC_2_26.csv,Carcinoma_AGSCC_2_27.csv,Carcinoma_AGSCC_2_28.csv,Carcinoma_AGSCC_2_29.csv,Carcinoma_AGSCC_2_3.csv,Carcinoma_AGSCC_2_30.csv,Carcinoma_AGSCC_2_31.csv,Carcinoma_AGSCC_2_32.csv,Carcinoma_AGSCC_2_33.csv,Carcinoma_AGSCC_2_34.csv,Carcinoma_AGSCC_2_35.csv,Carcinoma_AGSCC_2_36.csv,Carcinoma_AGSCC_2_37.csv,Carcinoma_AGSCC_2_38.csv,Carcinoma_AGSCC_2_39.csv,Carcinoma_AGSCC_2_4.csv,Carcinoma_AGSCC_2_40.csv,Carcinoma_AGSCC_2_5.csv,Carcinoma_AGSCC_2_6.csv,Carcinoma_AGSCC_2_7.csv,Carcinoma_AGSCC_2_8.csv,Carcinoma_AGSCC_2_9.csv,Carcinoma_FAHNSCC_14_1.csv,Carcinoma_FAHNSCC_14_2.csv,Carcinoma_FAHNSCC_14_3.csv,Carcinoma_FAHNSCC_14_4.csv,Carcinoma_FAHNSCC_14_5.csv,Carcinoma_FAHNSCC_15_1.csv,Carcinoma_FAHNSCC_15_2.csv,Dysplasia-HG_FAHNSCC_15_1.csv,Dysplasia-HG_FAHNSCC_15_2.csv,Dysplasia-HG_FAHNSCC_15_3.csv,Dysplasia-HG_FAHNSCC_15_4.csv,Dysplasia-LG_FAHNSCC_15_1.csv,Dysplasia-LG_FAHNSCC_15_2.csv,Dysplasia-S_FAAGSCC_13_1.csv,Dysplasia-S_FAAGSCC_13_2.csv,Dysplasia-S_FAAGSCC_13_3.csv,Dysplasia-S_FAAGSCC_13_4.csv,Dysplasia-S_FAAGSCC_13_5.csv,Dysplasia-S_FAAGSCC_13_6.csv,Dysplasia-S_FAAGSCC_13_7.csv,Dysplasia-S_FAAGSCC_13_8.csv,Dysplasia_FAAGSCC_13_1.csv,Dysplasia_FAAGSCC_13_2.csv,Dysplasia_FAAGSCC_13_3.csv,Dysplasia_FAAGSCC_13_4.csv,Stroma_ad_Carcinoma-Dysplasia_FAHNSCC_14_1.csv,Stroma_ad_Carcinoma_AGSCC_2_1.csv,Stroma_ad_Carcinoma_AGSCC_2_10.csv,Stroma_ad_Carcinoma_AGSCC_2_2.csv,Stroma_ad_Carcinoma_AGSCC_2_3.csv,Stroma_ad_Carcinoma_AGSCC_2_4.csv,Stroma_ad_Carcinoma_AGSCC_2_5.csv,Stroma_ad_Carcinoma_AGSCC_2_6.csv,Stroma_ad_Carcinoma_AGSCC_2_7.csv,Stroma_ad_Carcinoma_AGSCC_2_8.csv,Stroma_ad_Carcinoma_AGSCC_2_9.csv,Stroma_ad_Carcinoma_FAHNSCC_14_1.csv,Stroma_ad_Carcinoma_FAHNSCC_14_2.csv,Stroma_ad_Carcinoma_FAHNSCC_14_3.csv,Stroma_ad_Carcinoma_FAHNSCC_15_1.csv,Stroma_ad_Carcinoma_FAHNSCC_15_2.csv,Stroma_ad_Dysplasia-HG_FAHNSCC_15_1.csv,Stroma_ad_Dysplasia-HG_FAHNSCC_15_2.csv,Stroma_ad_Dysplasia-HG_FAHNSCC_15_3.csv,Stroma_ad_Dysplasia_FAAGSCC_13_1.csv,Stroma_ad_Dysplasia_FAAGSCC_13_10.csv,Stroma_ad_Dysplasia_FAAGSCC_13_11.csv,Stroma_ad_Dysplasia_FAAGSCC_13_2.csv,Stroma_ad_Dysplasia_FAAGSCC_13_3.csv,Stroma_ad_Dysplasia_FAAGSCC_13_4.csv,Stroma_ad_Dysplasia_FAAGSCC_13_5.csv,Stroma_ad_Dysplasia_FAAGSCC_13_6.csv,Stroma_ad_Dysplasia_FAAGSCC_13_7.csv,Stroma_ad_Dysplasia_FAAGSCC_13_8.csv,Stroma_ad_Dysplasia_FAAGSCC_13_9.csv,Stroma_ad_Dysplasia_FAHNSCC_14_1.csv,Stroma_ad_Dysplasia_FAHNSCC_14_2.csv,Stroma_ad_Dysplasia_FAHNSCC_14_3.csv,Stroma_ad_Dysplasia_FAHNSCC_14_4.csv
Carcinoma_AGSCC_2_1.csv,0,6356.83755,7047.840841014619,4429.083348792989,6752.273591963453,5428.23899,5174.758482086663,8313.394291701667,6924.092046836914,5058.031337508523,8204.197060024277,3301.1022924480762,3322.1740553688323,4155.9724276677725,4187.038943622951,5326.143369624161,10418.978077694816,11090.969213831213,4742.175397558782,3246.557659660852,5415.587102158617,5148.763778,3336.748082688046,6630.052940284881,7643.968303496414,10820.842896154245,4495.100184808811,4610.414134,3113.6904743521422,4369.474272,8091.138036956294,7850.693978140204,3136.0306675385436,7595.282651487699,9318.074159718208,7775.302402826874,7830.356765360731,8377.619187,7847.849598937262,7294.936518097421,11485.625275730084,12053.963998176334,12388.428471476998,7330.910581,10548.212157041884,4942.296893523134,3355.188432855198,7362.951578158972,1976.5720054492738,1630.431642923455,1096.2103236188598,6882.250637947904,5076.121504287479,3473.248286023031,5886.806141775966,3113.064392546052,2915.856523933629,7091.710298966084,2654.0261949329033,2808.968362911301,6183.731711207612,5436.986004402764,9149.357469986016,3742.8095550134763,5931.757243483488,16066.524807881166,11848.087486017506,15756.65188592799,10290.62206896458,6043.4045887479015,8457.4756,10991.871507446685,10054.264922845283,6282.369524679397,5690.651389237307,8469.46869,17678.942896538483,18530.183359871775,18141.86674271375,7423.087361017003,13155.929584600732,9956.497960448816,7887.029453990289,14411.298588521933,37586.72948,21164.057152889283,9692.739614550068,11533.020047465185,33210.64600372969,25807.045398194732,25185.97489526181,18253.71203,18981.479965876075,24135.99105066223,17691.084610071503,7785.5031664406015,19137.225922642254,17843.456236682498,15446.063553220565
Carcinoma_AGSCC_2_10.csv,6356.83755,0,1231.8716909765678,2105.330368810364,997.4797404684122,995.8229069071804,1313.3110603301454,1972.1313486305223,1001.7409749964793,1451.2037032437847,1972.5016432369523,3962.394063506135,4677.082095985161,2726.094234819673,2677.373577977741,1420.0191317046426,4190.542825871612,4918.7022870259825,1715.761281,3232.7227852194965,974.3322275900374,1266.8109626597206,3630.164317,446.1981245,1602.2098240048433,4611.916286353499,1984.036582791744,1770.9207785157532,5058.226617876979,2925.1591958669064,1911.156204,2972.336201294132,3247.7609797607556,1654.1000840601173,2994.3708979377393,1793.7795156719244,1671.9066367499481,2042.0606632926288,1808.7246048822265,1124.2176388573198,5252.426788137737,5810.870022353843,6215.997531836251,1503.0505198855221,4302.854305148143,3049.3056935126597,3241.775164978612,1122.3260372223933,4411.167435696203,5570.022323,6530.003954770913,6860.355657720436,5662.2677550514045,2950.686558555971,3062.796137,4340.663867391578,3555.5378997463936,4366.079632808811,7962.715384750665,3620.281471523847,12411.33511422699,11364.55107394735,15351.346981398812,2643.733533607753,1058.0390838031585,9925.407915820117,17530.067806757284,10164.709190691028,15644.137259768779,7840.996018,6639.740124155288,6176.183973962954,4300.347555161273,4640.488629,9638.899508457935,13578.991854636708,11722.891647659337,12570.818890679535,12097.195497776105,8843.425342732862,17206.293230386524,6683.924305148986,9311.902722849663,19678.76602076669,41941.69442174396,26959.252830795398,4698.478271169074,16433.903738325298,37812.80335288996,29936.261719675906,29497.028341129342,23180.208539816616,23315.141302097603,28479.811876631942,22770.156918553523,9662.130715070005,13417.221637596467,11781.222993631302,9221.172733469772
Carcinoma_AGSCC_2_11.csv,7047.840841014619,1231.8716909765678,0,2982.5533950924787,591.0845398699436,1816.0689931319505,2253.207777669722,1480.0584175671186,1595.7108979736975,2441.631035248837,1305.258619915463,4089.083888936933,5500.166603411287,3712.2356091805823,3705.8720185214725,2497.03967,3400.9920879601696,4090.097855,2695.0781549378225,4038.539441,1924.9921721977842,2063.1506791796305,3972.5568110649356,962.1522768385778,684.7201548693862,3795.7386980431206,2621.7936854039076,2518.3723094070083,5869.409603460103,3851.1862061994893,1140.940268189767,1783.8149152989286,3971.3943571105237,609.0745617660301,2373.435934942141,886.7144746656784,907.2442170038175,1483.095159195268,855.4235751360306,527.1063728318866,4465.386870801853,5032.929660138016,5401.366916633904,718.1095416,3520.144265,2553.468346398517,3728.7350377372895,563.2140078995615,5111.2525819655375,6255.347453888921,7116.001645443986,6220.717885332843,5050.5629377398545,3710.363927270199,2466.6794497446945,4301.7129916943195,4168.517144418722,3343.500600461321,8457.830734,4403.813450384539,13087.628239580572,12107.12436145891,16039.823528709792,3409.295660842993,1200.5030036806543,9104.711709841895,17838.214757487436,9232.300373304332,15831.341740762207,7262.054106310447,5703.468593242974,4987.304276524564,3221.6670461290923,3871.2948715227394,9406.133914278525,13679.680344909491,10860.48310918981,11706.269969283023,11250.48177007732,8163.303821147368,16970.793646718117,5471.640043,8618.513283,19756.672607666504,41702.03426230677,27297.13070592872,3507.517525695548,16451.74167232113,37653.32675049063,29661.086041583218,29304.75067092083,23158.329398610957,23115.378172155863,28292.866041319656,22836.92507749708,9007.466279,12521.501347083127,10930.290436074645,8437.636153536692
Carcinoma_AGSCC_2_12.csv,4429.083348792989,2105.330368810364,2982.5533950924787,0,2723.301201682062,1211.4079307951554,810.9157986487357,4027.8153303284553,2620.8450644720615,741.7777630759358,3994.4019936894842,3355.5957292701532,2596.532084803535,1001.1516142753705,991.9715084747767,1079.7789487984837,6278.915389372673,7001.874127443561,537.1629159082221,1363.2652894823323,1225.0225089917158,1200.1032622507366,2542.286271884726,2329.720856948379,3543.402564070197,6679.938122048855,1142.684393331441,1074.0635601646027,2974.022781054715,1222.1128748355322,3931.819240980795,4438.398777,1518.551496251619,3516.8628451503278,5069.678479363963,3676.7566086730885,3677.1439889209605,4109.152894964033,3788.078117883533,3129.3119609804307,7344.371762,7901.861895121766,8304.421122504973,3060.9415285248338,6395.501398043732,3447.6033306174168,2785.659979330093,3110.681547677708,2904.939701,4255.999174,4827.734542553555,7244.734426272852,5888.363835,1669.3146134242907,3423.487856038221,3880.5486600866216,2472.2669744498153,5276.810081940467,6487.343043281881,1735.469993544884,10443.74247620501,9326.598309869561,13342.62003344462,1489.2850439912156,2001.7530337951353,12013.049027700326,16058.048169190433,12137.07904861256,14334.279119255529,7824.171981296976,7092.473896837272,7495.185083038479,6138.518796718677,4969.246808,8978.588997928511,12390.835228070464,13786.45963942382,14633.063792662098,14173.002187405413,8987.991383,16532.870566484948,7932.980533049853,9462.962451592395,18437.231163855533,41186.20583371264,25417.041713345985,6063.670497121823,15360.376599606901,36932.25559977943,29260.79950268908,28719.321907432786,22123.51067403488,22537.44040517426,27684.393631572155,21628.24203329077,9744.459543406496,15426.590008440116,13853.779983924675,11317.357318555416
Carcinoma_AGSCC_2_13.csv,6752.273591963453,997.4797404684122,591.0845398699436,2723.301201682062,0,1574.898916423422,1953.9433738604343,1608.9041851373556,1378.017517403651,2122.009187303308,1500.7018080609369,4158.839540463804,5233.428130283329,3415.134727367825,3387.3825670849815,2169.2414591738398,3782.344736455375,4507.747580828166,2399.718505,3827.781702133551,1528.829302640328,1785.5423861975871,4001.057102633373,731.1637215731416,1005.1734985413322,4185.429497678137,2468.0799043592697,2296.6243469070755,5632.527843606329,3561.2440351957694,1447.6426043313004,2133.375144990731,3679.058778890346,1069.385744379549,2609.2398626154427,1148.0285393822003,1157.7153810423351,1659.5883632849416,1291.7332093846385,668.5274816842331,4850.552813750052,5412.083187072939,5808.380487075793,855.0260822974985,3901.4505216478296,2530.623408486437,3513.2981080011664,684.4587427,4886.735114092335,6024.291523,6923.527174915114,6305.373715647282,5227.924014809483,3411.5989604665115,2700.591580953354,4444.637728934193,3988.5949142639047,3479.515716284922,8271.090252765602,4145.7890357457045,12833.908263649528,11813.211973338995,15803.84554,3174.3219904862176,1020.9930282216033,9517.579237136311,17789.366740224945,9669.657957723459,15864.34220330634,7445.911520468986,5995.576132241132,5459.786448796366,3708.112441698982,4132.504603233303,9517.195819915527,13743.788470409005,11300.690699160219,12147.752050296229,11680.301676485557,8304.703661392867,17065.441594702403,5745.863564884857,8759.461199252102,19799.052757298152,41764.33160900959,27185.278691130476,3933.4729649101623,16509.99998944815,37717.16665347629,29759.332519087147,29367.37080620332,23210.058339163017,23215.104707562852,28352.969082580406,22849.228486720778,9149.739765478042,12975.833959426243,11362.587309771341,8824.718533738414
Carcinoma_AGSCC_2_14.csv,5428.23899,995.8229069071804,1816.0689931319505,1211.4079307951554,1574.898916423422,0,871.0979081,2900.0493635160615,1878.3549523996894,851.9235516287218,2825.7788599627997,3081.4912571460404,3746.785141307823,2094.6605488678024,2068.151627561983,1321.9388169238393,5110.504761804553,5832.255236297106,1154.3988462800407,2298.081426118664,887.7766993,657.9762884048846,2753.740050400376,1255.0235372213547,2376.012081799939,5505.878533588846,1106.9501467935613,847.6329426118324,4124.858956362651,2256.9343509619935,2761.1509311278114,3267.5932172091393,2311.014085243839,2355.219697196459,3926.143675161665,2514.751447851597,2510.044302210449,2969.0428503357293,2614.385228,1955.8734481491222,6178.304415567496,6739.318316411511,7136.104096806555,1927.824497627531,5229.670919997904,2596.8616,2377.492579,1967.1018429354533,3481.668724662849,4671.617561074914,5628.811969441013,6411.770861553768,5134.046212700496,2020.193965508602,2583.607351125897,3542.201096826007,2641.2707993117115,4219.235008598204,7068.2730334717335,2694.540423989167,11477.49369508122,10436.387600033691,14419.181235641234,1720.4656999049948,841.1820580313283,10844.443333571517,16648.309557766097,10960.56175215408,14760.970249655948,7205.095836161585,6232.263964821261,6344.792428978173,4955.693447591116,4151.319117171359,8838.182901714217,12687.62973867782,12611.724611826447,13458.256351674681,13001.359192666652,8286.106799883888,16395.276799758194,6790.093901131431,8753.668471972744,18798.363014964612,41165.98941029942,26064.17511,4902.6730197258785,15565.735066042289,37004.776396933186,29145.062968398903,28697.120958383628,22337.940431092873,22496.46674262892,27682.937497831033,21904.97027193947,9074.392866394162,14256.070286065848,12682.746227924887,10153.568652194313
Carcinoma_AGSCC_2_15.csv,5174.758482086663,1313.3110603301454,2253.207777669722,810.9157986487357,1953.9433738604343,871.0979081,0,3242.9635396592084,1836.5697376228486,276.5681561435435,3205.5773770924434,3684.6226008702643,3377.0111305174355,1480.565982274113,1486.2412353675309,528.3107458879425,5494.592063,6220.04609,576.7431812030308,2093.6597263124677,476.49995656697746,959.0700715271653,3081.5475786157194,1549.4816721555055,2768.438051821811,5894.3716429580145,1468.0015887075513,1277.0018326986974,3760.6965557165254,1632.487984243452,3155.901442989175,3860.0964553224917,2129.555536183886,2754.5933865790535,4288.536232882731,2914.670475544388,2894.0477493675517,3327.1355529443554,3011.5129129846173,2344.247567122073,6558.570979783916,7114.512974865755,7521.130811032214,2329.9654261769942,5609.251166508448,3428.2236413863266,3001.400089708111,2326.7812809089646,3517.6444337789767,4844.830425,5547.3411466281095,7237.294170991665,5953.807111580301,1985.7508824729077,3413.2951455792495,4222.2144545943975,2846.0513300960624,5024.363184829152,7179.684834432859,2427.3629366375135,11198.395086952867,10094.211653450673,14105.841236677508,1847.5159945904445,1553.9909205208573,11230.34904081831,16775.288481542408,11401.252519067975,15023.651769212665,7994.996943181388,7068.3877768489765,6983.456302,5393.698373548693,4974.483583291016,9460.640392105473,13062.314405903791,13012.362294407832,13859.28774684349,13393.627137659152,9099.433182,17009.770030964446,7527.033794135794,9567.656767365586,19118.66572,41686.39529171422,26133.444485805274,5572.104326731899,15985.92938826044,37482.21192803826,29745.412863857946,29235.109831488193,22743.48851163463,23069.50230713467,28200.617353771122,22271.183506025198,9883.562804497706,14680.059845239088,13075.88814609865,10528.973169634171
Carcinoma_AGSCC_2_16.csv,8313.394291701667,1972.1313486305223,1480.0584175671186,4027.8153303284553,1608.9041851373556,2900.0493635160615,3242.9635396592084,0,1549.740022983749,3368.649727855131,555.4583121,5533.6002022403445,6607.223691521875,4638.071298644749,4597.616724,3318.3185420538343,2302.6014850102006,3044.1977017662875,3647.7560726943534,5181.170938198027,2917.8626438238175,3196.3652582226205,5443.409654317835,1721.386560175588,883.1929279290018,2802.419995347115,3890.142540916089,3723.725316,6992.266539156257,4851.740975518446,517.7138340580098,1807.4669640615418,5200.950083078503,1284.559247,1076.5446750968686,828.4202487919554,761.4870843529201,247.88298955250545,1069.767956796587,1107.012801413437,3363.417557427331,3901.786813602403,4320.906086608786,1234.3538965983507,2415.9225731647884,3724.1668385156113,5023.6148636721455,1073.1459240790875,6363.638158387999,7506.6798255196145,8460.158085749244,7294.945520661429,6196.554558013305,4903.049022881434,3638.312354313551,5735.887750599412,5477.321242330388,3925.6423898999265,9837.120515,5569.341263,14362.762716237883,13315.258706644936,17304.84261584565,4590.367157,2404.672358622922,8035.079775089951,19256.293243738717,8396.332621294443,17269.339917115045,8363.667403974909,6532.954820852734,5154.300459771572,2907.1190000855995,4870.248519076296,10706.90168332398,15104.337936019327,9843.944347548226,10693.271761240765,10213.459966298838,9217.527067502317,18270.815842936274,5435.566383448025,9673.323835803949,21167.36099394635,42926.94835768347,28630.631989979414,3451.745738,17846.352949935033,38932.82636638603,30905.470336575894,30558.386738217978,24508.21641125942,24401.222240953353,29560.72608240888,24181.885782669888,10056.61584449176,11563.520182228667,9898.379569,7308.408932348485
Carcinoma_AGSCC_2_17.csv,6924.092046836914,1001.7409749964793,1595.7108979736975,2620.8450644720615,1378.017517403651,1878.3549523996894,1836.5697376228486,1549.740022983749,0,1965.2406495014884,1858.436915397834,4941.337895096894,5195.808601846529,3221.6858346993745,3187.2787977779703,1900.2543772192503,3724.377419252848,4478.266007889599,2246.389701413365,3809.497868976128,1572.6592814075582,1831.9020839213126,4556.690472780447,834.0443374,1593.4246380228287,4257.263855390699,2894.276973,2607.9568578395747,5582.320055810503,3436.4944989246574,1751.6827901079653,3151.6774318254816,3833.1662896249873,1833.888281716177,2494.6579322344696,1740.0206743222404,1475.765480728863,1585.649076631141,1771.171627940447,1229.1564945155553,4789.926729082454,5330.849015892949,5738.033819,1858.357600230171,3837.1948975198543,3789.6154855402874,4188.228839552356,1436.5171911570044,5099.523529975223,6340.876846201655,7233.966199801508,7605.801109890937,6473.479054771479,3539.446035162687,3858.3561477400954,5320.015205522139,4323.6371817589625,4825.602751445789,8751.617126131006,4198.038111749574,12960.394516652199,11900.578693577865,15892.606441281438,3352.245651804799,1832.3488224042203,9452.827888042015,18389.42887318815,9865.527709324033,16563.01524111815,8687.279354026468,7256.062981976691,6436.902878038587,4294.892193571396,5356.228477286049,10612.954539628487,14540.080459912739,11264.830023801806,12114.485376488778,11632.300861966238,9624.798059,18165.93844656274,6870.579747353133,10090.904531100776,20621.72982464552,42824.84532672777,27767.371994774945,4871.386494103005,17406.100242636916,38729.47586278214,30870.531826488037,30424.843512450025,24136.88234,24287.18563431995,29393.045607522028,23715.16753939972,10467.520361314177,12993.085011048404,11318.52522950827,8725.643425371594
Carcinoma_AGSCC_2_18.csv,5058.031337508523,1451.2037032437847,2441.631035248837,741.7777630759358,2122.009187303308,851.9235516287218,276.5681561435435,3368.649727855131,1965.2406495014884,0,3343.5903099260545,3621.7151457151017,3255.0616088998877,1321.567056668645,1313.676348555917,577.6477663235083,5636.6871947012005,6361.791672544767,480.7046470015018,1965.503100118012,635.0989067753607,960.7739285517205,3034.736892783048,1681.5358537043712,2927.9249299396765,6040.512583579085,1417.9631875379753,1219.2329992317589,3636.537792864677,1517.5472658301337,3302.6888675670516,4026.781462627608,2040.725931669886,2930.8706542853315,4414.3457095691465,3084.1949591378298,3041.047685,3452.8016683893097,3168.1957209243988,2486.1081632276623,6696.679053204296,7249.6011227949875,7662.1880972769795,2507.1105353782364,5748.490034933539,3414.1535157639473,2946.368529529442,2456.1009442710797,3461.1583645526525,4795.528886373465,5472.785369925467,7223.830474,5922.276129425923,1922.8533980061104,3397.7932209957703,4157.963371647786,2784.9305150786927,5051.093245692225,7124.676686037951,2366.6515446553713,11080.359135056111,9983.833628523957,13995.351619113533,1800.789333549017,1626.6490023119195,11371.063715884782,16698.078026831125,11546.172452868144,14965.131912088289,7951.4450956120245,7051.146602035876,7107.987268838186,5564.010685728487,4959.480892525938,9404.771082189432,13002.301846678956,13160.197324260133,14007.171009084312,13537.894359462685,9059.498407301186,16950.563874491563,7624.919405690768,9528.145523130697,19055.63107827473,41610.49209883401,26058.45178693478,5701.6396729756425,15935.19516028421,37411.277823752884,29681.39476170362,29172.261004382734,22690.052082550043,23011.13582122516,28135.81041856174,22214.493874571603,9841.070736,14830.66795855739,13220.446872295935,10665.327305820689
Carcinoma_AGSCC_2_19.csv,8204.197060024277,1972.5016432369523,1305.258619915463,3994.4019936894842,1500.7018080609369,2825.7788599627997,3205.5773770924434,555.4583121,1858.436915397834,3343.5903099260545,0,5341.897821617025,6558.5264014143495,4624.107902890697,4569.810524464736,3315.8025645692396,2311.0475638154353,3037.467076809419,3594.1407927659675,5101.193670065138,2854.793450500656,3135.134661460323,5254.569150754131,1697.0119439198347,701.4668970964052,2717.0821343920215,3735.590056715935,3613.842759630664,6942.872263304574,4813.457459896943,378.5966113165773,1315.1627258019705,5092.800162915746,1018.7895509157781,1165.2425373177434,574.9646047589076,651.5079973,542.6292018,808.7780073056217,961.9617094747587,3373.984409222263,3929.2203699774227,4337.274356260577,1002.5970105474793,2423.8434530585205,3473.0694722934672,4883.969798656051,950.3853557407404,6251.043673309451,7403.206687690634,8314.950715986235,6849.345353048197,5752.811950388408,4815.960951816994,3180.078553602874,5543.638101,5341.580073186798,3405.7927693549436,9675.755240249722,5496.037033391381,14255.486740134886,13230.075864883687,17202.048754188283,4508.191472,2292.882673143674,8046.556416697467,19035.15810315056,8272.081097693192,17025.199708540542,7906.240224328284,5996.672227,4662.767641996184,2453.5637434469604,4399.079980301862,10294.232738452089,14847.946605765528,9836.505028613632,10683.74315855455,10213.004917902295,8749.339151,17876.26193416104,5013.762926529729,9207.188883479015,20853.444131045308,42535.45168541466,28406.627267847558,3018.2959282428324,17525.56524399766,38540.38966209456,30502.215826022897,30165.425675950162,24147.41671413682,23985.915468671374,29167.94032227029,23840.617037304244,9587.696201595109,11531.075165778444,9895.354014,7346.588320841279
Carcinoma_AGSCC_2_2.csv,3301.1022924480762,3962.394063506135,4089.083888936933,3355.5957292701532,4158.839540463804,3081.4912571460404,3684.6226008702643,5533.6002022403445,4941.337895096894,3621.7151457151017,5341.897821617025,0,4333.414734854695,3876.430327316264,4038.4400774033916,4168.813519790379,7296.340467619063,7903.204877815569,3455.004955072679,3160.1111551674944,3663.9583721736453,3271.642882132839,1244.0306995739481,4197.630027845477,4661.605088586704,7680.028424669786,2271.3226573757147,2412.8507223664524,4149.575483440853,4397.172064830988,5172.768585514877,4688.240216177187,2021.5524454874255,4464.270829591288,6407.938515445047,4837.153099619318,4888.833652,5538.512827795784,4695.8260769648505,4506.308982,8338.002383841038,8908.700679382488,9185.700337919665,4508.427348144279,7390.411717970222,2085.440953052006,815.9259249555134,4531.103525954924,1834.9512680738967,2650.0661860549562,3322.366946146933,4631.1091131425555,2910.7989547622483,1840.2048994636416,2676.8045308332407,956.7065953791257,1039.2144196730728,4223.672989075261,4511.834024258242,1957.7536529274637,9244.908338614183,8426.629447903935,12196.256751204077,1886.2019734807948,3271.0177552321848,12848.275327185154,13820.290098182008,12516.242427993835,11779.83190297303,4540.777421494974,5332.493277611998,7740.820863418957,6810.842994060052,3044.3852372197516,5789.530737866315,9650.840549936162,14424.610529725971,15271.19697755594,14895.533117689452,5830.259604954404,13370.220349403946,6961.999320040328,6293.270610004367,15781.230285475442,38211.07610598075,23283.069877175243,6498.380508427663,12540.736858258893,34005.696802371145,26137.83535197173,25748.986093053118,19318.672996335907,19444.780037092627,24736.857840888882,18957.03018495092,6466.785354831398,15886.55305874706,14591.155904298004,12266.398375341365
Carcinoma_AGSCC_2_20.csv,3322.1740553688323,4677.082095985161,5500.166603411287,2596.532084803535,5233.428130283329,3746.785141307823,3377.0111305174355,6607.223691521875,5195.808601846529,3255.0616088998877,6558.5264014143495,4333.414734854695,0,2026.0514878800564,2036.3179827466906,3348.4708012286387,8845.148322,9565.695762391575,2978.5824726371293,1521.3669076834112,3745.5628136112373,3538.945656858209,3398.390992,4907.433374,6073.852474,9243.396514263208,2931.022231828056,3116.070862320966,529.6158164263106,1783.9804387852316,6493.965555903717,6764.874055570272,2495.295107760381,6071.613041549215,7650.574379616718,6198.937885218384,6213.705485,6691.323375423538,6333.757071036868,5686.067886079779,9915.047690809384,10475.99742954163,10870.704873728508,5638.616243545601,8966.126294565664,5187.502799139836,3858.1005676691875,5689.859801829055,3206.8967019894367,4207.522894040715,4045.0710954098313,8767.078562519418,7203.419284068927,2996.904029843348,5102.716424208698,4624.173428068585,3677.728703756041,7361.657006532574,5962.310895434512,2421.305768806904,8025.507415019315,6772.891491405647,10796.625571287648,2905.1389856244655,4373.583884521639,14577.833426094898,14768.088665928113,14623.098616019295,13333.808539036901,8768.660548719217,8735.170746655363,9911.743813187919,8672.338581106866,6564.720146466776,9000.017929,11659.594798610986,16338.032487880846,17184.827981828465,16729.900281748498,10115.15618398466,16474.53680676253,10125.160958682067,10580.60240622941,17457.776271370873,40767.54523741764,23846.37800391976,8384.811315302759,14747.144549905182,36378.92654292231,29070.70643195256,28432.58336377981,21416.46326995989,22270.269635314977,27387.722915470426,20813.250569259093,10678.511244861467,17958.70444215729,16412.631955445355,13888.92980409185
Carcinoma_AGSCC_2_21.csv,4155.9724276677725,2726.094234819673,3712.2356091805823,1001.1516142753705,3415.134727367825,2094.6605488678024,1480.565982274113,4638.071298644749,3221.6858346993745,1321.567056668645,4624.107902890697,3876.430327316264,2026.0514878800564,0,397.81799095884566,1365.3078246646767,6909.456560583903,7635.950720779845,1075.0613526017878,1144.4860439277554,1904.6555020925102,2167.628680305082,2903.414527,2954.708162845843,4224.646560054237,7317.883461557386,1886.7779169715263,1911.5589650173106,2390.7568640672785,705.2525123122598,4581.046100330492,5274.916677970842,1897.6659517875705,4219.614803332488,5687.161902496059,4375.121657003255,4330.258358581011,4724.276907476939,4457.865576778105,3763.060575582842,7970.936016172947,8523.970237926165,8935.743359477818,3760.830313784711,7021.809455038257,4332.314442,3362.947310256233,3730.5165023032723,3211.6231654645535,4490.4516886944875,4823.236489,8059.229508359911,6594.759062836642,2214.1967236871014,4265.684994334453,4350.511844720778,3044.0397314736138,6261.5962051185925,6543.136031810339,2066.476004376414,9939.091492477202,8775.865108836397,12806.33570450172,2095.554346615252,2878.5532564596206,12644.778775538756,15984.89607384629,12826.199679176885,14365.192391162955,8400.279291167542,7950.62077,8352.537967,6850.1397138904995,5792.747546,9290.544265502545,12472.895736769595,14436.052273500925,15283.16702856375,14813.785219337338,9632.580061745639,16833.34934647638,8880.916551,10107.343683266212,18482.78749391675,41396.54453927562,25255.95071201456,6955.676013864011,15492.773139324434,37103.386540445754,29526.79215309538,28958.489057435247,22236.951473783403,22770.02071831191,27913.963058124435,21703.736080042854,10331.29271131363,16104.548915658092,14496.420542689882,11939.552783645866
Carcinoma_AGSCC_2_22.csv,4187.038943622951,2677.373577977741,3705.8720185214725,991.9715084747767,3387.3825670849815,2068.151627561983,1486.2412353675309,4597.616724,3187.2787977779703,1313.676348555917,4569.810524464736,4038.4400774033916,2036.3179827466906,397.81799095884566,0,1388.7126342062795,6854.04941,7578.205192596644,1026.680829749586,1209.3852940329182,1872.752362937489,2136.939343770224,3071.3035696803927,2901.1503531713624,4178.021927032927,7258.493442939454,1940.6503823651549,1889.8065613017743,2404.0603304710257,528.2938754054268,4521.040775437501,5276.717315398477,2059.5942272438742,4182.5032433760325,5636.640130983219,4345.850005,4280.527775963295,4680.468143522371,4402.917441925134,3707.583865360648,7915.438613630127,8470.969986,8879.180354400047,3791.4144774716956,6966.809548,4347.906950840735,3526.2573730630943,3686.0616366351533,3383.7811093255286,4654.776174459367,4915.865565845306,8114.783975663566,6707.162132572046,2420.6561298113274,4298.334387525372,4516.947141465776,3225.423237,6235.707774116755,6644.463240679203,2282.531705163845,9908.423496,8771.610339815341,12789.528450958498,2242.3378565990834,2866.612614022632,12588.652449322231,16008.530208353388,12762.325931072102,14439.945192904335,8558.851511,7979.334016940932,8334.099888752922,6824.132663102305,5833.0977287425385,9447.046689,12569.301855212672,14375.381409094465,15222.207058074271,14754.68698742661,9772.791506,16984.009253991448,8849.127567136084,10253.08436337703,18556.203327675667,41511.13044803264,25283.144063513926,6940.907817369121,15594.422081473116,37200.707243214936,29670.61030868225,29093.121408620358,22327.30622734741,22897.932564235944,28044.09916322986,21791.01852117232,10488.93057296109,16042.705512545734,14436.399791288706,11888.856450135785
Carcinoma_AGSCC_2_23.csv,5326.143369624161,1420.0191317046426,2497.03967,1079.7789487984837,2169.2414591738398,1321.9388169238393,528.3107458879425,3318.3185420538343,1900.2543772192503,577.6477663235083,3315.8025645692396,4168.813519790379,3348.4708012286387,1365.3078246646767,1388.7126342062795,0,5600.907760119212,6331.620951720415,819.5434519681565,2313.5877718442753,678.7051255123001,1340.5335419520197,3522.019393293213,1673.1892972962642,2931.9703737195437,6014.953003,1926.6148731972048,1766.4944880332237,3721.137095951325,1585.3463251592334,3291.0943470135194,4168.8228428448665,2479.068918641339,2960.8958089866137,4371.011184637529,3109.253044483513,3018.8816881237035,3404.97309,3154.8686320510215,2478.690547,6659.798309,7209.493944491438,7626.5515594767785,2588.130951460627,5711.890925867663,3905.4752627525386,3508.309110884088,2422.814592778354,3906.1875702448947,5257.981169085741,5885.924034360289,7720.464623736306,6453.097083368928,2345.8577419196718,3896.9558363089377,4706.997465611015,3288.0423830366003,5412.833983,7551.965393,2759.019371430564,11230.111988118353,10088.559387184316,14110.488222555428,2294.0756847380703,1955.7181409890295,11336.61327889585,17107.020184001954,11548.26165230487,15397.480442726684,8504.051184725246,7538.598778081493,7322.034060048023,5607.008344500563,5465.556383138606,9934.160232563681,13447.209928120126,13135.469996649783,13982.97503132656,13510.035602359707,9604.114121,17476.337876884914,7855.397097,10072.016487363242,19494.733033446002,42126.70846895389,26404.338563481677,5887.016390420766,16393.065291483614,37912.245679051026,30204.735274898547,29686.648495982485,23150.171056362808,23522.783205353364,28649.339801342696,22662.966570106953,10390.422352517553,14824.292950708634,13194.072190037423,10622.370540298274
Carcinoma_AGSCC_2_24.csv,10418.978077694816,4190.542825871612,3400.9920879601696,6278.915389372673,3782.344736455375,5110.504761804553,5494.592063,2302.6014850102006,3724.377419252848,5636.6871947012005,2311.0475638154353,7296.340467619063,8845.148322,6909.456560583903,6854.04941,5600.907760119212,0,767.3508469933038,5889.216708549781,7373.002900103493,5144.631838872856,5416.515188793762,7253.811665491195,3966.3258208264015,2810.048549034072,607.8430507796309,5984.571323859832,5870.230891757766,9223.873358325725,7104.774129306139,2364.204621581885,2631.696739741195,7343.368786166825,2855.683041654382,1330.097792482204,2689.108723871905,2654.827598706014,2206.288523675562,2623.793844758059,3174.918710208641,1127.7970061569429,1678.7249052917948,2032.4122237421013,3231.8296862534075,256.1979066910588,5538.043689627957,7099.523403252323,3194.421751634559,8485.416567162969,9625.043060438577,10470.76494918628,8069.054008022006,7298.811169886199,7076.389114715115,4756.716031282981,7564.884736235941,7530.2655763900475,4397.995770178714,11754.481125881846,7763.575881809455,16450.143278060295,15478.37297825131,19403.78184008776,6768.860460777918,4554.273443108132,5742.886820783603,20838.434737759613,6216.7514529688915,18737.90521748734,8877.471099562748,6196.328139945148,4158.185640740391,2077.1781005492517,5177.299127456918,11742.948074556245,16537.47229809286,7548.071072315567,8397.428429114356,7917.049012798315,9571.937993215504,19186.988679965085,3995.6322799329705,10006.989927753912,22443.44919598067,43428.97193636392,30175.006827864752,2114.9959623165714,19137.07874342085,39609.367179178684,31458.287344384913,31268.993112711476,25580.802470773317,25098.742803538935,30335.61399444717,25350.061993249205,10211.964530241577,9285.767374694618,7602.0742359677815,5061.261991935726
Carcinoma_AGSCC_2_25.csv,11090.969213831213,4918.7022870259825,4090.097855,7001.874127443561,4507.747580828166,5832.255236297106,6220.04609,3044.1977017662875,4478.266007889599,6361.791672544767,3037.467076809419,7903.204877815569,9565.695762391575,7635.950720779845,7578.205192596644,6331.620951720415,767.3508469933038,0,6610.334986904898,8087.566332671879,5870.324700805219,6133.606899351248,7863.601928730373,4690.273911758832,3522.5413949339154,395.46318902234077,6687.430865470129,6582.741520353219,9938.495088671923,7830.247563968672,3077.774850438493,3258.190441898133,8038.600816278065,3524.2799884220476,2030.1535078509396,3408.919653790649,3375.8695741434517,2946.2884466736155,3268.463494310172,3894.4736292204548,507.6316279892786,1045.1784024121569,1316.4018389489854,3956.9763098502162,678.0011917272938,6205.018674808658,7780.824842626226,3924.8089018803917,9168.545707,10302.172969964186,11134.774208383911,8442.147178199139,7718.028767057276,7776.914869365317,5267.255338224686,8198.793585158666,8212.891481262468,4941.1084155297285,12379.049101978359,8471.482869981015,17110.60349829049,16163.705264042257,20064.698748507744,7472.412541685433,5265.202766190339,5018.888132931405,21295.51906767708,5483.229323337678,19152.411267928717,9122.420601778858,6318.359266755008,4146.276153920298,2173.6293823068863,5416.349990914962,12049.85635100549,16931.516483380736,6808.26326,7656.907869335617,7182.326447982269,9813.532466525463,19521.215943944968,3706.9209713561054,10226.620917630795,22797.355408731688,43663.740875982265,30591.64187,2129.1791229924456,19509.603700015934,39857.12075927938,31683.751745666217,31546.82061089065,25903.831463954877,25336.978550763524,30624.799659302975,25712.845524269786,10386.730753949745,8540.222166,6864.931722080348,4380.932953998286
Carcinoma_AGSCC_2_26.csv,4742.175397558782,1715.761281,2695.0781549378225,537.1629159082221,2399.718505,1154.3988462800407,576.7431812030308,3647.7560726943534,2246.389701413365,480.7046470015018,3594.1407927659675,3455.004955072679,2978.5824726371293,1075.0613526017878,1026.680829749586,819.5434519681565,5889.216708549781,6610.334986904898,0,1643.2688948757434,891.3617131890057,1269.8883879089901,2718.403654941383,1949.8560053794508,3183.9558008721915,6286.071709121349,1221.619415209238,1172.2129022428287,3364.484463933017,1289.0348354678028,3546.161527873003,4276.971661275122,1737.3074777050967,3192.0485501325657,4684.366863,3349.5821072915132,3292.828979397565,3732.6842549303046,3407.209206,2727.0350003040944,6952.556619673649,7509.7954880925245,7913.429031018255,2815.1671908781045,6002.343949370857,3539.1212933303163,2909.4866433680627,2740.0882705773847,3132.917371704871,4524.802558372374,5162.1293876355685,7326.744074984165,5962.447130187214,1922.402382736061,3495.0837773261765,3990.686266122736,2652.744094361575,5342.559449762967,6792.723624206709,2117.681322003917,10767.930581629793,9688.403219221493,13693.401303398497,1640.8516131969823,1900.1798113694576,11622.902837890433,16364.874012488033,11770.766016065265,14620.014596109108,7910.361353774357,7165.483033118852,7364.466516254741,5822.334051733756,5035.4484167488445,9145.751333,12656.710058796942,13401.90204664805,14248.493320888516,13783.26855452951,9064.023200352996,16701.88822734584,7895.150170223102,9537.102303878353,18712.52357549732,41378.057953213305,25744.73338584755,5967.271092,15594.439124870682,37135.50653926484,29440.92841133302,28914.945868633276,22357.821455755573,22728.714536059433,27883.018096606647,21891.997824428454,9826.077344133022,15060.793068371055,13465.007935542948,10927.46156429641
Carcinoma_AGSCC_2_27.csv,3246.557659660852,3232.7227852194965,4038.539441,1363.2652894823323,3827.781702133551,2298.081426118664,2093.6597263124677,5181.170938198027,3809.497868976128,1965.503100118012,5101.193670065138,3160.1111551674944,1521.3669076834112,1144.4860439277554,1209.3852940329182,2313.5877718442753,7373.002900103493,8087.566332671879,1643.2688948757434,0,2366.0808009066254,2306.887080109453,2194.8793665105027,3497.613373905904,4626.231504662045,7764.949809623017,1563.1117643437024,1758.3533306737331,1864.2168449212215,1521.229538025103,5016.346761834197,5431.731785807995,1411.735928360559,4589.402623744764,6205.978381242458,4760.084229512235,4775.941399902675,5254.667818651023,4856.819210461796,4225.579583,8446.060535750328,9011.244739016534,9394.257146,4208.529315308203,7495.9353837983745,3988.188321486775,2758.3397245943665,4256.902518999993,2352.3004259611694,3632.781060642828,3756.6643376957118,7574.4150687859055,6026.522689791407,2126.162542698522,3876.450493,3546.1185995085275,2591.2968720353592,6143.702100427367,5483.870531622849,1548.3158603925253,9205.548264429895,8159.932319621926,12145.764880095396,1785.6366219868544,2999.418355811825,13100.339946072947,14860.47672686957,13168.430893652347,13236.361292371548,7672.187006273944,7504.423576043265,8458.936803144064,7183.676543817438,5331.8727247857405,8282.133913748316,11364.833875274357,14849.73578578734,15695.763606353503,15245.455913705448,8978.817186230008,15813.837154257757,8843.582122451093,9442.406197601547,17359.55888630791,40354.27582999128,24255.72324491453,7037.888199749481,14397.350200717068,36033.449827142635,28495.07045008537,27921.755432656068,21137.693428762257,21710.23449343415,26871.960157774298,20622.87361005776,9599.483533673614,16471.782496237174,14926.656386179486,12424.34815544463
