,Carcinoma_AGSCC_2_22_linfoides.csv,Stroma_ad_Carcinoma_AGSCC_2_5_linfoides.csv,Carcinoma_AGSCC_2_3_linfoides.csv,Carcinoma_AGSCC_2_40_linfoides.csv,Stroma_ad_Dysplasia_FAAGSCC_13_9_linfoides.csv,Stroma_ad_Carcinoma_AGSCC_2_7_linfoides.csv,Stroma_ad_Carcinoma_FAHNSCC_14_3_linfoides.csv,Carcinoma_AGSCC_2_7_linfoides.csv,Stroma_ad_Carcinoma_AGSCC_2_2_linfoides.csv,Dysplasia-Stroma_FAAGSCC_13_1_linfoides.csv,Carcinoma_AGSCC_2_29_linfoides.csv,Dysplasia-Stroma_FAAGSCC_13_4_linfoides.csv,Stroma_ad_Dysplasia_FAAGSCC_13_2_linfoides.csv,Stroma_ad_Carcinoma_FAHNSCC_14_2_linfoides.csv,Carcinoma_AGSCC_2_28_linfoides.csv,Stroma_ad_Dysplasia_FAAGSCC_13_3_linfoides.csv,Stroma_ad_Dysplasia_FAAGSCC_13_11_linfoides.csv,Carcinoma_FAHNSCC_14_4_linfoides.csv,Stroma_ad_Dysplasia_FAAGSCC_13_5_linfoides.csv,Dysplasia-Stroma_FAAGSCC_13_8_linfoides.csv,Dysplasia-Stroma_FAAGSCC_13_2_linfoides.csv,Stroma_ad_Carcinoma_AGSCC_2_8_linfoides.csv,Carcinoma_AGSCC_2_31_linfoides.csv,Stroma_ad_Carcinoma_AGSCC_2_3_linfoides.csv,Stroma_ad_Carcinoma_AGSCC_2_4_linfoides.csv,Carcinoma_AGSCC_2_35_linfoides.csv,Stroma_ad_Dysplasia_FAAGSCC_13_8_linfoides.csv,Carcinoma_AGSCC_2_23_linfoides.csv,Stroma_ad_Carcinoma_AGSCC_2_1_linfoides.csv,Carcinoma_AGSCC_2_37_linfoides.csv,Stroma_ad_Carcinoma_AGSCC_2_9_linfoides.csv,Stroma_ad_Carcinoma_AGSCC_2_10_linfoides.csv,Dysplasia_FAAGSCC_13_4_linfoides.csv,Carcinoma_AGSCC_2_18_linfoides.csv,Carcinoma_AGSCC_2_38_linfoides.csv,Dysplasia-Stroma_FAAGSCC_13_5_linfoides.csv,Dysplasia-LG_FAHNSCC_15_2_linfoides.csv,Dysplasia-Stroma_FAAGSCC_13_6_linfoides.csv,Carcinoma_AGSCC_2_2_linfoides.csv,Stroma_ad_Carcinoma-Dysplasia_FAHNSCC_14_1_linfoides.csv,Carcinoma_FAHNSCC_14_5_linfoides.csv,Stroma_ad_Carcinoma_FAHNSCC_15_2_linfoides.csv,Stroma_ad_Dysplasia_FAHNSCC_14_2_linfoides.csv,Dysplasia_FAAGSCC_13_3_linfoides.csv,Dysplasia_FAAGSCC_13_1_linfoides.csv,Carcinoma_FAHNSCC_14_2_linfoides.csv,Carcinoma_AGSCC_2_4_linfoides.csv,Carcinoma_AGSCC_2_39_linfoides.csv,Carcinoma_AGSCC_2_36_linfoides.csv,Dysplasia-Stroma_FAAGSCC_13_7_linfoides.csv,Stroma_ad_Dysplasia_FAAGSCC_13_6_linfoides.csv,Dysplasia-HG_FAHNSCC_15_4_linfoides.csv,Stroma_ad_Carcinoma_FAHNSCC_14_1_linfoides.csv,Stroma_ad_Dysplasia-HG_FAHNSCC_15_3_linfoides.csv,Stroma_ad_Dysplasia-HG_FAHNSCC_15_1_linfoides.csv,Carcinoma_FAHNSCC_14_3_linfoides.csv,Stroma_ad_Carcinoma_FAHNSCC_15_1_linfoides.csv,Carcinoma_AGSCC_2_30_linfoides.csv,Dysplasia-Stroma_FAAGSCC_13_3_linfoides.csv,Stroma_ad_Dysplasia_FAHNSCC_14_1_linfoides.csv,Stroma_ad_Dysplasia_FAAGSCC_13_10_linfoides.csv,Carcinoma_FAHNSCC_15_2_linfoides.csv,Carcinoma_AGSCC_2_34_linfoides.csv,Stroma_ad_Dysplasia_FAHNSCC_14_4_linfoides.csv,Carcinoma_AGSCC_2_12_linfoides.csv,Dysplasia_FAAGSCC_13_2_linfoides.csv,Stroma_ad_Dysplasia_FAAGSCC_13_1_linfoides.csv,Stroma_ad_Dysplasia_FAHNSCC_14_3_linfoides.csv,Dysplasia-HG_FAHNSCC_15_2_linfoides.csv,Stroma_ad_Dysplasia_FAAGSCC_13_7_linfoides.csv,Carcinoma_FAHNSCC_15_1_linfoides.csv,Carcinoma_AGSCC_2_14_linfoides.csv,Carcinoma_AGSCC_2_19_linfoides.csv,Stroma_ad_Dysplasia_FAAGSCC_13_4_linfoides.csv,Dysplasia-LG_FAHNSCC_15_1_linfoides.csv,Stroma_ad_Carcinoma_AGSCC_2_6_linfoides.csv,Dysplasia-HG_FAHNSCC_15_3_linfoides.csv,Carcinoma_AGSCC_2_27_linfoides.csv,Stroma_ad_Dysplasia-HG_FAHNSCC_15_2_linfoides.csv,Carcinoma_FAHNSCC_14_1_linfoides.csv,Dysplasia-HG_FAHNSCC_15_1_linfoides.csv
Carcinoma_AGSCC_2_22_linfoides.csv,0.0,6368.874212910382,2379.5489897066736,489.85108555049544,8993.508397571753,6640.439073879149,8287.101598272406,1008.3035746336072,3379.442579981527,5532.706822189855,509.1857483566933,7410.597819123346,5935.1688871862,7883.222129846814,540.3564079256729,7233.533157550893,6966.840645692931,2484.9377221106224,11702.0675331196,4806.315678225809,7347.737342710643,1872.4800336205494,794.3462928001125,3967.410099311918,3460.831732204472,741.1557528141437,17564.885732747225,1123.3426579465226,6354.812115656859,1431.9311339786527,1957.8415297421807,8615.055016543878,2907.554565926039,427.1969419642887,658.1674706514764,5338.40264239517,4995.668830313872,8972.950454281838,417.2973893160193,10731.301809196386,4072.5979687311483,7221.062671004119,7024.411407965751,2341.6647286501334,1654.7607215277003,2506.9610581028364,776.4335888741952,390.8330648879709,718.5597244444459,4219.57449629188,11651.259841582683,4944.7509623032765,9551.921526396787,8110.6517759540775,7819.545795573437,7832.55859194127,7339.43779401369,1125.9271352991425,6222.669190913141,6858.451356230213,11715.568035858936,1973.1814086814745,814.189270685295,6818.04966880294,695.6076514909026,2401.5372761880976,6896.82525365157,7927.706906079769,2503.5585484346902,9999.851113481185,2948.852852145802,262.3773146398388,555.4640222009025,7612.781015345477,5214.827273998211,5185.891624399422,3403.4140731634293,293.33607173771924,9189.258384640305,1859.368417111458,3423.3193704808973
Stroma_ad_Carcinoma_AGSCC_2_5_linfoides.csv,6368.874212910382,0.0,5827.796105834366,6458.281412143576,9731.243333474322,2779.587109080025,6265.970593788755,5787.8596129854395,7033.356119566395,3292.638910372769,6643.986850042178,2257.964652630822,7144.356539249256,5677.918501939121,6057.783359541493,8560.792197793155,1268.4943598809152,5035.501318983542,10168.406225083249,3237.9245550324054,1557.836034083488,7292.638481785109,5784.623958236386,6706.456235979612,5055.423992754012,5786.287529607762,11897.163886582171,5444.741435575522,7116.364989718703,5820.136821351538,7170.697404271622,5542.600014973668,5591.1281567865435,6095.298586599648,5858.464401854145,2379.058743759434,2544.923486679501,2964.7881922650345,6166.0572917002555,9124.03662710745,3879.9879670202176,8289.621433552587,4494.70599515908,6280.275116504709,6592.083151684298,5476.685053504199,6159.006119817582,6122.818292786002,5702.130080179421,4057.0287694159365,8669.578728648223,5824.574633077605,8317.967150767667,7129.437593319154,2009.0767063320882,6025.6744849214465,3400.8951308977166,5612.8499191818155,3375.082682087478,4644.44834782997,9783.899520544657,7007.183333039174,6057.350540441586,2811.132896188051,5874.530963107262,7034.719616332166,10038.66230114595,6232.979292299841,5970.367494175089,6493.150647846475,4996.506382280671,6331.109979797841,6040.971722572885,10190.38380067835,3314.270779783795,3096.7689295396767,5602.808794318815,6649.155029069778,4068.9278378206736,5621.160675030322,5163.5404217489895
Carcinoma_AGSCC_2_3_linfoides.csv,2379.5489897066736,5827.796105834366,0.0,2824.5883170557136,6840.323115577411,5290.734134834446,9142.406939432629,1771.6511512484808,1675.5852267429043,3920.2829349883655,2181.2900231484173,6082.957454498469,3815.17292197676,8810.464978436585,2292.26635907841,5564.22595288083,6418.4728348887365,1026.9819477348838,9540.734861227118,3919.4613393301274,6215.188680278389,2021.2974512760063,2041.5818184384539,2124.3738321321025,1588.4362890347818,2452.9761659807737,15453.291774617299,2543.814977435705,4216.199396689805,1327.3097428972108,1825.983845794528,8764.453633884426,1141.3902241898436,2128.278957717017,2154.210668233827,4432.381252924619,3999.935145713957,7540.553019165075,2402.2187530816427,11668.693363451617,2753.9385144722205,5106.246916708547,7906.318403364275,808.8236269224974,1377.5198122156048,953.9960789912035,2192.2121658405417,2092.7710430656107,2361.8525891639065,2494.6901679504313,9548.68393472139,3036.251873299658,10597.056952787188,6027.883023642844,7449.713681655688,7613.533796816355,5710.083750078585,1717.3546192756062,4909.420979098883,5006.686539533363,9594.093826832051,1597.6358767894517,2032.7451127923887,7382.836948502204,2537.272550412669,1781.73250277764,5140.279100080428,8828.83920018935,584.4375247781956,7780.356427161886,1178.8141680397573,2570.245452364244,1961.3975585224757,5815.320977981784,3641.1515081691978,4240.200431550093,1509.356619327569,2495.0468029803264,8004.672316481953,1146.4177682754316,1634.7834101545855
Carcinoma_AGSCC_2_40_linfoides.csv,489.85108555049544,6458.281412143576,2824.5883170557136,0.0,9421.412361230668,6697.6798602342815,8180.873146639194,1456.0199809665917,3867.6304917581538,5732.080582024283,970.9271921735779,7469.408212643055,6417.176825152721,7776.963889284636,532.3219579773036,7383.941167872609,6916.759160537191,2770.995548607831,12114.118327686205,4950.191749433325,7415.532617468714,2336.25497194492,807.6534251287303,4306.526174226264,3670.422852677039,672.2870531527511,17937.78561394322,1017.0676314175573,6793.7305138717265,1785.480294559946,2440.24083676362,8614.045491857409,3250.772983625378,704.5682730942206,987.9578264866864,5423.235927161699,5069.271801859657,9056.119445233582,424.1418489742345,10625.08154749768,4120.550709619338,7681.707267342753,6918.192189269384,2771.86935495832,2135.6247749487584,2709.0294275887527,1136.9208075968004,799.8974504591258,764.3383009818489,4490.071383660376,11972.97780141084,5106.730306992552,9445.703347612005,8411.051433326787,7716.014755925879,7940.0689172587,7663.938417061735,1303.8251454038198,6437.973691563002,6989.527624458335,12011.393820977943,2426.6424947242217,1097.0896249533243,6711.809431144331,583.9086957612568,2870.0552003414296,7023.242313117079,7821.488259573374,2976.8909022656167,10473.156878160944,3366.18754577699,254.34286469146946,886.2293836600759,8101.392982956184,5469.31731386712,5167.753998849415,3879.362541792344,580.8856548517256,9260.14350855555,2173.704825557545,3691.088636650382
Stroma_ad_Dysplasia_FAAGSCC_13_9_linfoides.csv,8993.508397571753,9731.243333474322,6840.323115577411,9421.412361230668,0.0,7801.102188187784,14626.270340684592,8394.40315163071,5853.3752512414085,6541.49596856683,8880.407797687985,9189.018189249511,3245.765596212272,14237.75454950343,8889.090403253364,7744.132968024872,10514.497594403785,6863.807101570758,4716.655703438613,6949.565230814713,9386.852761340246,7876.633468849676,8639.889642739045,5357.889643356105,6011.994760577,8911.204301826505,12577.897529382888,8829.144270938063,3132.6268366935237,7671.709763068458,7909.586869047764,13767.32154308414,6861.136924940936,8718.296623606386,8520.286283859401,7389.8927035470515,7271.5720487192575,9472.987503693066,8998.544543061402,17226.239542942352,6177.086659029542,3019.416226934594,13203.122290197914,6700.603262100323,7804.923831219573,6934.995671751769,8801.120249069096,8624.620389848978,8821.869895674268,5853.6677018220325,6770.034861280819,4753.524759366905,16261.940287460571,3394.79519385772,11291.129169961181,13129.37176946573,7569.45785068552,8134.02856773467,6980.621821879205,5696.391793891521,5946.111286121832,7578.556295678934,8660.513139541861,12246.000513615776,8997.866866122908,7672.804375237256,6624.623213492537,14387.633980880064,6600.108002327594,5218.2533813511145,6250.655495190606,9167.069496539198,8542.432859395101,5644.623859610642,6499.714152561599,6951.970761465106,6013.987134032701,9285.800055027581,10010.673853296803,7437.912119533652,6221.074054048372
Stroma_ad_Carcinoma_AGSCC_2_7_linfoides.csv,6640.439073879149,2779.587109080025,5290.734134834446,6697.6798602342815,7801.102188187784,0.0,7157.239431790699,5961.321112366481,5852.660347492603,2042.2947040887952,6854.568095909503,1986.031509245248,5357.538471496111,6734.207076105715,6329.423470631316,7637.730100524788,2986.718801480463,4612.271212476803,9061.97537291003,2790.8108862994013,1960.29265188297,7217.095698767523,6057.103018205368,5159.72303518986,3957.947567501819,6026.023222878901,12075.973033905659,5701.583390855672,5178.035487732547,5768.656171517655,7025.693616875786,6227.66330667462,4862.61720327521,6288.955153840796,6051.420103877268,1799.8616779344186,2326.1621251842635,3545.507439128095,6437.858260828739,9889.546314397387,2716.624409255013,6354.78543551414,5631.160089277137,5572.096150973191,6440.490900345738,4762.071417266096,6431.620583101883,6317.7435856014645,5944.259530301267,3058.74026167602,8064.466506255879,4002.725304090887,8966.498245696428,5399.656016154217,4564.070092846774,6230.823850895241,3395.3027676020215,5628.494987692249,2640.730639396357,3227.7192583457945,8528.20423023278,6797.166736666585,6264.204030776368,4607.754098512262,6113.8173710568135,6894.543098021104,8834.753377396672,7007.538503447477,5090.04479138806,6040.118985196059,4302.351645194481,6570.508427888547,6234.338914639637,9053.063427897276,2031.8242178359208,2232.513701433109,4740.777865361119,6920.795140159598,4866.366488480476,5198.685361215181,3998.8429949689253
Stroma_ad_Carcinoma_FAHNSCC_14_3_linfoides.csv,8287.101598272406,6265.970593788755,9142.406939432629,8180.873146639194,14626.270340684592,7157.239431790699,0.0,7962.236488163913,10639.63521354462,8718.847836688468,8556.443223384607,5969.716073129482,11871.126005750602,770.1177147307203,7914.712167650538,12617.745095468423,5231.540034023228,8466.418579308862,16072.37282473411,8767.657669066171,6245.530246304165,9619.558815718694,7648.946647629255,10593.592342802769,9157.350310164566,7644.153862545222,16396.095299144028,7164.847229295652,12040.793444935838,8620.294671221327,9855.171223669195,1458.8962932298073,8654.483318856514,8090.195578730059,7994.053044952391,7805.599814365466,8150.837363665605,8573.329636751938,7955.533189447237,2967.299255474532,8523.076260228712,13132.952969666903,1964.7658636096955,9362.554183564482,9330.170159256231,8824.321389626644,7946.582621493842,8073.515291717685,7733.518605684068,8905.0451720326,14766.640557336901,10294.513621824763,2231.567365250681,12510.957602083427,7077.714170222589,2853.3756982693303,9493.406946767309,8251.636090213096,9226.093469198386,10258.061951459596,15571.465360812905,9667.628277354654,8076.983332051948,3686.420847560552,7597.003175007739,9955.525687816189,13680.709499915069,694.7087254867822,9438.734283278654,12417.982656998722,8814.548254412928,8053.701714293453,8278.102205367555,14212.536086410459,8683.370633452656,8551.886819044934,9662.249558077456,8439.326674029297,10020.631950074321,8611.68921121083,8864.389872838115
Carcinoma_AGSCC_2_7_linfoides.csv,1008.3035746336072,5787.8596129854395,1771.6511512484808,1456.0199809665917,8394.40315163071,5961.321112366481,7962.236488163913,0.0,3204.6539433338003,4721.409868708686,923.1544165099664,6735.062070288635,5369.195354465593,7552.849903695828,1080.13976181558,6637.356892226565,6410.043912391769,2033.431356507226,10981.259313571962,4177.658747078793,6731.684475129219,1781.4290007834422,895.2977516074736,3776.561070677232,2999.1770741128275,1239.4634157793535,16730.21771534779,1014.3244893535469,5801.736597265906,1449.0531487731052,2113.7909089028913,8129.056894375748,2130.783462796013,982.210710237327,1057.4764462763374,4753.685055316547,4397.893782120623,8294.760357664303,1032.271106287214,10417.598923369374,3382.3123921163815,6521.265589642541,6721.033350080173,2129.058710845171,1600.2780262619292,2166.2129173082794,720.9416613554043,886.5236246411527,1188.9204517185922,3477.3883801571365,10848.79906810101,4388.239610042991,9265.207942216499,7353.527544150698,7320.103729319179,7261.7387906412205,6530.715314694924,1192.1773771679382,5567.08824144987,6035.031229662052,10917.516044809305,1884.2074233284422,632.0867653989062,6457.448897643806,1322.1352625420736,2445.44544623245,6386.398808653355,7597.109301760854,2160.2446797144116,9107.548896750151,2314.161648362483,1201.6771162751222,767.0652845219954,7216.670185089388,4393.4201516825415,4611.697355382234,2859.2570081643516,1133.5010635864978,8511.477773571025,1687.8682530436743,2675.84266169224
Stroma_ad_Carcinoma_AGSCC_2_2_linfoides.csv,3379.442579981527,7033.356119566395,1675.5852267429043,3867.6304917581538,5853.3752512414085,5852.660347492603,10639.63521354462,3204.6539433338003,0.0,4458.722142249184,3121.5624795327635,6684.8542512265585,2973.7903041598306,10309.614936406679,3353.928275975276,5085.90969897139,7618.3801783586305,2382.9880324612377,8573.348320866899,4781.300790594083,7188.518713680293,2464.4899966170888,3341.4279336974405,1276.1589515794708,2198.892500420898,3546.9864472770205,14575.169598294673,3961.6861414977466,3446.582243417007,2469.391941940872,2406.26882685911,10220.594215811716,2202.7458237566643,3177.9378786496595,3218.534143220357,5331.450376480235,4819.780120555836,7970.757786407467,3445.714557366543,13167.769111431926,3572.5673848503784,4167.047050354245,9405.263981905246,1539.1662816781243,2090.758364987997,1927.2462904713852,3667.8619216210836,3083.9124690766757,3461.863964870834,3345.6464838065776,8832.669661528756,2661.72837258687,12086.117520766054,5275.9344403813975,8647.65338951407,9052.928174758332,6261.363584715467,2752.684140403817,5438.9709216007495,4967.284149725043,8882.052085001267,2067.8133383290337,3470.137952969223,8854.090736774235,3637.697901326568,2387.771233303073,4232.603584780751,10325.06688037536,1420.7172363797126,6922.302300317142,2222.3453295891563,3613.2876270666848,3032.1333747063077,5062.431435565572,4176.44415795697,5040.551410151087,1709.1257776543112,3601.0395251709465,8712.866254334656,2227.2077841089003,2044.1564156471284
Dysplasia-Stroma_FAAGSCC_13_1_linfoides.csv,5532.706822189855,3292.638910372769,3920.2829349883655,5732.080582024283,6541.49596856683,2042.2947040887952,8718.847836688468,4721.409868708686,4458.722142249184,0.0,5630.461121961666,2974.9492665741473,4112.619524797261,8270.689324535824,5222.566250934791,6307.1477974475465,4184.989316126159,3232.5602737997087,7527.448228075777,1370.181170403927,3098.1764509240297,5843.604637329833,4951.7511762048025,3870.729073782687,2587.2647676821703,5061.707410029591,12586.76841100394,4724.8638225897885,3918.76442788988,4449.7272190528,5643.5983463356915,7788.232328063001,3502.3409071379115,5127.480194681557,4889.118267339848,1305.2511234108076,1178.68680363441,3782.5883955167146,5331.632305480266,11459.709337984326,1823.4299854762542,5106.026857957311,7155.695400713625,4207.302288387044,5081.386439976903,3393.180487831914,5280.80774497361,5155.039873685382,4974.039906514946,1642.2662776260065,6656.274647583696,2872.1359461293364,10534.455184007627,3970.007141389934,4785.41347143239,7706.602062210702,2374.001021496127,4478.238208587842,1285.1092201642018,1851.2777520743912,6988.959020649356,5429.691923666002,5092.314521596791,5929.743174479877,5148.407339608204,5511.809132863424,7474.469471664087,8577.06101699458,3700.9725838185304,5075.509683744243,2923.0140908190097,5500.545344220625,5001.152265320719,7652.329633287486,717.3748954976967,1182.3313576618652,3402.004636027209,5813.937920463073,4309.709252233046,3818.54841057301,2653.709969868327
Carcinoma_AGSCC_2_29_linfoides.csv,509.1857483566933,6643.986850042178,2181.2900231484173,970.9271921735779,8880.407797687985,6854.568095909503,8556.443223384607,923.1544165099664,3121.5624795327635,5630.461121961666,0.0,7628.658133631371,5824.952356044455,8152.533966030056,672.933589400019,6996.128576699465,7241.9927539483615,2516.2697750647044,11602.46593751587,5036.09353677954,7620.379985034941,1536.4196482448465,948.2650565514457,3957.8380081034543,3529.961460338369,1013.273281101277,17499.38946656218,1392.6377081629776,6328.68510482095,1591.6003153559836,1598.879823549433,8890.23424362961,2915.0766549732734,565.6129420687075,804.303852158336,5613.4899265484155,5253.920097185658,9208.62979883035,601.2595539102689,11000.6516242431,4286.940562391071,7090.985198677617,7293.762266014804,2320.188401584173,1272.4855459777223,2590.43515128208,810.2004480222864,538.6811368936928,971.4800109710382,4256.962163225746,11681.912885034699,5028.458670053116,9821.273424357425,8151.728111264071,8091.584832671299,8086.45459537792,7349.940414943503,1280.413103119056,6457.618051730321,6941.483781799709,11722.645071555984,1631.5071292985253,964.0870492890785,7087.379507889751,959.4787725066772,2149.1506529936637,6589.740671492903,8197.058336318794,2412.5562363174477,9842.484418700382,2900.405316952553,716.5843274821084,631.432898938746,7216.100391578353,5285.336726701494,5460.9112643220615,3105.041613257735,496.70542577258163,9415.606075364905,1942.8425102907017,3472.406455478366
Dysplasia-Stroma_FAAGSCC_13_4_linfoides.csv,7410.597819123346,2257.964652630822,6082.957454498469,7469.408212643055,9189.018189249511,1986.031509245248,5969.716073129482,6735.062070288635,6684.8542512265585,2974.9492665741473,7628.658133631371,0.0,6668.839974430893,5523.647102677216,7099.537357081973,8434.600964961923,1966.1604831662903,5407.856757225838,10161.379636506446,3676.1853637856448,1349.6964259439055,8010.3157648981905,6825.91527347136,6185.265902001332,4806.594865286432,6798.522314336179,11410.519608505718,6456.25164400309,6560.823950256926,6555.645409028457,7804.219973127894,5105.14880196803,5646.38653534401,7063.045191562664,6827.412778511929,2829.2726478657155,2876.8242838306082,3058.744369771066,7207.822408800711,8735.49678367171,3752.9727513005455,7737.793422744486,4422.518056367889,6365.679408961213,7223.3537972486765,5556.414266990619,7202.680182034433,7092.952426089095,6715.60504782683,4032.8365377586338,8880.039587064226,5302.384992676696,7874.309586485752,6702.405554288732,3563.4759272895653,5604.713039998029,3902.6003340985167,6408.278478642159,3489.3828339476427,4378.7105268683445,9637.906300950739,7591.944388966616,7026.027963669611,3476.3704189669,6885.68723407247,7695.70997376415,9707.670021152271,5864.160026893836,5868.6677474223125,6561.384870113643,5085.16326740343,7342.236780297322,7012.37178105288,9900.525555205211,2892.6211518734926,3330.334381617182,5553.484727808061,7690.909026610257,4765.529232092116,5983.900492246629,4833.656840724652
Stroma_ad_Dysplasia_FAAGSCC_13_2_linfoides.csv,5935.1688871862,7144.356539249256,3815.17292197676,6417.176825152721,3245.765596212272,5357.538471496111,11871.126005750602,5369.195354465593,2973.7903041598306,4112.619524797261,5824.952356044455,6668.839974430893,0.0,11484.358582881941,5884.854867175417,5329.232401245152,7850.342517215278,3938.4309640716738,6178.227507348364,4462.004525576251,6870.4863969611415,4889.5422415204,5624.597271823547,2665.0994413761723,3076.518671959546,5957.71541835253,12815.994400943464,5893.158271431571,1973.424214285145,4705.68099572831,4927.764468410548,11018.120293268097,3966.3475483490715,5714.683802334008,5577.787058634477,4945.718512092645,4731.809882167197,7355.077419176293,5995.38142402645,14451.981611253132,3440.4341165367414,2590.1151985286124,10450.48480747445,3797.9872023978846,4811.654789765972,3994.60001264739,5776.246785668661,5628.061782678633,5867.915272033217,3178.0826130033274,7058.203430207758,2294.779075163547,13474.530324951376,3257.8185645569783,8758.065816883196,10293.628862819705,5399.002099705069,5158.179100885207,4760.71186830481,3849.0550943784297,6921.672596885105,4564.903912752033,5614.60242029066,9513.326437691194,6046.142673069302,4686.963900239968,4478.981937516936,11618.531009218126,3590.2004104653784,4972.0885568707945,3369.100732564527,6162.833960461251,5542.504960649335,4717.109797687932,3951.9221884005115,4584.128265944778,3101.3564630576298,6228.337152471711,7918.771457830473,4511.155619914076,3394.9313881227863
Stroma_ad_Carcinoma_FAHNSCC_14_2_linfoides.csv,7883.222129846814,5677.918501939121,8810.464978436585,7776.963889284636,14237.75454950343,6734.207076105715,770.1177147307203,7552.849903695828,10309.614936406679,8270.689324535824,8152.533966030056,5523.647102677216,11484.358582881941,0.0,7510.802910295983,12236.94006265357,4636.982561194503,8116.292417605286,15587.145953126002,8307.76945234309,5684.9782568449,9208.984577163581,7239.714859929569,10257.76563290044,8779.468120927837,7235.161627705433,15754.478942373342,6761.072307605849,11651.117216180062,8290.480221650565,9484.614571113487,1894.0619047909154,8327.796689915122,7686.286321375506,7585.168014223227,7348.689143402751,7680.966996781731,7956.777482405991,7551.636939825641,3573.3607715775483,8130.432331109993,12747.490547453917,1310.6402533737153,9035.846271591729,8966.168646275526,8492.871404998876,7542.892662088074,7664.644161832016,7324.532345849311,8502.12324667528,14235.157798482136,9910.55529985294,2867.6662241486006,12082.312149183603,6457.1596534737055,2790.235339324757,8940.110038148592,7887.3424603494805,8730.216260514944,9806.270588658284,15107.837700167975,9284.591115273292,7671.028351481888,3069.6761800236595,7193.093256891352,9628.034102042984,13334.428603416542,1011.6368903693452,9104.419810978712,11891.347276240691,8452.832021968214,7649.792456938898,7876.005763270469,13838.289200653237,8236.039586767103,8100.923798261902,9293.485375709986,8035.41741667474,9401.655938190845,8285.586013745053,8517.05364734038
Carcinoma_AGSCC_2_28_linfoides.csv,540.3564079256729,6057.783359541493,2292.26635907841,532.3219579773036,8889.090403253364,6329.423470631316,7914.712167650538,1080.13976181558,3353.928275975276,5222.566250934791,672.933589400019,7099.537357081973,5884.854867175417,7510.802910295983,0.0,7619.267991611456,6650.598181548538,2263.234091539466,11581.796369708902,4417.869791456022,7036.661067435965,1856.376973762169,275.33146715142675,3774.2042162489606,3161.8077051843416,406.12607416409935,17405.463655965912,750.9066524289055,6261.408555894423,1713.7418101924657,2204.3279183353134,8304.030753128924,2718.4510256480744,176.56244306705932,455.6358685093828,5027.286436047731,4684.504442948468,8661.916580199026,161.63198384650917,10358.92056850903,3761.3326387523903,7149.385309365449,6652.031210280731,2239.5473969810164,1682.3810168308771,2197.461288279431,965.6605385612578,310.27372675575634,385.2765204703531,3982.2877686283355,11440.655843433537,4656.510792678112,9179.542368623353,7878.729475349483,7449.853776937227,7521.5440455836315,7131.616459084432,771.5031874265162,5911.46064101481,6557.352783948254,11488.43015100858,2138.909918720611,1182.8679215074187,6445.648452155679,317.74771677260503,2709.47910486591,7201.726384707387,7555.327280584722,2444.568944288313,9940.834920183639,2833.865587799687,277.9790932858341,588.0025125599254,7835.460107229408,4936.995355889816,4874.707773821377,3347.04058381504,591.371669528282,8878.233189596142,1647.1160217357215,3190.8099252287625
Stroma_ad_Dysplasia_FAAGSCC_13_3_linfoides.csv,7233.533157550893,8560.792197793155,5564.22595288083,7383.941167872609,7744.132968024872,7637.730100524788,12617.745095468423,6637.356892226565,5085.90969897139,6307.1477974475465,6996.128576699465,8434.600964961923,5329.232401245152,12236.94006265357,7619.267991611456,0.0,9135.108134069338,5877.845150558811,10698.236274648832,6780.771116056784,8799.082510647211,5937.506741241963,7355.091385538096,5807.689310652594,5378.697956182827,7811.868444424849,16579.300906745953,7484.0003620846865,6581.427502123927,6157.039983605368,5558.715413460365,11871.016582978566,5567.598340507123,7465.455997906794,7434.987792731115,7014.971708458155,6622.044956192917,9773.449322949633,7524.291713135868,15171.205250079012,5680.558143182051,7084.528360192347,11268.063876169661,5824.04568053227,5998.844618787068,5997.214954011233,6784.244973801995,7340.8870008139,7721.855018746858,5529.765094392754,10965.224660829677,5921.208583299049,14183.303475174715,7606.771996858454,10161.1799418923,11048.510084703921,8073.100932683873,6996.254786416395,7364.8419531013715,7129.170507736408,11164.074313284094,5682.084458886645,6608.2387352629175,10510.127900303109,7896.097390808228,5178.894380333657,2488.4347615757606,12347.80738347569,5407.805227107825,8754.194223419057,5232.825846792403,7487.090362253562,7120.479981505554,3706.440825919327,6029.197371310003,6846.51469817048,4791.123943838565,7117.927914638333,10484.557413217695,6432.672986533268,5186.638331340923
Stroma_ad_Dysplasia_FAAGSCC_13_11_linfoides.csv,6966.840645692931,1268.4943598809152,6418.4728348887365,6916.759160537191,10514.497594403785,2986.718801480463,5231.540034023228,6410.043912391769,7618.3801783586305,4184.989316126159,7241.9927539483615,1966.1604831662903,7850.342517215278,4636.982561194503,6650.598181548538,9135.108134069338,0.0,5644.054486871011,11179.352771011554,4116.202609691659,1300.2172532787667,7925.404745170926,6378.588195647879,7323.480912734895,5665.476985776221,6247.148134421027,11788.12688795099,5903.203317226058,7903.611592926047,6410.731217835374,7761.408274082772,4610.9068090573455,6184.195111357913,6706.503313558065,6483.317660329919,3243.3720937168264,3487.058825902099,3479.70211907257,6691.5639798407055,8095.636342806595,4543.096229156516,9063.166502942837,3455.1391862902406,6868.059715142287,7179.498075404978,6062.59648017615,6683.930201563934,6724.184325583716,6274.418266961324,4761.335009066702,9698.974156455146,6511.294365371241,7319.035676944442,8058.980745169197,2437.4050178067514,5257.86512160352,4392.933490298441,6221.211107254697,4346.920141821908,5626.551625008117,10791.43813613058,7594.685722571367,6681.520228207385,1827.89559401068,6332.880383498956,7630.083379324198,10625.999952583585,5255.479369081083,6527.6033284997375,7493.943684606997,5537.062196112024,6789.587728191455,6666.514326142441,10783.967439421072,4168.834140406834,3951.285873281386,6186.677880139248,7175.212687927298,4941.022914190589,6221.726548089584,5731.680502505357
Carcinoma_FAHNSCC_14_4_linfoides.csv,2484.9377221106224,5035.501318983542,1026.9819477348838,2770.995548607831,6863.807101570758,4612.271212476803,8466.418579308862,2033.431356507226,2382.9880324612377,3232.5602737997087,2516.2697750647044,5407.856757225838,3938.4309640716738,8116.292417605286,2263.234091539466,5877.845150558811,5644.054486871011,0.0,9472.166508237597,3452.808144904642,5519.034595806264,2644.217195807874,2025.4589577246186,2211.5432547732476,1184.1905700543239,2101.439573522138,15544.136580467843,2173.301225045263,4317.006411175774,1346.9553540552918,2478.6429686855213,7971.1191630898065,1284.7665561782312,2094.762557673487,1852.5665613732972,3709.6856799018133,3293.323542264691,6886.021162024495,2372.7195894558777,10984.958094293654,2049.9464301179974,5298.822492262115,7187.60730017877,1361.3240849235558,1886.2731809179822,741.0258518570387,2419.31367530168,2109.2452819208775,2027.1457453925168,1805.1277427673,9351.411817076894,2620.532571865077,9957.148402536997,5717.364634041191,6658.936083308686,6826.6988215087995,5248.023886010055,1540.5683923567603,4235.7056732481215,4484.5008189642,9277.673576099878,2234.583280486831,2295.191770526831,6593.304871206051,2187.692964930551,2330.404485071717,5544.217476789146,8162.853537878876,1218.8481148477892,7963.378637113611,879.5851961961152,2541.2131848253002,1952.648116156626,6126.065130084949,3056.2371737923195,3541.0646696042195,1754.4247987827655,2777.925623268206,7316.18441588691,766.099985211694,1175.9258967029336
Stroma_ad_Dysplasia_FAAGSCC_13_5_linfoides.csv,11702.0675331196,10168.406225083249,9540.734861227118,12114.118327686205,4716.655703438613,9061.97537291003,16072.37282473411,10981.259313571962,8573.348320866899,7527.448228075777,11602.46593751587,10161.379636506446,6178.227507348364,15587.145953126002,11581.796369708902,10698.236274648832,11179.352771011554,9472.166508237597,0.0,7569.482458770381,10025.179542029733,10753.46033596492,11316.285643040852,7979.165077241932,8589.147658386733,11537.036198975225,8281.224335596202,11361.692916764963,5480.562635420599,10365.27480189777,10791.606730686597,15147.333632908749,9306.684008508417,11417.026283908,11159.1169425112,8346.245650869278,7990.193757190282,8701.586030188442,11690.283704009396,18854.5920648021,8409.772639055398,4802.345191789164,14438.225769670551,9381.043293204122,10565.681554477567,9536.369190367355,11478.610269661067,11324.100553883407,11446.677019807745,7870.5575484604105,2717.2179869204906,7193.397365382996,17962.184401462033,4091.8941923414136,10950.88016358112,15133.566860797775,6968.880618528604,10815.39667948555,6936.83126476242,5959.035536328865,1922.2009330252786,10377.862011162497,11322.622318493966,12908.355072873508,11624.36700891801,10547.831112636295,10301.818851039934,15958.48264890424,9293.877374668917,4100.1130972987185,8856.171968567849,11859.775462994736,11241.233116760015,10099.777871441658,7568.374976589614,7723.563986865442,8735.880920641275,11995.162812277029,8627.435574374293,10063.351668289335,8630.664522042212
Dysplasia-Stroma_FAAGSCC_13_8_linfoides.csv,4806.315678225809,3237.9245550324054,3919.4613393301274,4950.191749433325,6949.565230814713,2790.8108862994013,8767.657669066171,4177.658747078793,4781.300790594083,1370.181170403927,5036.09353677954,3676.1853637856448,4462.004525576251,8307.76945234309,4417.869791456022,6780.771116056784,4116.202609691659,3452.808144904642,7569.482458770381,0.0,3312.9896418729136,5670.649121014328,4147.584671177347,4436.333313172057,2988.7652424306457,4490.431590118426,13176.50213033949,4175.624653317686,4241.498387060979,4294.943957840169,5484.101097694309,7873.817686688057,3957.98895917552,4470.480594710832,4402.850442970208,1250.3621800992753,1044.0214493505664,4397.1430228897425,4526.6732858918795,11527.332197535949,1817.2716800743462,5466.81399913221,7183.961866875231,4368.872040308353,4898.7445092738435,3743.9322261438774,4527.744684878944,4498.629687812302,4506.642180318318,1873.0514687394818,7116.370015965482,3463.4276061062237,10613.507121441384,4403.731297120976,4458.6375923613205,7922.283273342475,2809.3656702592634,3967.0561542492496,1614.2485746233333,2332.752236938784,7209.863927397167,5311.274288795496,4450.096164633296,5824.165313507213,4573.094766196931,5319.412873385319,7857.942435448815,8637.803465599824,3894.0796787347704,5651.658098666343,3083.7260425678523,4695.848884741856,4478.206820689262,7983.571326290092,1382.282630449701,781.7450325247917,3441.5725302962783,5009.241460984303,4540.0872781099715,4051.698548899223,3207.1701731269513
Dysplasia-Stroma_FAAGSCC_13_2_linfoides.csv,7347.737342710643,1557.836034083488,6215.188680278389,7415.532617468714,9386.852761340246,1960.29265188297,6245.530246304165,6731.684475129219,7188.518713680293,3098.1764509240297,7620.379985034941,1349.6964259439055,6870.4863969611415,5684.9782568449,7036.661067435965,8799.082510647211,1300.2172532787667,5519.034595806264,10025.179542029733,3312.9896418729136,0.0,8135.080137243703,6762.743688272709,6675.592847718516,5118.051174223033,6743.540497054199,11127.905336113965,6400.2072402678095,6755.550381282433,6603.338558484326,7922.221342658267,5454.28193596396,5930.4355234052155,7054.767042966232,6819.225597264309,2377.7336223151588,2821.3529555436503,2770.2630088508363,7144.896131240756,9072.823149404461,3790.8712797676735,7928.296493669095,4515.243159280371,6617.523212066619,7337.106003274968,5798.827543766111,7137.571725366772,7084.3583550225085,6652.472279463062,4050.318646287216,8654.588219502632,5590.5019686428295,8233.682731120987,6868.523633665785,3015.50777174299,5891.093687146413,3465.549721985755,6458.82441551531,3259.8327999269686,4450.133859849095,9623.327559732094,7719.509797118236,7017.369537126474,3028.636878521029,6831.652922853627,7765.185042918737,10213.534151985488,6160.037748362636,6223.214476422562,6352.357807699394,5309.439603019155,7288.361185122981,7000.4389044802065,10350.27336371814,3227.366966340579,3063.1169225468375,5736.148859901429,7628.032736964249,4294.420096431687,6115.639819325928,5349.569693694591
Stroma_ad_Carcinoma_AGSCC_2_8_linfoides.csv,1872.4800336205494,7292.638481785109,2021.2974512760063,2336.25497194492,7876.633468849676,7217.095698767523,9619.558815718694,1781.4290007834422,2464.4899966170888,5843.604637329833,1536.4196482448465,8010.3157648981905,4889.5422415204,9208.984577163581,1856.376973762169,5937.506741241963,7925.404745170926,2644.217195807874,10753.46033596492,5670.649121014328,8135.080137243703,0.0,1996.549035304004,3525.8837960319775,3349.5749711424596,2100.610853957234,16913.78298457597,2522.031106956695,5751.611057209779,1882.9768149639547,862.9357567408161,9734.438178325921,2552.161189298591,1733.6147007746958,1814.6799243433882,6234.875299725121,5809.667280120954,9483.974595149191,1933.4613027657945,12066.01444392331,4646.158986705735,6418.429251908439,8355.022609073707,1964.0639261550732,980.5115664511554,2534.4026034686167,2232.144307758588,1620.423657772555,2023.0693645367849,4326.314236556726,11204.986627022749,4839.5303795555965,10888.057435440129,7581.756277690022,8903.283629096393,8797.644994479013,7636.634102522395,1739.8521929456335,6832.591551968265,6872.169224849854,11232.753485401743,799.2225378413328,2149.409160479364,8114.680181436996,2156.481913048775,1393.2289219305987,5578.786958200907,9254.651748237855,2274.409469641343,9174.852144943523,2956.140753358204,2081.912107253451,1646.3575185906343,6107.936401441011,5572.220076593801,6086.072889068124,2753.0457980791907,2030.829410952948,9873.411359991404,2056.1263705757033,3446.895090293921
Carcinoma_AGSCC_2_31_linfoides.csv,794.3462928001125,5784.623958236386,2041.5818184384539,807.6534251287303,8639.889642739045,6057.103018205368,7648.946647629255,895.2977516074736,3341.4279336974405,4951.7511762048025,948.2650565514457,6825.91527347136,5624.597271823547,7239.714859929569,275.33146715142675,7355.091385538096,6378.588195647879,2025.4589577246186,11316.285643040852,4147.584671177347,6762.743688272709,1996.549035304004,0.0,3681.33454853592,2919.0466746275356,631.6987166362006,17135.1577592748,651.3575212828739,5995.957637846818,1554.7171123458781,2344.5972543058797,8029.862477569994,2474.5070179180207,451.8939102184862,638.689272689051,4756.908842573205,4412.381038501588,8388.076165041639,384.4995094221641,10090.256425141164,3497.9405229942954,6897.527811482229,6380.393013687028,2136.373957583523,1808.871136318226,2023.7353477831282,766.1495684355782,484.05200309688365,604.3848426208067,3716.9176731633243,11169.938683893828,4389.3605483938445,8915.245631014353,7612.552174705357,7177.971371949929,7255.7235158513295,6859.771556541127,852.5301707043636,5640.2778358420255,6288.490410319128,11217.777051189816,2171.5950787399365,934.1781402617636,6173.588591055222,552.7570000378938,2640.4417373190436,6957.876151481355,7289.079866025946,2248.011253936358,9668.144271157396,2575.009439744398,553.3105604372608,754.769285927064,7604.291649914043,4664.519277395625,4605.337276529804,3096.890460871976,866.7031366797087,8604.349852323332,1570.708920335435,2938.122906849023
Stroma_ad_Carcinoma_AGSCC_2_3_linfoides.csv,3967.410099311918,6706.456235979612,2124.3738321321025,4306.526174226264,5357.889643356105,5159.72303518986,10593.592342802769,3776.561070677232,1276.1589515794708,3870.729073782687,3957.8380081034543,6185.265902001332,2665.0994413761723,10257.76563290044,3774.2042162489606,5807.689310652594,7323.480912734895,2211.5432547732476,7979.165077241932,4436.333313172057,6675.592847718516,3525.8837960319775,3681.33454853592,0.0,1781.4994118142895,3642.453316398048,14079.92747709795,3969.9606568284353,2870.8612402813296,2756.7061932575175,3451.236325283361,10057.134981169294,2062.8677193747094,3604.9700360623674,3325.6625769666525,4759.72375879152,4375.907465107974,7303.855265016985,3882.8268623023855,13118.668063088595,2997.178740118578,3795.9839185079204,9341.360792110001,1794.9609499805745,3081.067198977584,1878.2909587271286,4230.887212934963,3589.5089972460632,3550.8861668848076,2766.837849325823,7912.521129883106,1576.13633224252,12053.07072506298,4324.47102927267,8334.75808789064,8940.986420965504,5515.233252741939,3025.914689486696,4689.053021964704,3917.1252863823006,7862.398984501594,3119.828414468572,4049.5469115842607,8692.994805319275,3729.8466475379037,3409.0929520790387,4721.709692224271,10279.933761887294,1723.849570227779,6523.433072860038,2092.491568901124,4052.1833095347947,3432.7562275559076,5562.297468409901,3675.301334296085,4400.4040180623715,2081.782079208885,4256.026433171515,7933.529446966242,2231.4520834274986,1797.2905194384284
